# Temp      kappa_abs_P kappa_ext_P kappa_abs_R kappa_ext_R
# [K]       [cm^2/g]    [cm^2/g]    [cm^2/g]    [cm^2/g]
5.00000e+00 1.08272e+00 1.08272e+00 7.10548e-01 7.10548e-01
5.10022e+00 1.11973e+00 1.11973e+00 7.33065e-01 7.33065e-01
5.20246e+00 1.15810e+00 1.15810e+00 7.56333e-01 7.56333e-01
5.30674e+00 1.19787e+00 1.19787e+00 7.80378e-01 7.80379e-01
5.41311e+00 1.23911e+00 1.23911e+00 8.05229e-01 8.05229e-01
5.52162e+00 1.28187e+00 1.28187e+00 8.30914e-01 8.30914e-01
5.63230e+00 1.32621e+00 1.32622e+00 8.57462e-01 8.57463e-01
5.74520e+00 1.37220e+00 1.37220e+00 8.84905e-01 8.84905e-01
5.86036e+00 1.41989e+00 1.41989e+00 9.13274e-01 9.13275e-01
5.97783e+00 1.46936e+00 1.46936e+00 9.42603e-01 9.42603e-01
6.09766e+00 1.52067e+00 1.52068e+00 9.72925e-01 9.72926e-01
6.21988e+00 1.57390e+00 1.57391e+00 1.00428e+00 1.00428e+00
6.34456e+00 1.62913e+00 1.62913e+00 1.03670e+00 1.03670e+00
6.47174e+00 1.68643e+00 1.68643e+00 1.07022e+00 1.07022e+00
6.60146e+00 1.74588e+00 1.74588e+00 1.10489e+00 1.10489e+00
6.73379e+00 1.80757e+00 1.80758e+00 1.14074e+00 1.14074e+00
6.86877e+00 1.87159e+00 1.87160e+00 1.17783e+00 1.17783e+00
7.00645e+00 1.93804e+00 1.93805e+00 1.21618e+00 1.21618e+00
7.14689e+00 2.00701e+00 2.00701e+00 1.25586e+00 1.25586e+00
7.29015e+00 2.07860e+00 2.07860e+00 1.29691e+00 1.29691e+00
7.43628e+00 2.15291e+00 2.15292e+00 1.33937e+00 1.33937e+00
7.58534e+00 2.23006e+00 2.23007e+00 1.38330e+00 1.38331e+00
7.73739e+00 2.31016e+00 2.31017e+00 1.42876e+00 1.42876e+00
7.89249e+00 2.39333e+00 2.39334e+00 1.47580e+00 1.47580e+00
8.05069e+00 2.47969e+00 2.47970e+00 1.52447e+00 1.52447e+00
8.21207e+00 2.56937e+00 2.56938e+00 1.57484e+00 1.57485e+00
8.37668e+00 2.66251e+00 2.66253e+00 1.62698e+00 1.62698e+00
8.54459e+00 2.75925e+00 2.75927e+00 1.68093e+00 1.68093e+00
8.71586e+00 2.85974e+00 2.85975e+00 1.73678e+00 1.73678e+00
8.89057e+00 2.96412e+00 2.96413e+00 1.79459e+00 1.79460e+00
9.06878e+00 3.07256e+00 3.07257e+00 1.85444e+00 1.85444e+00
9.25057e+00 3.18522e+00 3.18523e+00 1.91640e+00 1.91640e+00
9.43599e+00 3.30227e+00 3.30229e+00 1.98055e+00 1.98055e+00
9.62514e+00 3.42390e+00 3.42392e+00 2.04696e+00 2.04697e+00
9.81807e+00 3.55030e+00 3.55032e+00 2.11574e+00 2.11574e+00
1.00149e+01 3.68166e+00 3.68168e+00 2.18696e+00 2.18696e+00
1.02156e+01 3.81818e+00 3.81821e+00 2.26071e+00 2.26071e+00
1.04204e+01 3.96008e+00 3.96011e+00 2.33709e+00 2.33709e+00
1.06293e+01 4.10759e+00 4.10762e+00 2.41620e+00 2.41621e+00
1.08423e+01 4.26093e+00 4.26096e+00 2.49815e+00 2.49815e+00
1.10597e+01 4.42035e+00 4.42038e+00 2.58303e+00 2.58303e+00
1.12814e+01 4.58610e+00 4.58613e+00 2.67096e+00 2.67097e+00
1.15075e+01 4.75844e+00 4.75848e+00 2.76206e+00 2.76206e+00
1.17382e+01 4.93766e+00 4.93770e+00 2.85644e+00 2.85644e+00
1.19734e+01 5.12403e+00 5.12408e+00 2.95423e+00 2.95423e+00
1.22135e+01 5.31787e+00 5.31792e+00 3.05555e+00 3.05556e+00
1.24583e+01 5.51948e+00 5.51954e+00 3.16056e+00 3.16056e+00
1.27080e+01 5.72919e+00 5.72925e+00 3.26937e+00 3.26938e+00
1.29627e+01 5.94734e+00 5.94741e+00 3.38214e+00 3.38215e+00
1.32226e+01 6.17430e+00 6.17437e+00 3.49903e+00 3.49904e+00
1.34876e+01 6.41042e+00 6.41050e+00 3.62018e+00 3.62019e+00
1.37580e+01 6.65611e+00 6.65620e+00 3.74576e+00 3.74577e+00
1.40337e+01 6.91177e+00 6.91186e+00 3.87594e+00 3.87595e+00
1.43150e+01 7.17782e+00 7.17792e+00 4.01090e+00 4.01092e+00
1.46020e+01 7.45470e+00 7.45481e+00 4.15083e+00 4.15084e+00
1.48947e+01 7.74289e+00 7.74300e+00 4.29591e+00 4.29592e+00
1.51933e+01 8.04285e+00 8.04298e+00 4.44634e+00 4.44635e+00
1.54978e+01 8.35511e+00 8.35525e+00 4.60233e+00 4.60235e+00
1.58085e+01 8.68018e+00 8.68033e+00 4.76410e+00 4.76412e+00
1.61253e+01 9.01862e+00 9.01878e+00 4.93186e+00 4.93189e+00
1.64486e+01 9.37101e+00 9.37118e+00 5.10587e+00 5.10589e+00
1.67783e+01 9.73794e+00 9.73813e+00 5.28635e+00 5.28637e+00
1.71146e+01 1.01201e+01 1.01203e+01 5.47355e+00 5.47358e+00
1.74577e+01 1.05180e+01 1.05182e+01 5.66776e+00 5.66778e+00
1.78076e+01 1.09325e+01 1.09327e+01 5.86922e+00 5.86925e+00
1.81645e+01 1.13642e+01 1.13644e+01 6.07824e+00 6.07827e+00
1.85286e+01 1.18139e+01 1.18142e+01 6.29511e+00 6.29514e+00
1.89001e+01 1.22824e+01 1.22827e+01 6.52013e+00 6.52017e+00
1.92789e+01 1.27705e+01 1.27708e+01 6.75363e+00 6.75367e+00
1.96653e+01 1.32790e+01 1.32794e+01 6.99594e+00 6.99599e+00
2.00595e+01 1.38089e+01 1.38093e+01 7.24742e+00 7.24746e+00
2.04616e+01 1.43611e+01 1.43615e+01 7.50841e+00 7.50846e+00
2.08718e+01 1.49366e+01 1.49371e+01 7.77931e+00 7.77936e+00
2.12902e+01 1.55364e+01 1.55369e+01 8.06050e+00 8.06056e+00
2.17169e+01 1.61616e+01 1.61622e+01 8.35239e+00 8.35246e+00
2.21522e+01 1.68133e+01 1.68139e+01 8.65542e+00 8.65548e+00
2.25963e+01 1.74927e+01 1.74934e+01 8.97001e+00 8.97008e+00
2.30492e+01 1.82011e+01 1.82017e+01 9.29664e+00 9.29672e+00
2.35112e+01 1.89396e+01 1.89403e+01 9.63579e+00 9.63587e+00
2.39825e+01 1.97097e+01 1.97105e+01 9.98795e+00 9.98804e+00
2.44632e+01 2.05128e+01 2.05136e+01 1.03537e+01 1.03538e+01
2.49536e+01 2.13503e+01 2.13512e+01 1.07334e+01 1.07335e+01
2.54538e+01 2.22238e+01 2.22248e+01 1.11279e+01 1.11280e+01
2.59640e+01 2.31350e+01 2.31361e+01 1.15376e+01 1.15377e+01
2.64845e+01 2.40854e+01 2.40866e+01 1.19631e+01 1.19632e+01
2.70153e+01 2.50770e+01 2.50782e+01 1.24052e+01 1.24053e+01
2.75569e+01 2.61115e+01 2.61128e+01 1.28644e+01 1.28645e+01
2.81092e+01 2.71908e+01 2.71923e+01 1.33414e+01 1.33416e+01
2.86727e+01 2.83171e+01 2.83188e+01 1.38371e+01 1.38373e+01
2.92474e+01 2.94925e+01 2.94943e+01 1.43521e+01 1.43523e+01
2.98337e+01 3.07192e+01 3.07211e+01 1.48873e+01 1.48875e+01
3.04317e+01 3.19995e+01 3.20016e+01 1.54434e+01 1.54436e+01
3.10417e+01 3.33359e+01 3.33381e+01 1.60213e+01 1.60215e+01
3.16639e+01 3.47310e+01 3.47334e+01 1.66219e+01 1.66221e+01
3.22986e+01 3.61874e+01 3.61900e+01 1.72462e+01 1.72464e+01
3.29461e+01 3.77080e+01 3.77108e+01 1.78950e+01 1.78953e+01
3.36065e+01 3.92957e+01 3.92987e+01 1.85695e+01 1.85698e+01
3.42801e+01 4.09536e+01 4.09569e+01 1.92707e+01 1.92710e+01
3.49672e+01 4.26849e+01 4.26885e+01 1.99996e+01 2.00000e+01
3.56681e+01 4.44931e+01 4.44969e+01 2.07575e+01 2.07579e+01
3.63831e+01 4.63816e+01 4.63858e+01 2.15455e+01 2.15459e+01
3.71124e+01 4.83542e+01 4.83588e+01 2.23648e+01 2.23653e+01
3.78563e+01 5.04148e+01 5.04198e+01 2.32168e+01 2.32173e+01
3.86152e+01 5.25675e+01 5.25728e+01 2.41029e+01 2.41034e+01
3.93892e+01 5.48164e+01 5.48221e+01 2.50244e+01 2.50250e+01
4.01787e+01 5.71660e+01 5.71723e+01 2.59828e+01 2.59834e+01
4.09841e+01 5.96210e+01 5.96277e+01 2.69797e+01 2.69804e+01
4.18056e+01 6.21862e+01 6.21935e+01 2.80167e+01 2.80174e+01
4.26436e+01 6.48666e+01 6.48745e+01 2.90954e+01 2.90961e+01
4.34984e+01 6.76675e+01 6.76760e+01 3.02176e+01 3.02184e+01
4.43703e+01 7.05943e+01 7.06036e+01 3.13851e+01 3.13860e+01
4.52597e+01 7.36528e+01 7.36628e+01 3.25999e+01 3.26008e+01
4.61670e+01 7.68488e+01 7.68596e+01 3.38639e+01 3.38649e+01
4.70924e+01 8.01885e+01 8.02002e+01 3.51792e+01 3.51803e+01
4.80364e+01 8.36781e+01 8.36907e+01 3.65479e+01 3.65491e+01
4.89992e+01 8.73242e+01 8.73378e+01 3.79724e+01 3.79737e+01
4.99814e+01 9.11335e+01 9.11482e+01 3.94550e+01 3.94563e+01
5.09833e+01 9.51129e+01 9.51288e+01 4.09981e+01 4.09995e+01
5.20053e+01 9.92694e+01 9.92866e+01 4.26043e+01 4.26059e+01
5.30477e+01 1.03610e+02 1.03629e+02 4.42763e+01 4.42780e+01
5.41110e+01 1.08143e+02 1.08163e+02 4.60169e+01 4.60187e+01
5.51957e+01 1.12875e+02 1.12896e+02 4.78289e+01 4.78309e+01
5.63021e+01 1.17813e+02 1.17837e+02 4.97155e+01 4.97176e+01
5.74306e+01 1.22966e+02 1.22991e+02 5.16798e+01 5.16821e+01
5.85818e+01 1.28341e+02 1.28368e+02 5.37252e+01 5.37276e+01
5.97561e+01 1.33945e+02 1.33975e+02 5.58549e+01 5.58575e+01
6.09539e+01 1.39787e+02 1.39818e+02 5.80727e+01 5.80755e+01
6.21757e+01 1.45872e+02 1.45906e+02 6.03823e+01 6.03853e+01
6.34220e+01 1.52209e+02 1.52246e+02 6.27875e+01 6.27907e+01
6.46933e+01 1.58805e+02 1.58844e+02 6.52925e+01 6.52960e+01
6.59901e+01 1.65666e+02 1.65708e+02 6.79014e+01 6.79051e+01
6.73129e+01 1.72798e+02 1.72843e+02 7.06187e+01 7.06227e+01
6.86622e+01 1.80208e+02 1.80257e+02 7.34488e+01 7.34531e+01
7.00385e+01 1.87902e+02 1.87953e+02 7.63966e+01 7.64012e+01
7.14424e+01 1.95883e+02 1.95939e+02 7.94669e+01 7.94719e+01
7.28745e+01 2.04157e+02 2.04217e+02 8.26648e+01 8.26702e+01
7.43352e+01 2.12728e+02 2.12792e+02 8.59957e+01 8.60015e+01
7.58253e+01 2.21599e+02 2.21667e+02 8.94650e+01 8.94712e+01
7.73452e+01 2.30772e+02 2.30845e+02 9.30783e+01 9.30850e+01
7.88956e+01 2.40249e+02 2.40328e+02 9.68415e+01 9.68487e+01
8.04770e+01 2.50032e+02 2.50116e+02 1.00761e+02 1.00768e+02
8.20902e+01 2.60121e+02 2.60211e+02 1.04842e+02 1.04850e+02
8.37357e+01 2.70516e+02 2.70611e+02 1.09092e+02 1.09101e+02
8.54141e+01 2.81214e+02 2.81316e+02 1.13517e+02 1.13527e+02
8.71262e+01 2.92215e+02 2.92324e+02 1.18124e+02 1.18134e+02
8.88727e+01 3.03516e+02 3.03632e+02 1.22920e+02 1.22931e+02
9.06541e+01 3.15113e+02 3.15237e+02 1.27912e+02 1.27924e+02
9.24713e+01 3.27002e+02 3.27135e+02 1.33107e+02 1.33120e+02
9.43249e+01 3.39179e+02 3.39320e+02 1.38512e+02 1.38527e+02
9.62156e+01 3.51638e+02 3.51788e+02 1.44136e+02 1.44151e+02
9.81442e+01 3.64373e+02 3.64533e+02 1.49986e+02 1.50002e+02
1.00112e+02 3.77378e+02 3.77549e+02 1.56069e+02 1.56087e+02
1.02118e+02 3.90646e+02 3.90828e+02 1.62393e+02 1.62412e+02
1.04165e+02 4.04171e+02 4.04365e+02 1.68967e+02 1.68988e+02
1.06253e+02 4.17944e+02 4.18151e+02 1.75798e+02 1.75820e+02
1.08383e+02 4.31959e+02 4.32179e+02 1.82893e+02 1.82918e+02
1.10556e+02 4.46208e+02 4.46442e+02 1.90263e+02 1.90289e+02
1.12772e+02 4.60683e+02 4.60931e+02 1.97913e+02 1.97941e+02
1.15032e+02 4.75376e+02 4.75641e+02 2.05852e+02 2.05883e+02
1.17338e+02 4.90280e+02 4.90561e+02 2.14088e+02 2.14121e+02
1.19690e+02 5.05386e+02 5.05686e+02 2.22628e+02 2.22665e+02
1.22089e+02 5.20689e+02 5.21007e+02 2.31481e+02 2.31521e+02
1.24536e+02 5.36179e+02 5.36517e+02 2.40653e+02 2.40696e+02
1.27033e+02 5.51849e+02 5.52209e+02 2.50151e+02 2.50199e+02
1.29579e+02 5.67693e+02 5.68076e+02 2.59983e+02 2.60035e+02
1.32177e+02 5.83703e+02 5.84110e+02 2.70156e+02 2.70212e+02
1.34826e+02 5.99872e+02 6.00304e+02 2.80675e+02 2.80736e+02
1.37529e+02 6.16192e+02 6.16651e+02 2.91546e+02 2.91613e+02
1.40285e+02 6.32657e+02 6.33144e+02 3.02774e+02 3.02848e+02
1.43097e+02 6.49258e+02 6.49775e+02 3.14365e+02 3.14446e+02
1.45966e+02 6.65987e+02 6.66536e+02 3.26323e+02 3.26412e+02
1.48892e+02 6.82837e+02 6.83420e+02 3.38651e+02 3.38748e+02
1.51876e+02 6.99800e+02 7.00417e+02 3.51353e+02 3.51459e+02
1.54920e+02 7.16865e+02 7.17520e+02 3.64429e+02 3.64546e+02
1.58026e+02 7.34023e+02 7.34717e+02 3.77882e+02 3.78011e+02
1.61193e+02 7.51265e+02 7.52000e+02 3.91712e+02 3.91853e+02
1.64425e+02 7.68578e+02 7.69357e+02 4.05917e+02 4.06072e+02
1.67720e+02 7.85951e+02 7.86776e+02 4.20495e+02 4.20666e+02
1.71082e+02 8.03372e+02 8.04244e+02 4.35443e+02 4.35631e+02
1.74512e+02 8.20825e+02 8.21749e+02 4.50756e+02 4.50964e+02
1.78010e+02 8.38298e+02 8.39275e+02 4.66427e+02 4.66657e+02
1.81578e+02 8.55774e+02 8.56807e+02 4.82449e+02 4.82703e+02
1.85218e+02 8.73236e+02 8.74329e+02 4.98813e+02 4.99093e+02
1.88930e+02 8.90667e+02 8.91823e+02 5.15505e+02 5.15816e+02
1.92717e+02 9.08049e+02 9.09270e+02 5.32514e+02 5.32858e+02
1.96580e+02 9.25363e+02 9.26653e+02 5.49824e+02 5.50206e+02
2.00521e+02 9.42588e+02 9.43952e+02 5.67418e+02 5.67841e+02
2.04540e+02 9.59704e+02 9.61144e+02 5.85276e+02 5.85746e+02
2.08640e+02 9.76689e+02 9.78211e+02 6.03378e+02 6.03900e+02
2.12822e+02 9.93522e+02 9.95130e+02 6.21699e+02 6.22280e+02
2.17088e+02 1.01018e+03 1.01188e+03 6.40216e+02 6.40862e+02
2.21440e+02 1.02664e+03 1.02844e+03 6.58900e+02 6.59619e+02
2.25879e+02 1.04289e+03 1.04478e+03 6.77723e+02 6.78524e+02
2.30406e+02 1.05889e+03 1.06090e+03 6.96655e+02 6.97546e+02
2.35025e+02 1.07463e+03 1.07675e+03 7.15663e+02 7.16656e+02
2.39736e+02 1.09009e+03 1.09233e+03 7.34715e+02 7.35821e+02
2.44541e+02 1.10524e+03 1.10761e+03 7.53776e+02 7.55007e+02
2.49443e+02 1.12006e+03 1.12258e+03 7.72811e+02 7.74182e+02
2.54443e+02 1.13455e+03 1.13721e+03 7.91785e+02 7.93311e+02
2.59544e+02 1.14867e+03 1.15148e+03 8.10661e+02 8.12360e+02
2.64746e+02 1.16241e+03 1.16540e+03 8.29406e+02 8.31295e+02
2.70053e+02 1.17576e+03 1.17892e+03 8.47984e+02 8.50083e+02
2.75466e+02 1.18870e+03 1.19206e+03 8.66360e+02 8.68691e+02
2.80988e+02 1.20122e+03 1.20478e+03 8.84503e+02 8.87089e+02
2.86620e+02 1.21331e+03 1.21710e+03 9.02381e+02 9.05247e+02
2.92366e+02 1.22496e+03 1.22898e+03 9.19964e+02 9.23138e+02
2.98226e+02 1.23617e+03 1.24044e+03 9.37226e+02 9.40736e+02
3.04204e+02 1.24692e+03 1.25146e+03 9.54140e+02 9.58019e+02
3.10302e+02 1.25721e+03 1.26205e+03 9.70686e+02 9.74965e+02
3.16522e+02 1.26705e+03 1.27221e+03 9.86843e+02 9.91559e+02
3.22866e+02 1.27643e+03 1.28192e+03 1.00260e+03 1.00779e+03
3.29338e+02 1.28536e+03 1.29121e+03 1.01793e+03 1.02363e+03
3.35940e+02 1.29383e+03 1.30008e+03 1.03283e+03 1.03909e+03
3.42674e+02 1.30186e+03 1.30853e+03 1.04730e+03 1.05416e+03
3.49542e+02 1.30945e+03 1.31657e+03 1.06133e+03 1.06884e+03
3.56549e+02 1.31660e+03 1.32421e+03 1.07491e+03 1.08312e+03
3.63696e+02 1.32334e+03 1.33147e+03 1.08805e+03 1.09701e+03
3.70986e+02 1.32967e+03 1.33837e+03 1.10075e+03 1.11052e+03
3.78423e+02 1.33561e+03 1.34491e+03 1.11303e+03 1.12366e+03
3.86008e+02 1.34116e+03 1.35111e+03 1.12488e+03 1.13644e+03
3.93746e+02 1.34635e+03 1.35700e+03 1.13632e+03 1.14887e+03
4.01638e+02 1.35118e+03 1.36260e+03 1.14736e+03 1.16098e+03
4.09689e+02 1.35569e+03 1.36791e+03 1.15801e+03 1.17277e+03
4.17901e+02 1.35988e+03 1.37297e+03 1.16830e+03 1.18426e+03
4.26278e+02 1.36377e+03 1.37780e+03 1.17823e+03 1.19549e+03
4.34823e+02 1.36738e+03 1.38243e+03 1.18782e+03 1.20646e+03
4.43539e+02 1.37074e+03 1.38687e+03 1.19710e+03 1.21720e+03
4.52429e+02 1.37385e+03 1.39115e+03 1.20609e+03 1.22775e+03
4.61498e+02 1.37674e+03 1.39529e+03 1.21479e+03 1.23810e+03
4.70749e+02 1.37944e+03 1.39933e+03 1.22323e+03 1.24831e+03
4.80185e+02 1.38195e+03 1.40328e+03 1.23142e+03 1.25838e+03
4.89810e+02 1.38430e+03 1.40718e+03 1.23940e+03 1.26834e+03
4.99629e+02 1.38650e+03 1.41104e+03 1.24717e+03 1.27822e+03
5.09644e+02 1.38858e+03 1.41490e+03 1.25475e+03 1.28804e+03
5.19859e+02 1.39055e+03 1.41879e+03 1.26216e+03 1.29783e+03
5.30280e+02 1.39243e+03 1.42272e+03 1.26941e+03 1.30761e+03
5.40909e+02 1.39424e+03 1.42673e+03 1.27653e+03 1.31739e+03
5.51752e+02 1.39600e+03 1.43084e+03 1.28352e+03 1.32722e+03
5.62812e+02 1.39771e+03 1.43507e+03 1.29041e+03 1.33710e+03
5.74093e+02 1.39940e+03 1.43946e+03 1.29720e+03 1.34707e+03
5.85601e+02 1.40107e+03 1.44403e+03 1.30391e+03 1.35713e+03
5.97339e+02 1.40275e+03 1.44881e+03 1.31055e+03 1.36732e+03
6.09313e+02 1.40445e+03 1.45383e+03 1.31713e+03 1.37766e+03
6.21526e+02 1.40617e+03 1.45910e+03 1.32367e+03 1.38817e+03
6.33985e+02 1.40794e+03 1.46467e+03 1.33017e+03 1.39886e+03
6.46693e+02 1.40976e+03 1.47055e+03 1.33665e+03 1.40976e+03
6.59656e+02 1.41164e+03 1.47677e+03 1.34312e+03 1.42089e+03
6.72879e+02 1.41359e+03 1.48337e+03 1.34957e+03 1.43227e+03
6.86366e+02 1.41563e+03 1.49037e+03 1.35604e+03 1.44392e+03
7.00125e+02 1.41776e+03 1.49780e+03 1.36251e+03 1.45586e+03
7.14159e+02 1.42000e+03 1.50570e+03 1.36901e+03 1.46811e+03
7.28474e+02 1.42234e+03 1.51408e+03 1.37553e+03 1.48069e+03
7.43076e+02 1.42480e+03 1.52300e+03 1.38210e+03 1.49362e+03
7.57971e+02 1.42739e+03 1.53247e+03 1.38871e+03 1.50693e+03
7.73164e+02 1.43012e+03 1.54253e+03 1.39538e+03 1.52062e+03
7.88662e+02 1.43299e+03 1.55322e+03 1.40211e+03 1.53474e+03
8.04471e+02 1.43601e+03 1.56458e+03 1.40891e+03 1.54928e+03
8.20597e+02 1.43919e+03 1.57664e+03 1.41580e+03 1.56429e+03
8.37045e+02 1.44254e+03 1.58945e+03 1.42278e+03 1.57978e+03
8.53824e+02 1.44607e+03 1.60305e+03 1.42986e+03 1.59577e+03
8.70939e+02 1.44978e+03 1.61747e+03 1.43705e+03 1.61229e+03
8.88397e+02 1.45368e+03 1.63277e+03 1.44437e+03 1.62936e+03
9.06205e+02 1.45779e+03 1.64900e+03 1.45181e+03 1.64701e+03
9.24369e+02 1.46210e+03 1.66620e+03 1.45940e+03 1.66527e+03
9.42898e+02 1.46664e+03 1.68443e+03 1.46714e+03 1.68415e+03
9.61799e+02 1.47141e+03 1.70374e+03 1.47505e+03 1.70369e+03
9.81078e+02 1.47643e+03 1.72418e+03 1.48313e+03 1.72392e+03
1.00074e+03 1.48169e+03 1.74582e+03 1.49140e+03 1.74486e+03
1.02080e+03 1.48723e+03 1.76872e+03 1.49987e+03 1.76654e+03
1.04127e+03 1.49304e+03 1.79294e+03 1.50856e+03 1.78900e+03
1.06214e+03 1.49914e+03 1.81854e+03 1.51747e+03 1.81227e+03
1.08343e+03 1.50555e+03 1.84561e+03 1.52663e+03 1.83638e+03
1.10514e+03 1.51227e+03 1.87419e+03 1.53604e+03 1.86136e+03
1.12730e+03 1.51933e+03 1.90438e+03 1.54571e+03 1.88725e+03
1.14989e+03 1.52673e+03 1.93625e+03 1.55567e+03 1.91409e+03
1.17294e+03 1.53449e+03 1.96987e+03 1.56592e+03 1.94190e+03
1.19646e+03 1.54264e+03 2.00533e+03 1.57648e+03 1.97074e+03
1.22044e+03 1.55118e+03 2.04271e+03 1.58737e+03 2.00064e+03
1.24490e+03 1.56013e+03 2.08210e+03 1.59860e+03 2.03164e+03
1.26986e+03 1.56951e+03 2.12358e+03 1.61018e+03 2.06378e+03
1.29531e+03 1.57934e+03 2.16725e+03 1.62213e+03 2.09711e+03
1.32127e+03 1.58963e+03 2.21320e+03 1.63446e+03 2.13167e+03
1.34776e+03 1.60042e+03 2.26152e+03 1.64720e+03 2.16751e+03
1.37477e+03 1.61170e+03 2.31232e+03 1.66035e+03 2.20468e+03
1.40233e+03 1.62352e+03 2.36569e+03 1.67393e+03 2.24322e+03
1.43044e+03 1.63588e+03 2.42173e+03 1.68796e+03 2.28319e+03
1.45911e+03 1.64881e+03 2.48055e+03 1.70245e+03 2.32464e+03
1.48836e+03 1.66234e+03 2.54226e+03 1.71743e+03 2.36762e+03
1.51820e+03 1.67648e+03 2.60695e+03 1.73289e+03 2.41220e+03
1.54863e+03 1.69125e+03 2.67475e+03 1.74887e+03 2.45842e+03
1.57967e+03 1.70669e+03 2.74575e+03 1.76538e+03 2.50635e+03
1.61134e+03 1.72282e+03 2.82008e+03 1.78244e+03 2.55605e+03
1.64363e+03 1.73967e+03 2.89784e+03 1.80006e+03 2.60758e+03
1.67658e+03 1.75726e+03 2.97916e+03 1.81825e+03 2.66102e+03
1.71019e+03 1.77561e+03 3.06414e+03 1.83705e+03 2.71642e+03
1.74447e+03 1.79477e+03 3.15290e+03 1.85647e+03 2.77385e+03
1.77944e+03 1.81476e+03 3.24557e+03 1.87652e+03 2.83340e+03
1.81510e+03 1.83562e+03 3.34226e+03 1.89723e+03 2.89513e+03
1.85149e+03 1.85737e+03 3.44308e+03 1.91862e+03 2.95912e+03
1.88860e+03 1.88006e+03 3.54817e+03 1.94070e+03 3.02544e+03
1.92646e+03 1.90372e+03 3.65764e+03 1.96350e+03 3.09419e+03
1.96507e+03 1.92839e+03 3.77161e+03 1.98705e+03 3.16544e+03
2.00446e+03 1.95411e+03 3.89021e+03 2.01135e+03 3.23928e+03
2.04464e+03 1.98093e+03 4.01356e+03 2.03645e+03 3.31580e+03
2.08563e+03 2.00889e+03 4.14177e+03 2.06235e+03 3.39510e+03
2.12743e+03 2.03804e+03 4.27498e+03 2.08909e+03 3.47725e+03
2.17008e+03 2.06843e+03 4.41330e+03 2.11669e+03 3.56237e+03
2.21358e+03 2.10012e+03 4.55685e+03 2.14519e+03 3.65055e+03
2.25795e+03 2.13316e+03 4.70577e+03 2.17460e+03 3.74189e+03
2.30321e+03 2.16761e+03 4.86016e+03 2.20497e+03 3.83651e+03
2.34938e+03 2.20353e+03 5.02015e+03 2.23631e+03 3.93450e+03
2.39647e+03 2.24100e+03 5.18586e+03 2.26867e+03 4.03598e+03
2.44451e+03 2.28009e+03 5.35742e+03 2.30207e+03 4.14107e+03
2.49351e+03 2.32085e+03 5.53492e+03 2.33656e+03 4.24988e+03
2.54349e+03 2.36339e+03 5.71851e+03 2.37216e+03 4.36253e+03
2.59447e+03 2.40776e+03 5.90829e+03 2.40893e+03 4.47915e+03
2.64648e+03 2.45407e+03 6.10437e+03 2.44689e+03 4.59986e+03
2.69953e+03 2.50241e+03 6.30688e+03 2.48608e+03 4.72479e+03
2.75364e+03 2.55285e+03 6.51592e+03 2.52656e+03 4.85408e+03
2.80884e+03 2.60552e+03 6.73161e+03 2.56837e+03 4.98786e+03
2.86514e+03 2.66050e+03 6.95405e+03 2.61155e+03 5.12628e+03
2.92257e+03 2.71790e+03 7.18335e+03 2.65616e+03 5.26946e+03
2.98115e+03 2.77785e+03 7.41962e+03 2.70224e+03 5.41757e+03
3.04091e+03 2.84045e+03 7.66297e+03 2.74985e+03 5.57075e+03
3.10186e+03 2.90584e+03 7.91349e+03 2.79905e+03 5.72914e+03
3.16404e+03 2.97413e+03 8.17129e+03 2.84988e+03 5.89292e+03
3.22746e+03 3.04546e+03 8.43646e+03 2.90242e+03 6.06222e+03
3.29216e+03 3.11997e+03 8.70910e+03 2.95672e+03 6.23722e+03
3.35815e+03 3.19780e+03 8.98931e+03 3.01285e+03 6.41808e+03
3.42546e+03 3.27911e+03 9.27718e+03 3.07087e+03 6.60497e+03
3.49413e+03 3.36405e+03 9.57281e+03 3.13087e+03 6.79805e+03
3.56417e+03 3.45278e+03 9.87627e+03 3.19290e+03 6.99750e+03
3.63561e+03 3.54546e+03 1.01877e+04 3.25704e+03 7.20349e+03
3.70848e+03 3.64228e+03 1.05071e+04 3.32338e+03 7.41619e+03
3.78282e+03 3.74342e+03 1.08346e+04 3.39200e+03 7.63580e+03
3.85865e+03 3.84905e+03 1.11703e+04 3.46298e+03 7.86249e+03
3.93599e+03 3.95938e+03 1.15143e+04 3.53640e+03 8.09644e+03
4.01489e+03 4.07461e+03 1.18666e+04 3.61236e+03 8.33785e+03
4.09537e+03 4.19495e+03 1.22274e+04 3.69096e+03 8.58690e+03
4.17746e+03 4.32061e+03 1.25967e+04 3.77228e+03 8.84377e+03
4.26120e+03 4.45181e+03 1.29747e+04 3.85644e+03 9.10867e+03
4.34661e+03 4.58879e+03 1.33613e+04 3.94354e+03 9.38178e+03
4.43374e+03 4.73178e+03 1.37567e+04 4.03369e+03 9.66331e+03
4.52261e+03 4.88103e+03 1.41609e+04 4.12700e+03 9.95343e+03
4.61327e+03 5.03678e+03 1.45741e+04 4.22359e+03 1.02524e+04
4.70574e+03 5.19930e+03 1.49963e+04 4.32358e+03 1.05603e+04
4.80007e+03 5.36885e+03 1.54277e+04 4.42710e+03 1.08774e+04
4.89628e+03 5.54569e+03 1.58682e+04 4.53428e+03 1.12039e+04
4.99443e+03 5.73009e+03 1.63180e+04 4.64525e+03 1.15401e+04
5.09454e+03 5.92234e+03 1.67771e+04 4.76016e+03 1.18860e+04
5.19666e+03 6.12270e+03 1.72456e+04 4.87914e+03 1.22419e+04
5.30083e+03 6.33145e+03 1.77236e+04 5.00235e+03 1.26079e+04
5.40708e+03 6.54887e+03 1.82111e+04 5.12995e+03 1.29844e+04
5.51547e+03 6.77522e+03 1.87083e+04 5.26209e+03 1.33714e+04
5.62603e+03 7.01078e+03 1.92150e+04 5.39894e+03 1.37692e+04
5.73880e+03 7.25581e+03 1.97314e+04 5.54067e+03 1.41779e+04
5.85383e+03 7.51055e+03 2.02574e+04 5.68745e+03 1.45977e+04
5.97117e+03 7.77525e+03 2.07932e+04 5.83946e+03 1.50288e+04
6.09086e+03 8.05013e+03 2.13385e+04 5.99690e+03 1.54714e+04
6.21295e+03 8.33540e+03 2.18935e+04 6.15994e+03 1.59255e+04
6.33749e+03 8.63126e+03 2.24580e+04 6.32879e+03 1.63915e+04
6.46453e+03 8.93788e+03 2.30319e+04 6.50365e+03 1.68693e+04
6.59411e+03 9.25540e+03 2.36153e+04 6.68471e+03 1.73591e+04
6.72629e+03 9.58396e+03 2.42078e+04 6.87219e+03 1.78611e+04
6.86111e+03 9.92366e+03 2.48094e+04 7.06629e+03 1.83753e+04
6.99865e+03 1.02746e+04 2.54198e+04 7.26725e+03 1.89018e+04
7.13893e+03 1.06367e+04 2.60389e+04 7.47526e+03 1.94407e+04
7.28203e+03 1.10101e+04 2.66664e+04 7.69056e+03 1.99920e+04
7.42800e+03 1.13948e+04 2.73020e+04 7.91336e+03 2.05557e+04
7.57689e+03 1.17907e+04 2.79454e+04 8.14389e+03 2.11318e+04
7.72877e+03 1.21978e+04 2.85963e+04 8.38239e+03 2.17203e+04
7.88369e+03 1.26158e+04 2.92543e+04 8.62907e+03 2.23211e+04
8.04172e+03 1.30449e+04 2.99191e+04 8.88416e+03 2.29341e+04
8.20292e+03 1.34846e+04 3.05901e+04 9.14788e+03 2.35593e+04
8.36735e+03 1.39350e+04 3.12671e+04 9.42047e+03 2.41964e+04
8.53507e+03 1.43958e+04 3.19496e+04 9.70215e+03 2.48453e+04
8.70615e+03 1.48668e+04 3.26371e+04 9.99313e+03 2.55059e+04
8.88067e+03 1.53478e+04 3.33292e+04 1.02936e+04 2.61777e+04
9.05868e+03 1.58385e+04 3.40254e+04 1.06039e+04 2.68607e+04
9.24026e+03 1.63388e+04 3.47254e+04 1.09241e+04 2.75545e+04
9.42548e+03 1.68484e+04 3.54287e+04 1.12544e+04 2.82587e+04
9.61441e+03 1.73670e+04 3.61348e+04 1.15951e+04 2.89732e+04
9.80713e+03 1.78945e+04 3.68435e+04 1.19464e+04 2.96975e+04
1.00037e+04 1.84307e+04 3.75542e+04 1.23084e+04 3.04312e+04
1.02042e+04 1.89754e+04 3.82668e+04 1.26813e+04 3.11741e+04
1.04088e+04 1.95284e+04 3.89810e+04 1.30653e+04 3.19256e+04
1.06174e+04 2.00896e+04 3.96964e+04 1.34607e+04 3.26855e+04
1.08303e+04 2.06588e+04 4.04129e+04 1.38674e+04 3.34534e+04
1.10473e+04 2.12361e+04 4.11303e+04 1.42858e+04 3.42289e+04
1.12688e+04 2.18214e+04 4.18486e+04 1.47160e+04 3.50116e+04
1.14947e+04 2.24147e+04 4.25678e+04 1.51582e+04 3.58013e+04
1.17251e+04 2.30160e+04 4.32878e+04 1.56124e+04 3.65977e+04
1.19601e+04 2.36255e+04 4.40087e+04 1.60790e+04 3.74004e+04
1.21998e+04 2.42432e+04 4.47307e+04 1.65579e+04 3.82092e+04
1.24444e+04 2.48693e+04 4.54541e+04 1.70495e+04 3.90239e+04
1.26938e+04 2.55040e+04 4.61790e+04 1.75538e+04 3.98445e+04
1.29483e+04 2.61476e+04 4.69058e+04 1.80710e+04 4.06707e+04
1.32078e+04 2.68004e+04 4.76349e+04 1.86013e+04 4.15025e+04
1.34726e+04 2.74626e+04 4.83666e+04 1.91449e+04 4.23399e+04
1.37426e+04 2.81346e+04 4.91015e+04 1.97019e+04 4.31828e+04
1.40181e+04 2.88168e+04 4.98400e+04 2.02725e+04 4.40315e+04
1.42991e+04 2.95094e+04 5.05828e+04 2.08570e+04 4.48859e+04
1.45857e+04 3.02130e+04 5.13303e+04 2.14554e+04 4.57463e+04
1.48781e+04 3.09278e+04 5.20831e+04 2.20681e+04 4.66128e+04
1.51763e+04 3.16543e+04 5.28418e+04 2.26953e+04 4.74857e+04
1.54805e+04 3.23929e+04 5.36071e+04 2.33371e+04 4.83653e+04
1.57908e+04 3.31438e+04 5.43794e+04 2.39938e+04 4.92518e+04
1.61074e+04 3.39075e+04 5.51595e+04 2.46656e+04 5.01455e+04
1.64302e+04 3.46843e+04 5.59477e+04 2.53528e+04 5.10468e+04
1.67596e+04 3.54744e+04 5.67448e+04 2.60556e+04 5.19561e+04
1.70955e+04 3.62782e+04 5.75511e+04 2.67742e+04 5.28736e+04
1.74382e+04 3.70957e+04 5.83671e+04 2.75089e+04 5.37997e+04
1.77878e+04 3.79271e+04 5.91933e+04 2.82599e+04 5.47348e+04
1.81443e+04 3.87726e+04 6.00299e+04 2.90274e+04 5.56791e+04
1.85080e+04 3.96322e+04 6.08773e+04 2.98116e+04 5.66329e+04
1.88790e+04 4.05058e+04 6.17356e+04 3.06128e+04 5.75964e+04
1.92574e+04 4.13933e+04 6.26051e+04 3.14311e+04 5.85700e+04
1.96434e+04 4.22945e+04 6.34858e+04 3.22666e+04 5.95537e+04
2.00372e+04 4.32093e+04 6.43778e+04 3.31196e+04 6.05478e+04
2.04388e+04 4.41374e+04 6.52808e+04 3.39900e+04 6.15522e+04
2.08485e+04 4.50782e+04 6.61949e+04 3.48779e+04 6.25670e+04
2.12664e+04 4.60315e+04 6.71198e+04 3.57835e+04 6.35921e+04
2.16927e+04 4.69966e+04 6.80551e+04 3.67066e+04 6.46275e+04
2.21275e+04 4.79729e+04 6.90005e+04 3.76472e+04 6.56729e+04
2.25711e+04 4.89599e+04 6.99555e+04 3.86051e+04 6.67281e+04
2.30235e+04 4.99568e+04 7.09196e+04 3.95803e+04 6.77928e+04
2.34850e+04 5.09628e+04 7.18922e+04 4.05724e+04 6.88666e+04
2.39558e+04 5.19771e+04 7.28726e+04 4.15811e+04 6.99489e+04
2.44360e+04 5.29988e+04 7.38601e+04 4.26062e+04 7.10393e+04
2.49258e+04 5.40269e+04 7.48539e+04 4.36470e+04 7.21371e+04
2.54254e+04 5.50605e+04 7.58531e+04 4.47032e+04 7.32416e+04
2.59351e+04 5.60986e+04 7.68569e+04 4.57741e+04 7.43521e+04
2.64550e+04 5.71401e+04 7.78643e+04 4.68590e+04 7.54675e+04
2.69852e+04 5.81838e+04 7.88743e+04 4.79573e+04 7.65872e+04
2.75262e+04 5.92288e+04 7.98859e+04 4.90680e+04 7.77100e+04
2.80779e+04 6.02739e+04 8.08981e+04 5.01902e+04 7.88349e+04
2.86407e+04 6.13180e+04 8.19097e+04 5.13229e+04 7.99609e+04
2.92148e+04 6.23598e+04 8.29198e+04 5.24651e+04 8.10866e+04
2.98004e+04 6.33982e+04 8.39270e+04 5.36156e+04 8.22111e+04
3.03978e+04 6.44320e+04 8.49304e+04 5.47732e+04 8.33330e+04
3.10071e+04 6.54601e+04 8.59287e+04 5.59365e+04 8.44510e+04
3.16287e+04 6.64813e+04 8.69208e+04 5.71042e+04 8.55639e+04
3.22626e+04 6.74943e+04 8.79055e+04 5.82749e+04 8.66704e+04
3.29093e+04 6.84981e+04 8.88815e+04 5.94470e+04 8.77691e+04
3.35690e+04 6.94913e+04 8.98477e+04 6.06190e+04 8.88586e+04
3.42419e+04 7.04728e+04 9.08028e+04 6.17893e+04 8.99378e+04
3.49283e+04 7.14415e+04 9.17455e+04 6.29564e+04 9.10052e+04
3.56284e+04 7.23960e+04 9.26747e+04 6.41186e+04 9.20597e+04
3.63426e+04 7.33352e+04 9.35889e+04 6.52742e+04 9.30998e+04
3.70711e+04 7.42579e+04 9.44869e+04 6.64216e+04 9.41245e+04
3.78142e+04 7.51629e+04 9.53674e+04 6.75592e+04 9.51326e+04
3.85721e+04 7.60488e+04 9.62289e+04 6.86853e+04 9.61230e+04
3.93453e+04 7.69144e+04 9.70701e+04 6.97985e+04 9.70945e+04
4.01340e+04 7.77585e+04 9.78894e+04 7.08970e+04 9.80464e+04
4.09385e+04 7.85797e+04 9.86856e+04 7.19795e+04 9.89775e+04
4.17591e+04 7.93767e+04 9.94569e+04 7.30446e+04 9.98872e+04
4.25961e+04 8.01482e+04 1.00202e+05 7.40908e+04 1.00775e+05
4.34500e+04 8.08927e+04 1.00919e+05 7.51170e+04 1.01639e+05
4.43209e+04 8.16089e+04 1.01606e+05 7.61220e+04 1.02481e+05
4.52093e+04 8.22952e+04 1.02262e+05 7.71047e+04 1.03298e+05
4.61155e+04 8.29503e+04 1.02885e+05 7.80642e+04 1.04091e+05
4.70399e+04 8.35727e+04 1.03474e+05 7.89996e+04 1.04860e+05
4.79828e+04 8.41608e+04 1.04025e+05 7.99103e+04 1.05604e+05
4.89447e+04 8.47130e+04 1.04538e+05 8.07955e+04 1.06323e+05
4.99257e+04 8.52280e+04 1.05011e+05 8.16549e+04 1.07017e+05
5.09265e+04 8.57041e+04 1.05442e+05 8.24879e+04 1.07687e+05
5.19473e+04 8.61398e+04 1.05829e+05 8.32945e+04 1.08332e+05
5.29886e+04 8.65335e+04 1.06169e+05 8.40743e+04 1.08952e+05
5.40508e+04 8.68837e+04 1.06462e+05 8.48274e+04 1.09549e+05
5.51342e+04 8.71890e+04 1.06706e+05 8.55538e+04 1.10122e+05
5.62394e+04 8.74479e+04 1.06898e+05 8.62537e+04 1.10671e+05
5.73667e+04 8.76590e+04 1.07037e+05 8.69273e+04 1.11198e+05
5.85166e+04 8.78209e+04 1.07121e+05 8.75749e+04 1.11703e+05
5.96895e+04 8.79324e+04 1.07148e+05 8.81969e+04 1.12186e+05
6.08860e+04 8.79923e+04 1.07118e+05 8.87938e+04 1.12648e+05
6.21065e+04 8.79996e+04 1.07029e+05 8.93661e+04 1.13089e+05
6.33514e+04 8.79532e+04 1.06880e+05 8.99142e+04 1.13510e+05
6.46213e+04 8.78522e+04 1.06668e+05 9.04390e+04 1.13912e+05
6.59166e+04 8.76960e+04 1.06395e+05 9.09409e+04 1.14296e+05
6.72379e+04 8.74840e+04 1.06058e+05 9.14208e+04 1.14662e+05
6.85857e+04 8.72156e+04 1.05657e+05 9.18791e+04 1.15010e+05
6.99605e+04 8.68907e+04 1.05192e+05 9.23168e+04 1.15342e+05
7.13628e+04 8.65091e+04 1.04662e+05 9.27345e+04 1.15658e+05
7.27933e+04 8.60707e+04 1.04068e+05 9.31329e+04 1.15959e+05
7.42524e+04 8.55759e+04 1.03409e+05 9.35127e+04 1.16245e+05
7.57408e+04 8.50250e+04 1.02686e+05 9.38748e+04 1.16517e+05
7.72590e+04 8.44185e+04 1.01900e+05 9.42197e+04 1.16776e+05
7.88077e+04 8.37573e+04 1.01051e+05 9.45483e+04 1.17022e+05
8.03874e+04 8.30422e+04 1.00140e+05 9.48612e+04 1.17256e+05
8.19987e+04 8.22742e+04 9.91691e+04 9.51591e+04 1.17479e+05
8.36424e+04 8.14547e+04 9.81389e+04 9.54427e+04 1.17691e+05
8.53190e+04 8.05850e+04 9.70511e+04 9.57126e+04 1.17892e+05
8.70292e+04 7.96667e+04 9.59077e+04 9.59694e+04 1.18083e+05
8.87737e+04 7.87016e+04 9.47106e+04 9.62138e+04 1.18264e+05
9.05531e+04 7.76914e+04 9.34618e+04 9.64464e+04 1.18437e+05
9.23683e+04 7.66383e+04 9.21638e+04 9.66677e+04 1.18601e+05
9.42198e+04 7.55441e+04 9.08189e+04 9.68782e+04 1.18757e+05
9.61084e+04 7.44113e+04 8.94296e+04 9.70785e+04 1.18905e+05
9.80349e+04 7.32420e+04 8.79988e+04 9.72691e+04 1.19046e+05
1.00000e+05 7.20387e+04 8.65291e+04 9.74505e+04 1.19180e+05
