Randomly-oriented graphite (1/3-2/3 approximation)          
Planck-averaged Q_em, Q_abs, and Q_pr for spheres
see Laor & Draine (1993, ApJ 402, 441)
error tolerance = 3.000E-05 for Planck averages
Emissivity <Qem> is computed only for T<1500K
Planck-averaged Q_em for T_d=T_rad
Planck-averaged Q_abs and Q_pr for T_d= 25.00K

Randomly-oriented graphite (1/3-2/3 approximation)          
1.000E-03= radius (micron)
  T_rad    <Qem>/a   <Qabs>/a  <Qpr>/a (micron-1)
1.000E+01 1.962E-03 1.976E-03 1.976E-03
1.259E+01 3.052E-03 3.069E-03 3.069E-03
1.585E+01 4.714E-03 4.732E-03 4.732E-03
1.995E+01 7.192E-03 7.204E-03 7.204E-03
2.512E+01 1.075E-02 1.075E-02 1.076E-02
3.162E+01 1.565E-02 1.564E-02 1.564E-02
3.981E+01 2.189E-02 2.190E-02 2.192E-02
5.012E+01 2.927E-02 2.938E-02 2.938E-02
6.310E+01 3.708E-02 3.746E-02 3.746E-02
7.943E+01 4.453E-02 4.533E-02 4.533E-02
1.000E+02 5.089E-02 5.223E-02 5.227E-02
1.259E+02 5.602E-02 5.787E-02 5.791E-02
1.585E+02 6.051E-02 6.270E-02 6.275E-02
1.995E+02 6.597E-02 6.829E-02 6.829E-02
2.512E+02 7.426E-02 7.662E-02 7.662E-02
3.162E+02 8.808E-02 9.072E-02 9.060E-02
3.981E+02 1.106E-01 1.142E-01 1.142E-01
5.012E+02 1.460E-01 1.518E-01 1.522E-01
6.310E+02 1.993E-01 2.091E-01 2.094E-01
7.943E+02 2.781E-01 2.941E-01 2.941E-01
1.000E+03 3.928E-01 4.178E-01 4.184E-01
1.259E+03 5.586E-01 5.958E-01 5.958E-01
1.585E+03 0.000E+00 8.516E-01 8.516E-01
1.995E+03 0.000E+00 1.219E+00 1.221E+00
2.512E+03 0.000E+00 1.746E+00 1.750E+00
3.162E+03 0.000E+00 2.503E+00 2.509E+00
3.981E+03 0.000E+00 3.610E+00 3.610E+00
5.012E+03 0.000E+00 5.390E+00 5.390E+00
6.310E+03 0.000E+00 8.516E+00 8.571E+00
7.943E+03 0.000E+00 1.388E+01 1.368E+01
1.000E+04 0.000E+00 2.149E+01 2.149E+01
1.259E+04 0.000E+00 2.989E+01 2.989E+01
1.585E+04 0.000E+00 3.856E+01 3.761E+01
1.995E+04 0.000E+00 5.077E+01 5.077E+01
2.512E+04 0.000E+00 7.158E+01 7.240E+01
3.162E+04 0.000E+00 1.005E+02 1.005E+02
3.981E+04 0.000E+00 1.284E+02 1.284E+02
5.012E+04 0.000E+00 1.442E+02 1.443E+02

Randomly-oriented graphite (1/3-2/3 approximation)          
1.500E-03= radius (micron)
  T_rad    <Qem>/a   <Qabs>/a  <Qpr>/a (micron-1)
1.000E+01 1.772E-03 1.781E-03 1.781E-03
1.259E+01 2.772E-03 2.783E-03 2.783E-03
1.585E+01 4.322E-03 4.335E-03 4.335E-03
1.995E+01 6.693E-03 6.702E-03 6.702E-03
2.512E+01 1.021E-02 1.021E-02 1.022E-02
3.162E+01 1.525E-02 1.524E-02 1.524E-02
3.981E+01 2.196E-02 2.196E-02 2.197E-02
5.012E+01 3.020E-02 3.027E-02 3.027E-02
6.310E+01 3.921E-02 3.948E-02 3.948E-02
7.943E+01 4.789E-02 4.851E-02 4.851E-02
1.000E+02 5.517E-02 5.621E-02 5.624E-02
1.259E+02 6.061E-02 6.204E-02 6.208E-02
1.585E+02 6.475E-02 6.645E-02 6.650E-02
1.995E+02 6.936E-02 7.118E-02 7.118E-02
2.512E+02 7.654E-02 7.854E-02 7.854E-02
3.162E+02 8.925E-02 9.180E-02 9.167E-02
3.981E+02 1.108E-01 1.147E-01 1.147E-01
5.012E+02 1.457E-01 1.520E-01 1.524E-01
6.310E+02 1.991E-01 2.094E-01 2.096E-01
7.943E+02 2.790E-01 2.950E-01 2.950E-01
1.000E+03 3.962E-01 4.183E-01 4.190E-01
1.259E+03 5.660E-01 5.966E-01 5.966E-01
1.585E+03 0.000E+00 8.525E-01 8.525E-01
1.995E+03 0.000E+00 1.220E+00 1.222E+00
2.512E+03 0.000E+00 1.747E+00 1.751E+00
3.162E+03 0.000E+00 2.504E+00 2.511E+00
3.981E+03 0.000E+00 3.612E+00 3.612E+00
5.012E+03 0.000E+00 5.394E+00 5.394E+00
6.310E+03 0.000E+00 8.522E+00 8.577E+00
7.943E+03 0.000E+00 1.390E+01 1.369E+01
1.000E+04 0.000E+00 2.151E+01 2.151E+01
1.259E+04 0.000E+00 2.992E+01 2.992E+01
1.585E+04 0.000E+00 3.861E+01 3.766E+01
1.995E+04 0.000E+00 5.086E+01 5.088E+01
2.512E+04 0.000E+00 7.169E+01 7.261E+01
3.162E+04 0.000E+00 1.005E+02 1.006E+02
3.981E+04 0.000E+00 1.282E+02 1.284E+02
5.012E+04 0.000E+00 1.438E+02 1.441E+02

Randomly-oriented graphite (1/3-2/3 approximation)          
2.000E-03= radius (micron)
  T_rad    <Qem>/a   <Qabs>/a  <Qpr>/a (micron-1)
1.000E+01 1.678E-03 1.684E-03 1.684E-03
1.259E+01 2.628E-03 2.636E-03 2.636E-03
1.585E+01 4.115E-03 4.124E-03 4.124E-03
1.995E+01 6.418E-03 6.425E-03 6.425E-03
2.512E+01 9.890E-03 9.890E-03 9.905E-03
3.162E+01 1.499E-02 1.498E-02 1.498E-02
3.981E+01 2.192E-02 2.192E-02 2.193E-02
5.012E+01 3.064E-02 3.070E-02 3.070E-02
6.310E+01 4.035E-02 4.056E-02 4.056E-02
7.943E+01 4.977E-02 5.026E-02 5.026E-02
1.000E+02 5.760E-02 5.843E-02 5.847E-02
1.259E+02 6.321E-02 6.437E-02 6.441E-02
1.585E+02 6.713E-02 6.851E-02 6.856E-02
1.995E+02 7.121E-02 7.274E-02 7.274E-02
2.512E+02 7.774E-02 7.956E-02 7.956E-02
3.162E+02 8.985E-02 9.239E-02 9.227E-02
3.981E+02 1.110E-01 1.151E-01 1.151E-01
5.012E+02 1.459E-01 1.523E-01 1.527E-01
6.310E+02 2.000E-01 2.097E-01 2.099E-01
7.943E+02 2.812E-01 2.949E-01 2.954E-01
1.000E+03 4.009E-01 4.188E-01 4.195E-01
1.259E+03 5.742E-01 5.971E-01 5.971E-01
1.585E+03 0.000E+00 8.531E-01 8.531E-01
1.995E+03 0.000E+00 1.221E+00 1.223E+00
2.512E+03 0.000E+00 1.748E+00 1.752E+00
3.162E+03 0.000E+00 2.505E+00 2.512E+00
3.981E+03 0.000E+00 3.614E+00 3.614E+00
5.012E+03 0.000E+00 5.398E+00 5.398E+00
6.310E+03 0.000E+00 8.530E+00 8.586E+00
7.943E+03 0.000E+00 1.391E+01 1.370E+01
1.000E+04 0.000E+00 2.153E+01 2.154E+01
1.259E+04 0.000E+00 2.996E+01 2.997E+01
1.585E+04 0.000E+00 3.868E+01 3.772E+01
1.995E+04 0.000E+00 5.097E+01 5.103E+01
2.512E+04 0.000E+00 7.181E+01 7.290E+01
3.162E+04 0.000E+00 1.005E+02 1.008E+02
3.981E+04 0.000E+00 1.279E+02 1.284E+02
5.012E+04 0.000E+00 1.432E+02 1.438E+02

Randomly-oriented graphite (1/3-2/3 approximation)          
3.000E-03= radius (micron)
  T_rad    <Qem>/a   <Qabs>/a  <Qpr>/a (micron-1)
1.000E+01 1.588E-03 1.590E-03 1.590E-03
1.259E+01 2.487E-03 2.490E-03 2.490E-03
1.585E+01 3.904E-03 3.909E-03 3.909E-03
1.995E+01 6.128E-03 6.132E-03 6.132E-03
2.512E+01 9.541E-03 9.541E-03 9.557E-03
3.162E+01 1.467E-02 1.466E-02 1.466E-02
3.981E+01 2.183E-02 2.183E-02 2.184E-02
5.012E+01 3.106E-02 3.110E-02 3.110E-02
6.310E+01 4.154E-02 4.169E-02 4.169E-02
7.943E+01 5.179E-02 5.213E-02 5.213E-02
1.000E+02 6.023E-02 6.081E-02 6.086E-02
1.259E+02 6.604E-02 6.684E-02 6.692E-02
1.585E+02 6.973E-02 7.074E-02 7.077E-02
1.995E+02 7.301E-02 7.437E-02 7.437E-02
2.512E+02 7.902E-02 8.065E-02 8.065E-02
3.162E+02 9.061E-02 9.282E-02 9.282E-02
3.981E+02 1.116E-01 1.155E-01 1.155E-01
5.012E+02 1.470E-01 1.527E-01 1.531E-01
6.310E+02 2.024E-01 2.102E-01 2.104E-01
7.943E+02 2.862E-01 2.954E-01 2.960E-01
1.000E+03 4.097E-01 4.202E-01 4.202E-01
1.259E+03 5.881E-01 5.979E-01 5.979E-01
1.585E+03 0.000E+00 8.540E-01 8.540E-01
1.995E+03 0.000E+00 1.222E+00 1.224E+00
2.512E+03 0.000E+00 1.750E+00 1.754E+00
3.162E+03 0.000E+00 2.508E+00 2.515E+00
3.981E+03 0.000E+00 3.619E+00 3.619E+00
5.012E+03 0.000E+00 5.409E+00 5.410E+00
6.310E+03 0.000E+00 8.553E+00 8.610E+00
7.943E+03 0.000E+00 1.395E+01 1.374E+01
1.000E+04 0.000E+00 2.160E+01 2.161E+01
1.259E+04 0.000E+00 3.007E+01 3.010E+01
1.585E+04 0.000E+00 3.886E+01 3.790E+01
1.995E+04 0.000E+00 5.123E+01 5.144E+01
2.512E+04 0.000E+00 7.199E+01 7.368E+01
3.162E+04 0.000E+00 1.002E+02 1.012E+02
3.981E+04 0.000E+00 1.268E+02 1.282E+02
5.012E+04 0.000E+00 1.411E+02 1.429E+02

Randomly-oriented graphite (1/3-2/3 approximation)          
5.000E-03= radius (micron)
  T_rad    <Qem>/a   <Qabs>/a  <Qpr>/a (micron-1)
1.000E+01 1.523E-03 1.522E-03 1.522E-03
1.259E+01 2.381E-03 2.382E-03 2.382E-03
1.585E+01 3.741E-03 3.743E-03 3.743E-03
1.995E+01 5.894E-03 5.895E-03 5.895E-03
2.512E+01 9.245E-03 9.245E-03 9.262E-03
3.162E+01 1.438E-02 1.438E-02 1.438E-02
3.981E+01 2.172E-02 2.171E-02 2.173E-02
5.012E+01 3.138E-02 3.139E-02 3.139E-02
6.310E+01 4.252E-02 4.260E-02 4.260E-02
7.943E+01 5.353E-02 5.373E-02 5.373E-02
1.000E+02 6.254E-02 6.289E-02 6.292E-02
1.259E+02 6.853E-02 6.904E-02 6.908E-02
1.585E+02 7.196E-02 7.266E-02 7.270E-02
1.995E+02 7.498E-02 7.595E-02 7.595E-02
2.512E+02 8.036E-02 8.182E-02 8.182E-02
3.162E+02 9.171E-02 9.394E-02 9.380E-02
3.981E+02 1.130E-01 1.162E-01 1.162E-01
5.012E+02 1.494E-01 1.534E-01 1.538E-01
6.310E+02 2.069E-01 2.108E-01 2.110E-01
7.943E+02 2.940E-01 2.962E-01 2.967E-01
1.000E+03 4.221E-01 4.211E-01 4.211E-01
1.259E+03 6.063E-01 5.991E-01 5.991E-01
1.585E+03 0.000E+00 8.556E-01 8.557E-01
1.995E+03 0.000E+00 1.224E+00 1.227E+00
2.512E+03 0.000E+00 1.754E+00 1.758E+00
3.162E+03 0.000E+00 2.516E+00 2.523E+00
3.981E+03 0.000E+00 3.635E+00 3.636E+00
5.012E+03 0.000E+00 5.443E+00 5.447E+00
6.310E+03 0.000E+00 8.624E+00 8.688E+00
7.943E+03 0.000E+00 1.408E+01 1.387E+01
1.000E+04 0.000E+00 2.180E+01 2.186E+01
1.259E+04 0.000E+00 3.037E+01 3.051E+01
1.585E+04 0.000E+00 3.931E+01 3.846E+01
1.995E+04 0.000E+00 5.169E+01 5.264E+01
2.512E+04 0.000E+00 7.173E+01 7.583E+01
3.162E+04 0.000E+00 9.790E+01 1.019E+02
3.981E+04 0.000E+00 1.213E+02 1.329E+02
5.012E+04 0.000E+00 1.327E+02 1.399E+02

Randomly-oriented graphite (1/3-2/3 approximation)          
7.000E-03= radius (micron)
  T_rad    <Qem>/a   <Qabs>/a  <Qpr>/a (micron-1)
1.000E+01 1.498E-03 1.497E-03 1.497E-03
1.259E+01 2.342E-03 2.341E-03 2.341E-03
1.585E+01 3.678E-03 3.678E-03 3.678E-03
1.995E+01 5.799E-03 5.799E-03 5.799E-03
2.512E+01 9.120E-03 9.120E-03 9.137E-03
3.162E+01 1.425E-02 1.425E-02 1.425E-02
3.981E+01 2.166E-02 2.166E-02 2.168E-02
5.012E+01 3.151E-02 3.152E-02 3.152E-02
6.310E+01 4.295E-02 4.301E-02 4.301E-02
7.943E+01 5.431E-02 5.444E-02 5.444E-02
1.000E+02 6.358E-02 6.383E-02 6.386E-02
1.259E+02 6.967E-02 7.004E-02 7.008E-02
1.585E+02 7.309E-02 7.360E-02 7.361E-02
1.995E+02 7.587E-02 7.670E-02 7.670E-02
2.512E+02 8.111E-02 8.241E-02 8.241E-02
3.162E+02 9.249E-02 9.442E-02 9.428E-02
3.981E+02 1.141E-01 1.166E-01 1.166E-01
5.012E+02 1.513E-01 1.538E-01 1.542E-01
6.310E+02 2.102E-01 2.113E-01 2.115E-01
7.943E+02 2.992E-01 2.968E-01 2.974E-01
1.000E+03 4.299E-01 4.212E-01 4.212E-01
1.259E+03 6.172E-01 6.003E-01 6.003E-01
1.585E+03 0.000E+00 8.576E-01 8.577E-01
1.995E+03 0.000E+00 1.228E+00 1.230E+00
2.512E+03 0.000E+00 1.760E+00 1.765E+00
3.162E+03 0.000E+00 2.528E+00 2.536E+00
3.981E+03 0.000E+00 3.659E+00 3.663E+00
5.012E+03 0.000E+00 5.494E+00 5.506E+00
6.310E+03 0.000E+00 8.727E+00 8.807E+00
7.943E+03 0.000E+00 1.426E+01 1.408E+01
1.000E+04 0.000E+00 2.207E+01 2.224E+01
1.259E+04 0.000E+00 3.076E+01 3.112E+01
1.585E+04 0.000E+00 3.976E+01 3.927E+01
1.995E+04 0.000E+00 5.179E+01 5.419E+01
2.512E+04 0.000E+00 7.018E+01 7.805E+01
3.162E+04 0.000E+00 9.289E+01 1.021E+02
3.981E+04 0.000E+00 1.120E+02 1.326E+02
5.012E+04 0.000E+00 1.199E+02 1.356E+02

Randomly-oriented graphite (1/3-2/3 approximation)          
1.000E-02= radius (micron)
  T_rad    <Qem>/a   <Qabs>/a  <Qpr>/a (micron-1)
1.000E+01 1.478E-03 1.479E-03 1.479E-03
1.259E+01 2.315E-03 2.314E-03 2.314E-03
1.585E+01 3.637E-03 3.636E-03 3.636E-03
1.995E+01 5.736E-03 5.735E-03 5.735E-03
2.512E+01 9.033E-03 9.033E-03 9.051E-03
3.162E+01 1.416E-02 1.416E-02 1.416E-02
3.981E+01 2.162E-02 2.162E-02 2.164E-02
5.012E+01 3.161E-02 3.162E-02 3.162E-02
6.310E+01 4.329E-02 4.333E-02 4.333E-02
7.943E+01 5.492E-02 5.501E-02 5.501E-02
1.000E+02 6.441E-02 6.458E-02 6.461E-02
1.259E+02 7.058E-02 7.085E-02 7.089E-02
1.585E+02 7.397E-02 7.440E-02 7.437E-02
1.995E+02 7.665E-02 7.736E-02 7.736E-02
2.512E+02 8.184E-02 8.295E-02 8.295E-02
3.162E+02 9.334E-02 9.489E-02 9.475E-02
3.981E+02 1.154E-01 1.171E-01 1.171E-01
5.012E+02 1.534E-01 1.543E-01 1.547E-01
6.310E+02 2.135E-01 2.120E-01 2.122E-01
7.943E+02 3.044E-01 2.977E-01 2.982E-01
1.000E+03 4.377E-01 4.228E-01 4.228E-01
1.259E+03 6.282E-01 6.025E-01 6.026E-01
1.585E+03 0.000E+00 8.614E-01 8.617E-01
1.995E+03 0.000E+00 1.235E+00 1.238E+00
2.512E+03 0.000E+00 1.773E+00 1.779E+00
3.162E+03 0.000E+00 2.553E+00 2.564E+00
3.981E+03 0.000E+00 3.709E+00 3.721E+00
5.012E+03 0.000E+00 5.599E+00 5.635E+00
6.310E+03 0.000E+00 8.932E+00 9.065E+00
7.943E+03 0.000E+00 1.460E+01 1.452E+01
1.000E+04 0.000E+00 2.255E+01 2.304E+01
1.259E+04 0.000E+00 3.133E+01 3.236E+01
1.585E+04 0.000E+00 4.019E+01 4.076E+01
1.995E+04 0.000E+00 5.101E+01 5.670E+01
2.512E+04 0.000E+00 6.581E+01 8.023E+01
3.162E+04 0.000E+00 8.244E+01 1.011E+02
3.981E+04 0.000E+00 9.501E+01 1.277E+02
5.012E+04 0.000E+00 9.875E+01 1.275E+02

Randomly-oriented graphite (1/3-2/3 approximation)          
1.500E-02= radius (micron)
  T_rad    <Qem>/a   <Qabs>/a  <Qpr>/a (micron-1)
1.000E+01 1.459E-03 1.462E-03 1.462E-03
1.259E+01 2.294E-03 2.295E-03 2.295E-03
1.585E+01 3.610E-03 3.610E-03 3.610E-03
1.995E+01 5.697E-03 5.696E-03 5.696E-03
2.512E+01 8.979E-03 8.979E-03 8.998E-03
3.162E+01 1.411E-02 1.411E-02 1.411E-02
3.981E+01 2.160E-02 2.161E-02 2.162E-02
5.012E+01 3.169E-02 3.170E-02 3.170E-02
6.310E+01 4.358E-02 4.361E-02 4.361E-02
7.943E+01 5.543E-02 5.549E-02 5.549E-02
1.000E+02 6.511E-02 6.521E-02 6.524E-02
1.259E+02 7.136E-02 7.159E-02 7.159E-02
1.585E+02 7.475E-02 7.508E-02 7.505E-02
1.995E+02 7.739E-02 7.797E-02 7.797E-02
2.512E+02 8.261E-02 8.351E-02 8.351E-02
3.162E+02 9.432E-02 9.543E-02 9.529E-02
3.981E+02 1.168E-01 1.177E-01 1.177E-01
5.012E+02 1.557E-01 1.551E-01 1.555E-01
6.310E+02 2.172E-01 2.131E-01 2.133E-01
7.943E+02 3.102E-01 2.995E-01 3.001E-01
1.000E+03 4.465E-01 4.255E-01 4.257E-01
1.259E+03 6.414E-01 6.076E-01 6.080E-01
1.585E+03 0.000E+00 8.705E-01 8.716E-01
1.995E+03 0.000E+00 1.251E+00 1.256E+00
2.512E+03 0.000E+00 1.804E+00 1.815E+00
3.162E+03 0.000E+00 2.614E+00 2.638E+00
3.981E+03 0.000E+00 3.833E+00 3.875E+00
5.012E+03 0.000E+00 5.849E+00 5.973E+00
6.310E+03 0.000E+00 9.382E+00 9.714E+00
7.943E+03 0.000E+00 1.525E+01 1.567E+01
1.000E+04 0.000E+00 2.328E+01 2.490E+01
1.259E+04 0.000E+00 3.191E+01 3.501E+01
1.585E+04 0.000E+00 3.999E+01 4.320E+01
1.995E+04 0.000E+00 4.826E+01 6.013E+01
2.512E+04 0.000E+00 5.758E+01 8.081E+01
3.162E+04 0.000E+00 6.655E+01 9.623E+01
3.981E+04 0.000E+00 7.216E+01 1.173E+02
5.012E+04 0.000E+00 7.239E+01 1.078E+02

Randomly-oriented graphite (1/3-2/3 approximation)          
2.000E-02= radius (micron)
  T_rad    <Qem>/a   <Qabs>/a  <Qpr>/a (micron-1)
1.000E+01 1.446E-03 1.450E-03 1.450E-03
1.259E+01 2.282E-03 2.284E-03 2.284E-03
1.585E+01 3.600E-03 3.600E-03 3.600E-03
1.995E+01 5.685E-03 5.684E-03 5.684E-03
2.512E+01 8.963E-03 8.963E-03 8.981E-03
3.162E+01 1.409E-02 1.409E-02 1.409E-02
3.981E+01 2.161E-02 2.161E-02 2.163E-02
5.012E+01 3.176E-02 3.177E-02 3.177E-02
6.310E+01 4.375E-02 4.377E-02 4.377E-02
7.943E+01 5.571E-02 5.576E-02 5.576E-02
1.000E+02 6.549E-02 6.557E-02 6.560E-02
1.259E+02 7.185E-02 7.199E-02 7.199E-02
1.585E+02 7.521E-02 7.549E-02 7.546E-02
1.995E+02 7.787E-02 7.837E-02 7.837E-02
2.512E+02 8.316E-02 8.391E-02 8.391E-02
3.162E+02 9.506E-02 9.589E-02 9.576E-02
3.981E+02 1.180E-01 1.183E-01 1.183E-01
5.012E+02 1.575E-01 1.560E-01 1.564E-01
6.310E+02 2.201E-01 2.145E-01 2.147E-01
7.943E+02 3.149E-01 3.018E-01 3.025E-01
1.000E+03 4.539E-01 4.295E-01 4.299E-01
1.259E+03 6.533E-01 6.146E-01 6.156E-01
1.585E+03 0.000E+00 8.833E-01 8.858E-01
1.995E+03 0.000E+00 1.275E+00 1.284E+00
2.512E+03 0.000E+00 1.849E+00 1.869E+00
3.162E+03 0.000E+00 2.700E+00 2.748E+00
3.981E+03 0.000E+00 4.006E+00 4.109E+00
5.012E+03 0.000E+00 6.180E+00 6.478E+00
6.310E+03 0.000E+00 9.910E+00 1.071E+01
7.943E+03 0.000E+00 1.586E+01 1.737E+01
1.000E+04 0.000E+00 2.364E+01 2.633E+01
1.259E+04 0.000E+00 3.166E+01 3.777E+01
1.585E+04 0.000E+00 3.869E+01 4.573E+01
1.995E+04 0.000E+00 4.494E+01 6.173E+01
2.512E+04 0.000E+00 5.089E+01 8.042E+01
3.162E+04 0.000E+00 5.578E+01 8.940E+01
3.981E+04 0.000E+00 5.805E+01 1.016E+02
5.012E+04 0.000E+00 5.684E+01 9.819E+01

Randomly-oriented graphite (1/3-2/3 approximation)          
3.000E-02= radius (micron)
  T_rad    <Qem>/a   <Qabs>/a  <Qpr>/a (micron-1)
1.000E+01 1.427E-03 1.433E-03 1.433E-03
1.259E+01 2.266E-03 2.271E-03 2.271E-03
1.585E+01 3.590E-03 3.592E-03 3.592E-03
1.995E+01 5.681E-03 5.680E-03 5.680E-03
2.512E+01 8.961E-03 8.961E-03 8.980E-03
3.162E+01 1.410E-02 1.410E-02 1.410E-02
3.981E+01 2.166E-02 2.165E-02 2.166E-02
5.012E+01 3.185E-02 3.187E-02 3.187E-02
6.310E+01 4.396E-02 4.397E-02 4.398E-02
7.943E+01 5.606E-02 5.608E-02 5.608E-02
1.000E+02 6.596E-02 6.600E-02 6.604E-02
1.259E+02 7.236E-02 7.246E-02 7.246E-02
1.585E+02 7.583E-02 7.604E-02 7.601E-02
1.995E+02 7.857E-02 7.897E-02 7.897E-02
2.512E+02 8.406E-02 8.464E-02 8.464E-02
3.162E+02 9.636E-02 9.686E-02 9.674E-02
3.981E+02 1.200E-01 1.197E-01 1.198E-01
5.012E+02 1.608E-01 1.583E-01 1.587E-01
6.310E+02 2.257E-01 2.183E-01 2.187E-01
7.943E+02 3.241E-01 3.082E-01 3.094E-01
1.000E+03 4.694E-01 4.408E-01 4.422E-01
1.259E+03 6.798E-01 6.348E-01 6.383E-01
1.585E+03 0.000E+00 9.201E-01 9.287E-01
1.995E+03 0.000E+00 1.343E+00 1.368E+00
2.512E+03 0.000E+00 1.978E+00 2.038E+00
3.162E+03 0.000E+00 2.950E+00 3.100E+00
3.981E+03 0.000E+00 4.495E+00 4.859E+00
5.012E+03 0.000E+00 7.022E+00 7.999E+00
6.310E+03 0.000E+00 1.102E+01 1.339E+01
7.943E+03 0.000E+00 1.661E+01 2.163E+01
1.000E+04 0.000E+00 2.307E+01 3.181E+01
1.259E+04 0.000E+00 2.904E+01 4.166E+01
1.585E+04 0.000E+00 3.369E+01 4.966E+01
1.995E+04 0.000E+00 3.713E+01 6.000E+01
2.512E+04 0.000E+00 3.962E+01 7.099E+01
3.162E+04 0.000E+00 4.095E+01 7.471E+01
3.981E+04 0.000E+00 4.069E+01 7.788E+01
5.012E+04 0.000E+00 3.877E+01 7.702E+01

Randomly-oriented graphite (1/3-2/3 approximation)          
5.000E-02= radius (micron)
  T_rad    <Qem>/a   <Qabs>/a  <Qpr>/a (micron-1)
1.000E+01 1.401E-03 1.409E-03 1.409E-03
1.259E+01 2.248E-03 2.249E-03 2.249E-03
1.585E+01 3.574E-03 3.578E-03 3.588E-03
1.995E+01 5.676E-03 5.676E-03 5.676E-03
2.512E+01 8.987E-03 8.987E-03 9.004E-03
3.162E+01 1.412E-02 1.413E-02 1.413E-02
3.981E+01 2.173E-02 2.173E-02 2.175E-02
5.012E+01 3.202E-02 3.203E-02 3.203E-02
6.310E+01 4.424E-02 4.425E-02 4.427E-02
7.943E+01 5.650E-02 5.651E-02 5.651E-02
1.000E+02 6.656E-02 6.658E-02 6.662E-02
1.259E+02 7.313E-02 7.319E-02 7.319E-02
1.585E+02 7.680E-02 7.695E-02 7.693E-02
1.995E+02 7.988E-02 8.018E-02 8.019E-02
2.512E+02 8.596E-02 8.636E-02 8.639E-02
3.162E+02 9.932E-02 9.950E-02 9.944E-02
3.981E+02 1.248E-01 1.240E-01 1.241E-01
5.012E+02 1.689E-01 1.653E-01 1.662E-01
6.310E+02 2.393E-01 2.303E-01 2.316E-01
7.943E+02 3.476E-01 3.291E-01 3.325E-01
1.000E+03 5.106E-01 4.777E-01 4.843E-01
1.259E+03 7.534E-01 7.015E-01 7.180E-01
1.585E+03 0.000E+00 1.042E+00 1.084E+00
1.995E+03 0.000E+00 1.571E+00 1.683E+00
2.512E+03 0.000E+00 2.406E+00 2.684E+00
3.162E+03 0.000E+00 3.739E+00 4.422E+00
3.981E+03 0.000E+00 5.820E+00 7.422E+00
5.012E+03 0.000E+00 8.843E+00 1.225E+01
6.310E+03 0.000E+00 1.270E+01 1.906E+01
7.943E+03 0.000E+00 1.685E+01 2.710E+01
1.000E+04 0.000E+00 2.057E+01 3.491E+01
1.259E+04 0.000E+00 2.333E+01 4.127E+01
1.585E+04 0.000E+00 2.503E+01 4.534E+01
1.995E+04 0.000E+00 2.588E+01 4.891E+01
2.512E+04 0.000E+00 2.605E+01 5.168E+01
3.162E+04 0.000E+00 2.554E+01 5.191E+01
3.981E+04 0.000E+00 2.436E+01 5.183E+01
5.012E+04 0.000E+00 2.269E+01 4.999E+01

Randomly-oriented graphite (1/3-2/3 approximation)          
7.000E-02= radius (micron)
  T_rad    <Qem>/a   <Qabs>/a  <Qpr>/a (micron-1)
1.000E+01 1.391E-03 1.398E-03 1.398E-03
1.259E+01 2.233E-03 2.241E-03 2.247E-03
1.585E+01 3.573E-03 3.579E-03 3.589E-03
1.995E+01 5.690E-03 5.691E-03 5.691E-03
2.512E+01 9.019E-03 9.019E-03 9.033E-03
3.162E+01 1.418E-02 1.419E-02 1.419E-02
3.981E+01 2.183E-02 2.184E-02 2.186E-02
5.012E+01 3.219E-02 3.220E-02 3.220E-02
6.310E+01 4.451E-02 4.453E-02 4.455E-02
7.943E+01 5.691E-02 5.692E-02 5.692E-02
1.000E+02 6.713E-02 6.714E-02 6.718E-02
1.259E+02 7.391E-02 7.395E-02 7.395E-02
1.585E+02 7.781E-02 7.793E-02 7.800E-02
1.995E+02 8.147E-02 8.172E-02 8.175E-02
2.512E+02 8.842E-02 8.873E-02 8.881E-02
3.162E+02 1.033E-01 1.033E-01 1.034E-01
3.981E+02 1.314E-01 1.302E-01 1.307E-01
5.012E+02 1.800E-01 1.759E-01 1.776E-01
6.310E+02 2.584E-01 2.486E-01 2.519E-01
7.943E+02 3.808E-01 3.612E-01 3.696E-01
1.000E+03 5.692E-01 5.353E-01 5.540E-01
1.259E+03 8.580E-01 8.064E-01 8.537E-01
1.585E+03 0.000E+00 1.235E+00 1.356E+00
1.995E+03 0.000E+00 1.922E+00 2.237E+00
2.512E+03 0.000E+00 3.013E+00 3.772E+00
3.162E+03 0.000E+00 4.675E+00 6.369E+00
3.981E+03 0.000E+00 6.984E+00 1.041E+01
5.012E+03 0.000E+00 9.823E+00 1.583E+01
6.310E+03 0.000E+00 1.280E+01 2.205E+01
7.943E+03 0.000E+00 1.543E+01 2.799E+01
1.000E+04 0.000E+00 1.736E+01 3.290E+01
1.259E+04 0.000E+00 1.853E+01 3.613E+01
1.585E+04 0.000E+00 1.906E+01 3.764E+01
1.995E+04 0.000E+00 1.910E+01 3.832E+01
2.512E+04 0.000E+00 1.873E+01 3.840E+01
3.162E+04 0.000E+00 1.795E+01 3.798E+01
3.981E+04 0.000E+00 1.685E+01 3.711E+01
5.012E+04 0.000E+00 1.559E+01 3.570E+01

Randomly-oriented graphite (1/3-2/3 approximation)          
1.000E-01= radius (micron)
  T_rad    <Qem>/a   <Qabs>/a  <Qpr>/a (micron-1)
1.000E+01 1.386E-03 1.393E-03 1.393E-03
1.259E+01 2.229E-03 2.238E-03 2.243E-03
1.585E+01 3.579E-03 3.586E-03 3.594E-03
1.995E+01 5.714E-03 5.717E-03 5.717E-03
2.512E+01 9.074E-03 9.074E-03 9.078E-03
3.162E+01 1.429E-02 1.429E-02 1.429E-02
3.981E+01 2.202E-02 2.203E-02 2.207E-02
5.012E+01 3.251E-02 3.252E-02 3.252E-02
6.310E+01 4.500E-02 4.502E-02 4.505E-02
7.943E+01 5.762E-02 5.763E-02 5.763E-02
1.000E+02 6.814E-02 6.815E-02 6.819E-02
1.259E+02 7.534E-02 7.536E-02 7.537E-02
1.585E+02 7.989E-02 7.998E-02 8.007E-02
1.995E+02 8.463E-02 8.483E-02 8.492E-02
2.512E+02 9.341E-02 9.366E-02 9.388E-02
3.162E+02 1.114E-01 1.114E-01 1.118E-01
3.981E+02 1.450E-01 1.437E-01 1.451E-01
5.012E+02 2.031E-01 1.990E-01 2.031E-01
6.310E+02 2.980E-01 2.887E-01 2.983E-01
7.943E+02 4.496E-01 4.326E-01 4.568E-01
1.000E+03 6.886E-01 6.639E-01 7.216E-01
1.259E+03 1.061E+00 1.037E+00 1.186E+00
1.585E+03 0.000E+00 1.636E+00 2.010E+00
1.995E+03 0.000E+00 2.559E+00 3.446E+00
2.512E+03 0.000E+00 3.882E+00 5.785E+00
3.162E+03 0.000E+00 5.595E+00 9.164E+00
3.981E+03 0.000E+00 7.556E+00 1.339E+01
5.012E+03 0.000E+00 9.511E+00 1.789E+01
6.310E+03 0.000E+00 1.118E+01 2.195E+01
7.943E+03 0.000E+00 1.238E+01 2.506E+01
1.000E+04 0.000E+00 1.306E+01 2.700E+01
1.259E+04 0.000E+00 1.333E+01 2.785E+01
1.585E+04 0.000E+00 1.332E+01 2.789E+01
1.995E+04 0.000E+00 1.308E+01 2.748E+01
2.512E+04 0.000E+00 1.263E+01 2.683E+01
3.162E+04 0.000E+00 1.196E+01 2.622E+01
3.981E+04 0.000E+00 1.115E+01 2.588E+01
5.012E+04 0.000E+00 1.032E+01 2.446E+01

Randomly-oriented graphite (1/3-2/3 approximation)          
1.500E-01= radius (micron)
  T_rad    <Qem>/a   <Qabs>/a  <Qpr>/a (micron-1)
1.000E+01 1.388E-03 1.395E-03 1.395E-03
1.259E+01 2.234E-03 2.243E-03 2.246E-03
1.585E+01 3.596E-03 3.604E-03 3.607E-03
1.995E+01 5.763E-03 5.766E-03 5.766E-03
2.512E+01 9.185E-03 9.185E-03 9.170E-03
3.162E+01 1.452E-02 1.452E-02 1.452E-02
3.981E+01 2.244E-02 2.245E-02 2.252E-02
5.012E+01 3.322E-02 3.324E-02 3.324E-02
6.310E+01 4.611E-02 4.612E-02 4.617E-02
7.943E+01 5.923E-02 5.922E-02 5.923E-02
1.000E+02 7.042E-02 7.041E-02 7.048E-02
1.259E+02 7.860E-02 7.860E-02 7.865E-02
1.585E+02 8.474E-02 8.480E-02 8.499E-02
1.995E+02 9.214E-02 9.232E-02 9.262E-02
2.512E+02 1.055E-01 1.057E-01 1.065E-01
3.162E+02 1.312E-01 1.313E-01 1.332E-01
3.981E+02 1.780E-01 1.776E-01 1.824E-01
5.012E+02 2.587E-01 2.574E-01 2.709E-01
6.310E+02 3.917E-01 3.911E-01 4.245E-01
7.943E+02 6.040E-01 6.113E-01 6.970E-01
1.000E+03 9.302E-01 9.662E-01 1.179E+00
1.259E+03 1.398E+00 1.511E+00 2.026E+00
1.585E+03 0.000E+00 2.282E+00 3.419E+00
1.995E+03 0.000E+00 3.267E+00 5.486E+00
2.512E+03 0.000E+00 4.392E+00 8.193E+00
3.162E+03 0.000E+00 5.548E+00 1.124E+01
3.981E+03 0.000E+00 6.626E+00 1.410E+01
5.012E+03 0.000E+00 7.522E+00 1.631E+01
6.310E+03 0.000E+00 8.155E+00 1.800E+01
7.943E+03 0.000E+00 8.494E+00 1.909E+01
1.000E+04 0.000E+00 8.583E+00 1.906E+01
1.259E+04 0.000E+00 8.514E+00 1.886E+01
1.585E+04 0.000E+00 8.360E+00 1.843E+01
1.995E+04 0.000E+00 8.131E+00 1.786E+01
2.512E+04 0.000E+00 7.802E+00 1.733E+01
3.162E+04 0.000E+00 7.368E+00 1.684E+01
3.981E+04 0.000E+00 6.879E+00 1.656E+01
5.012E+04 0.000E+00 6.417E+00 1.580E+01

Randomly-oriented graphite (1/3-2/3 approximation)          
2.000E-01= radius (micron)
  T_rad    <Qem>/a   <Qabs>/a  <Qpr>/a (micron-1)
1.000E+01 1.398E-03 1.403E-03 1.403E-03
1.259E+01 2.245E-03 2.255E-03 2.255E-03
1.585E+01 3.620E-03 3.629E-03 3.624E-03
1.995E+01 5.822E-03 5.826E-03 5.826E-03
2.512E+01 9.327E-03 9.327E-03 9.295E-03
3.162E+01 1.482E-02 1.482E-02 1.482E-02
3.981E+01 2.302E-02 2.302E-02 2.312E-02
5.012E+01 3.419E-02 3.420E-02 3.421E-02
6.310E+01 4.760E-02 4.760E-02 4.768E-02
7.943E+01 6.138E-02 6.136E-02 6.138E-02
1.000E+02 7.348E-02 7.344E-02 7.355E-02
1.259E+02 8.302E-02 8.299E-02 8.310E-02
1.585E+02 9.135E-02 9.147E-02 9.177E-02
1.995E+02 1.025E-01 1.027E-01 1.034E-01
2.512E+02 1.221E-01 1.225E-01 1.244E-01
3.162E+02 1.584E-01 1.594E-01 1.642E-01
3.981E+02 2.227E-01 2.252E-01 2.372E-01
5.012E+02 3.309E-01 3.383E-01 3.710E-01
6.310E+02 5.036E-01 5.254E-01 6.088E-01
7.943E+02 7.639E-01 8.214E-01 1.031E+00
1.000E+03 1.127E+00 1.260E+00 1.755E+00
1.259E+03 1.576E+00 1.851E+00 2.903E+00
1.585E+03 0.000E+00 2.564E+00 4.553E+00
1.995E+03 0.000E+00 3.331E+00 6.633E+00
2.512E+03 0.000E+00 4.084E+00 8.949E+00
3.162E+03 0.000E+00 4.776E+00 1.103E+01
3.981E+03 0.000E+00 5.370E+00 1.268E+01
5.012E+03 0.000E+00 5.823E+00 1.373E+01
6.310E+03 0.000E+00 6.100E+00 1.442E+01
7.943E+03 0.000E+00 6.194E+00 1.429E+01
1.000E+04 0.000E+00 6.150E+00 1.415E+01
1.259E+04 0.000E+00 6.036E+00 1.390E+01
1.585E+04 0.000E+00 5.896E+00 1.333E+01
1.995E+04 0.000E+00 5.727E+00 1.299E+01
2.512E+04 0.000E+00 5.499E+00 1.261E+01
3.162E+04 0.000E+00 5.205E+00 1.227E+01
3.981E+04 0.000E+00 4.881E+00 1.204E+01
5.012E+04 0.000E+00 4.588E+00 1.159E+01

Randomly-oriented graphite (1/3-2/3 approximation)          
3.000E-01= radius (micron)
  T_rad    <Qem>/a   <Qabs>/a  <Qpr>/a (micron-1)
1.000E+01 1.423E-03 1.429E-03 1.432E-03
1.259E+01 2.277E-03 2.288E-03 2.283E-03
1.585E+01 3.683E-03 3.693E-03 3.693E-03
1.995E+01 5.980E-03 5.984E-03 5.985E-03
2.512E+01 9.715E-03 9.715E-03 9.660E-03
3.162E+01 1.567E-02 1.567E-02 1.567E-02
3.981E+01 2.463E-02 2.463E-02 2.476E-02
5.012E+01 3.689E-02 3.689E-02 3.690E-02
6.310E+01 5.169E-02 5.167E-02 5.179E-02
7.943E+01 6.725E-02 6.718E-02 6.724E-02
1.000E+02 8.176E-02 8.166E-02 8.189E-02
1.259E+02 9.496E-02 9.489E-02 9.527E-02
1.585E+02 1.093E-01 1.094E-01 1.104E-01
1.995E+02 1.303E-01 1.308E-01 1.333E-01
2.512E+02 1.658E-01 1.679E-01 1.744E-01
3.162E+02 2.262E-01 2.323E-01 2.501E-01
3.981E+02 3.244E-01 3.408E-01 3.854E-01
5.012E+02 4.729E-01 5.118E-01 6.285E-01
6.310E+02 6.811E-01 7.630E-01 1.043E+00
7.943E+02 9.467E-01 1.101E+00 1.710E+00
1.000E+03 1.241E+00 1.509E+00 2.694E+00
1.259E+03 1.505E+00 1.946E+00 3.976E+00
1.585E+03 0.000E+00 2.368E+00 5.457E+00
1.995E+03 0.000E+00 2.750E+00 6.928E+00
2.512E+03 0.000E+00 3.089E+00 8.117E+00
3.162E+03 0.000E+00 3.383E+00 8.990E+00
3.981E+03 0.000E+00 3.623E+00 9.631E+00
5.012E+03 0.000E+00 3.784E+00 9.517E+00
6.310E+03 0.000E+00 3.854E+00 9.499E+00
7.943E+03 0.000E+00 3.836E+00 9.249E+00
1.000E+04 0.000E+00 3.762E+00 9.060E+00
1.259E+04 0.000E+00 3.671E+00 8.782E+00
1.585E+04 0.000E+00 3.585E+00 8.528E+00
1.995E+04 0.000E+00 3.493E+00 8.280E+00
2.512E+04 0.000E+00 3.369E+00 8.091E+00
3.162E+04 0.000E+00 3.209E+00 7.871E+00
3.981E+04 0.000E+00 3.033E+00 7.719E+00
5.012E+04 0.000E+00 2.882E+00 7.513E+00

Randomly-oriented graphite (1/3-2/3 approximation)          
5.000E-01= radius (micron)
  T_rad    <Qem>/a   <Qabs>/a  <Qpr>/a (micron-1)
1.000E+01 1.483E-03 1.495E-03 1.499E-03
1.259E+01 2.360E-03 2.377E-03 2.367E-03
1.585E+01 3.864E-03 3.881E-03 3.881E-03
1.995E+01 6.472E-03 6.482E-03 6.483E-03
2.512E+01 1.097E-02 1.097E-02 1.090E-02
3.162E+01 1.840E-02 1.839E-02 1.840E-02
3.981E+01 2.967E-02 2.963E-02 2.982E-02
5.012E+01 4.496E-02 4.486E-02 4.491E-02
6.310E+01 6.339E-02 6.317E-02 6.344E-02
7.943E+01 8.330E-02 8.295E-02 8.325E-02
1.000E+02 1.036E-01 1.032E-01 1.040E-01
1.259E+02 1.254E-01 1.249E-01 1.268E-01
1.585E+02 1.524E-01 1.527E-01 1.577E-01
1.995E+02 1.908E-01 1.933E-01 2.062E-01
2.512E+02 2.475E-01 2.559E-01 2.894E-01
3.162E+02 3.290E-01 3.499E-01 4.368E-01
3.981E+02 4.409E-01 4.833E-01 6.873E-01
5.012E+02 5.819E-01 6.582E-01 1.094E+00
6.310E+02 7.384E-01 8.640E-01 1.689E+00
7.943E+02 8.832E-01 1.079E+00 2.470E+00
1.000E+03 9.869E-01 1.280E+00 3.363E+00
1.259E+03 1.042E+00 1.456E+00 4.216E+00
1.585E+03 0.000E+00 1.608E+00 4.866E+00
1.995E+03 0.000E+00 1.743E+00 5.386E+00
2.512E+03 0.000E+00 1.864E+00 5.854E+00
3.162E+03 0.000E+00 1.968E+00 5.661E+00
3.981E+03 0.000E+00 2.046E+00 5.591E+00
5.012E+03 0.000E+00 2.091E+00 5.526E+00
6.310E+03 0.000E+00 2.096E+00 5.336E+00
7.943E+03 0.000E+00 2.067E+00 5.210E+00
1.000E+04 0.000E+00 2.019E+00 5.085E+00
1.259E+04 0.000E+00 1.973E+00 4.949E+00
1.585E+04 0.000E+00 1.937E+00 4.838E+00
1.995E+04 0.000E+00 1.900E+00 4.723E+00
2.512E+04 0.000E+00 1.848E+00 4.614E+00
3.162E+04 0.000E+00 1.775E+00 4.534E+00
3.981E+04 0.000E+00 1.695E+00 4.465E+00
5.012E+04 0.000E+00 1.631E+00 4.375E+00

Randomly-oriented graphite (1/3-2/3 approximation)          
7.000E-01= radius (micron)
  T_rad    <Qem>/a   <Qabs>/a  <Qpr>/a (micron-1)
1.000E+01 1.544E-03 1.568E-03 1.573E-03
1.259E+01 2.461E-03 2.489E-03 2.478E-03
1.585E+01 4.130E-03 4.157E-03 4.159E-03
1.995E+01 7.246E-03 7.264E-03 7.268E-03
2.512E+01 1.292E-02 1.292E-02 1.284E-02
3.162E+01 2.240E-02 2.235E-02 2.237E-02
3.981E+01 3.646E-02 3.630E-02 3.657E-02
5.012E+01 5.487E-02 5.452E-02 5.466E-02
6.310E+01 7.639E-02 7.579E-02 7.629E-02
7.943E+01 9.949E-02 9.862E-02 9.958E-02
1.000E+02 1.235E-01 1.224E-01 1.248E-01
1.259E+02 1.496E-01 1.488E-01 1.543E-01
1.585E+02 1.811E-01 1.816E-01 1.964E-01
1.995E+02 2.228E-01 2.270E-01 2.646E-01
2.512E+02 2.799E-01 2.918E-01 3.848E-01
3.162E+02 3.561E-01 3.814E-01 5.928E-01
3.981E+02 4.499E-01 4.960E-01 9.244E-01
5.012E+02 5.513E-01 6.267E-01 1.397E+00
6.310E+02 6.414E-01 7.588E-01 1.982E+00
7.943E+02 7.045E-01 8.792E-01 2.610E+00
1.000E+03 7.380E-01 9.831E-01 3.208E+00
1.259E+03 7.554E-01 1.072E+00 3.645E+00
1.585E+03 0.000E+00 1.152E+00 3.906E+00
1.995E+03 0.000E+00 1.224E+00 4.005E+00
2.512E+03 0.000E+00 1.290E+00 4.131E+00
3.162E+03 0.000E+00 1.345E+00 3.933E+00
3.981E+03 0.000E+00 1.386E+00 3.844E+00
5.012E+03 0.000E+00 1.407E+00 3.702E+00
6.310E+03 0.000E+00 1.405E+00 3.658E+00
7.943E+03 0.000E+00 1.383E+00 3.597E+00
1.000E+04 0.000E+00 1.351E+00 3.498E+00
1.259E+04 0.000E+00 1.324E+00 3.441E+00
1.585E+04 0.000E+00 1.305E+00 3.348E+00
1.995E+04 0.000E+00 1.287E+00 3.280E+00
2.512E+04 0.000E+00 1.258E+00 3.223E+00
3.162E+04 0.000E+00 1.215E+00 3.167E+00
3.981E+04 0.000E+00 1.167E+00 3.124E+00
5.012E+04 0.000E+00 1.131E+00 3.075E+00

Randomly-oriented graphite (1/3-2/3 approximation)          
1.000E+00= radius (micron)
  T_rad    <Qem>/a   <Qabs>/a  <Qpr>/a (micron-1)
1.000E+01 1.628E-03 1.676E-03 1.685E-03
1.259E+01 2.647E-03 2.699E-03 2.691E-03
1.585E+01 4.713E-03 4.769E-03 4.774E-03
1.995E+01 8.940E-03 8.990E-03 9.002E-03
2.512E+01 1.682E-02 1.682E-02 1.676E-02
3.162E+01 2.942E-02 2.926E-02 2.933E-02
3.981E+01 4.666E-02 4.621E-02 4.668E-02
5.012E+01 6.739E-02 6.655E-02 6.699E-02
6.310E+01 9.007E-02 8.885E-02 8.990E-02
7.943E+01 1.134E-01 1.119E-01 1.147E-01
1.000E+02 1.372E-01 1.356E-01 1.423E-01
1.259E+02 1.625E-01 1.615E-01 1.790E-01
1.585E+02 1.926E-01 1.933E-01 2.373E-01
1.995E+02 2.311E-01 2.359E-01 3.393E-01
2.512E+02 2.816E-01 2.935E-01 5.144E-01
3.162E+02 3.413E-01 3.647E-01 7.845E-01
3.981E+02 4.026E-01 4.430E-01 1.151E+00
5.012E+02 4.559E-01 5.204E-01 1.586E+00
6.310E+02 4.927E-01 5.896E-01 2.013E+00
7.943E+02 5.130E-01 6.493E-01 2.363E+00
1.000E+03 5.236E-01 7.010E-01 2.647E+00
1.259E+03 5.316E-01 7.470E-01 2.877E+00
1.585E+03 0.000E+00 7.891E-01 2.778E+00
1.995E+03 0.000E+00 8.286E-01 2.785E+00
2.512E+03 0.000E+00 8.651E-01 2.690E+00
3.162E+03 0.000E+00 8.963E-01 2.638E+00
3.981E+03 0.000E+00 9.184E-01 2.575E+00
5.012E+03 0.000E+00 9.284E-01 2.514E+00
6.310E+03 0.000E+00 9.248E-01 2.475E+00
7.943E+03 0.000E+00 9.099E-01 2.410E+00
1.000E+04 0.000E+00 8.903E-01 2.380E+00
1.259E+04 0.000E+00 8.749E-01 2.320E+00
1.585E+04 0.000E+00 8.667E-01 2.281E+00
1.995E+04 0.000E+00 8.596E-01 2.238E+00
2.512E+04 0.000E+00 8.447E-01 2.203E+00
3.162E+04 0.000E+00 8.200E-01 2.173E+00
3.981E+04 0.000E+00 7.924E-01 2.149E+00
5.012E+04 0.000E+00 7.724E-01 2.122E+00

Randomly-oriented graphite (1/3-2/3 approximation)          
1.500E+00= radius (micron)
  T_rad    <Qem>/a   <Qabs>/a  <Qpr>/a (micron-1)
1.000E+01 1.748E-03 1.844E-03 1.862E-03
1.259E+01 3.049E-03 3.164E-03 3.159E-03
1.585E+01 6.038E-03 6.188E-03 6.204E-03
1.995E+01 1.228E-02 1.243E-02 1.247E-02
2.512E+01 2.297E-02 2.296E-02 2.312E-02
3.162E+01 3.785E-02 3.749E-02 3.775E-02
3.981E+01 5.558E-02 5.474E-02 5.510E-02
5.012E+01 7.484E-02 7.358E-02 7.514E-02
6.310E+01 9.494E-02 9.341E-02 9.885E-02
7.943E+01 1.156E-01 1.140E-01 1.235E-01
1.000E+02 1.372E-01 1.357E-01 1.606E-01
1.259E+02 1.609E-01 1.601E-01 2.165E-01
1.585E+02 1.887E-01 1.895E-01 3.130E-01
1.995E+02 2.214E-01 2.255E-01 4.664E-01
2.512E+02 2.566E-01 2.665E-01 6.830E-01
3.162E+02 2.895E-01 3.088E-01 9.516E-01
3.981E+02 3.163E-01 3.482E-01 1.236E+00
5.012E+02 3.351E-01 3.839E-01 1.503E+00
6.310E+02 3.456E-01 4.146E-01 1.679E+00
7.943E+02 3.510E-01 4.414E-01 1.772E+00
1.000E+03 3.540E-01 4.653E-01 1.823E+00
1.259E+03 3.566E-01 4.875E-01 1.837E+00
1.585E+03 0.000E+00 5.090E-01 1.786E+00
1.995E+03 0.000E+00 5.304E-01 1.754E+00
2.512E+03 0.000E+00 5.507E-01 1.717E+00
3.162E+03 0.000E+00 5.677E-01 1.676E+00
3.981E+03 0.000E+00 5.791E-01 1.649E+00
5.012E+03 0.000E+00 5.835E-01 1.606E+00
6.310E+03 0.000E+00 5.804E-01 1.575E+00
7.943E+03 0.000E+00 5.711E-01 1.548E+00
1.000E+04 0.000E+00 5.600E-01 1.525E+00
1.259E+04 0.000E+00 5.524E-01 1.504E+00
1.585E+04 0.000E+00 5.502E-01 1.477E+00
1.995E+04 0.000E+00 5.488E-01 1.456E+00
2.512E+04 0.000E+00 5.423E-01 1.438E+00
3.162E+04 0.000E+00 5.291E-01 1.424E+00
3.981E+04 0.000E+00 5.140E-01 1.409E+00
5.012E+04 0.000E+00 5.040E-01 1.396E+00

Randomly-oriented graphite (1/3-2/3 approximation)          
2.000E+00= radius (micron)
  T_rad    <Qem>/a   <Qabs>/a  <Qpr>/a (micron-1)
1.000E+01 1.856E-03 1.997E-03 2.017E-03
1.259E+01 3.466E-03 3.658E-03 3.696E-03
1.585E+01 7.234E-03 7.498E-03 7.443E-03
1.995E+01 1.461E-02 1.485E-02 1.495E-02
2.512E+01 2.599E-02 2.598E-02 2.624E-02
3.162E+01 4.037E-02 3.992E-02 4.106E-02
3.981E+01 5.647E-02 5.556E-02 5.714E-02
5.012E+01 7.377E-02 7.256E-02 7.480E-02
6.310E+01 9.239E-02 9.106E-02 1.005E-01
7.943E+01 1.124E-01 1.111E-01 1.368E-01
1.000E+02 1.341E-01 1.329E-01 1.845E-01
1.259E+02 1.575E-01 1.568E-01 2.672E-01
1.585E+02 1.825E-01 1.832E-01 3.905E-01
1.995E+02 2.076E-01 2.111E-01 5.562E-01
2.512E+02 2.301E-01 2.385E-01 7.560E-01
3.162E+02 2.474E-01 2.635E-01 9.590E-01
3.981E+02 2.599E-01 2.851E-01 1.142E+00
5.012E+02 2.662E-01 3.037E-01 1.291E+00
6.310E+02 2.692E-01 3.196E-01 1.375E+00
7.943E+02 2.695E-01 3.337E-01 1.352E+00
1.000E+03 2.690E-01 3.467E-01 1.365E+00
1.259E+03 2.691E-01 3.598E-01 1.305E+00
1.585E+03 0.000E+00 3.737E-01 1.299E+00
1.995E+03 0.000E+00 3.880E-01 1.272E+00
2.512E+03 0.000E+00 4.015E-01 1.244E+00
3.162E+03 0.000E+00 4.125E-01 1.242E+00
3.981E+03 0.000E+00 4.196E-01 1.195E+00
5.012E+03 0.000E+00 4.220E-01 1.184E+00
6.310E+03 0.000E+00 4.194E-01 1.153E+00
7.943E+03 0.000E+00 4.129E-01 1.140E+00
1.000E+04 0.000E+00 4.055E-01 1.120E+00
1.259E+04 0.000E+00 4.012E-01 1.105E+00
1.585E+04 0.000E+00 4.010E-01 1.090E+00
1.995E+04 0.000E+00 4.015E-01 1.077E+00
2.512E+04 0.000E+00 3.981E-01 1.065E+00
3.162E+04 0.000E+00 3.897E-01 1.056E+00
3.981E+04 0.000E+00 3.797E-01 1.047E+00
5.012E+04 0.000E+00 3.735E-01 1.039E+00

Randomly-oriented graphite (1/3-2/3 approximation)          
3.000E+00= radius (micron)
  T_rad    <Qem>/a   <Qabs>/a  <Qpr>/a (micron-1)
1.000E+01 2.009E-03 2.205E-03 2.226E-03
1.259E+01 3.971E-03 4.265E-03 4.319E-03
1.585E+01 8.284E-03 8.672E-03 8.915E-03
1.995E+01 1.586E-02 1.617E-02 1.750E-02
2.512E+01 2.646E-02 2.646E-02 2.736E-02
3.162E+01 3.917E-02 3.874E-02 3.749E-02
3.981E+01 5.355E-02 5.279E-02 5.838E-02
5.012E+01 6.996E-02 6.905E-02 8.712E-02
6.310E+01 8.877E-02 8.784E-02 1.184E-01
7.943E+01 1.096E-01 1.087E-01 1.726E-01
1.000E+02 1.311E-01 1.303E-01 2.507E-01
1.259E+02 1.516E-01 1.511E-01 3.527E-01
1.585E+02 1.692E-01 1.698E-01 4.727E-01
1.995E+02 1.827E-01 1.853E-01 5.986E-01
2.512E+02 1.913E-01 1.973E-01 7.159E-01
3.162E+02 1.954E-01 2.061E-01 8.020E-01
3.981E+02 1.958E-01 2.123E-01 8.568E-01
5.012E+02 1.934E-01 2.168E-01 8.810E-01
6.310E+02 1.898E-01 2.189E-01 8.940E-01
7.943E+02 1.859E-01 2.243E-01 8.753E-01
1.000E+03 1.830E-01 2.293E-01 8.610E-01
1.259E+03 1.815E-01 2.358E-01 8.472E-01
1.585E+03 0.000E+00 2.434E-01 8.278E-01
1.995E+03 0.000E+00 2.515E-01 8.118E-01
2.512E+03 0.000E+00 2.590E-01 7.964E-01
3.162E+03 0.000E+00 2.647E-01 7.890E-01
3.981E+03 0.000E+00 2.682E-01 7.692E-01
5.012E+03 0.000E+00 2.691E-01 7.574E-01
6.310E+03 0.000E+00 2.673E-01 7.467E-01
7.943E+03 0.000E+00 2.634E-01 7.374E-01
1.000E+04 0.000E+00 2.594E-01 7.291E-01
1.259E+04 0.000E+00 2.576E-01 7.209E-01
1.585E+04 0.000E+00 2.588E-01 7.129E-01
1.995E+04 0.000E+00 2.603E-01 7.059E-01
2.512E+04 0.000E+00 2.591E-01 7.001E-01
3.162E+04 0.000E+00 2.546E-01 6.955E-01
3.981E+04 0.000E+00 2.490E-01 6.908E-01
5.012E+04 0.000E+00 2.459E-01 6.866E-01

Randomly-oriented graphite (1/3-2/3 approximation)          
5.000E+00= radius (micron)
  T_rad    <Qem>/a   <Qabs>/a  <Qpr>/a (micron-1)
1.000E+01 2.236E-03 2.430E-03 2.588E-03
1.259E+01 4.327E-03 4.626E-03 5.158E-03
1.585E+01 8.545E-03 8.915E-03 9.589E-03
1.995E+01 1.553E-02 1.580E-02 1.700E-02
2.512E+01 2.519E-02 2.518E-02 3.051E-02
3.162E+01 3.721E-02 3.690E-02 4.761E-02
3.981E+01 5.160E-02 5.109E-02 7.523E-02
5.012E+01 6.821E-02 6.763E-02 1.165E-01
6.310E+01 8.599E-02 8.540E-02 1.745E-01
7.943E+01 1.030E-01 1.024E-01 2.394E-01
1.000E+02 1.173E-01 1.168E-01 3.099E-01
1.259E+02 1.279E-01 1.277E-01 3.759E-01
1.585E+02 1.347E-01 1.351E-01 4.316E-01
1.995E+02 1.379E-01 1.394E-01 4.747E-01
2.512E+02 1.377E-01 1.411E-01 5.015E-01
3.162E+02 1.347E-01 1.405E-01 5.111E-01
3.981E+02 1.298E-01 1.386E-01 5.168E-01
5.012E+02 1.242E-01 1.364E-01 5.174E-01
6.310E+02 1.190E-01 1.351E-01 5.064E-01
7.943E+02 1.149E-01 1.351E-01 4.990E-01
1.000E+03 1.122E-01 1.367E-01 4.894E-01
1.259E+03 1.107E-01 1.396E-01 4.876E-01
1.585E+03 0.000E+00 1.432E-01 4.727E-01
1.995E+03 0.000E+00 1.468E-01 4.710E-01
2.512E+03 0.000E+00 1.502E-01 4.548E-01
3.162E+03 0.000E+00 1.525E-01 4.515E-01
3.981E+03 0.000E+00 1.539E-01 4.456E-01
5.012E+03 0.000E+00 1.541E-01 4.415E-01
6.310E+03 0.000E+00 1.533E-01 4.355E-01
7.943E+03 0.000E+00 1.512E-01 4.311E-01
1.000E+04 0.000E+00 1.494E-01 4.273E-01
1.259E+04 0.000E+00 1.491E-01 4.234E-01
1.585E+04 0.000E+00 1.505E-01 4.199E-01
1.995E+04 0.000E+00 1.522E-01 4.170E-01
2.512E+04 0.000E+00 1.521E-01 4.143E-01
3.162E+04 0.000E+00 1.500E-01 4.123E-01
3.981E+04 0.000E+00 1.473E-01 4.103E-01
5.012E+04 0.000E+00 1.459E-01 4.085E-01

Randomly-oriented graphite (1/3-2/3 approximation)          
7.000E+00= radius (micron)
  T_rad    <Qem>/a   <Qabs>/a  <Qpr>/a (micron-1)
1.000E+01 2.590E-03 2.756E-03 3.127E-03
1.259E+01 4.810E-03 5.067E-03 5.755E-03
1.585E+01 9.084E-03 9.396E-03 1.133E-02
1.995E+01 1.606E-02 1.628E-02 2.078E-02
2.512E+01 2.576E-02 2.575E-02 3.759E-02
3.162E+01 3.774E-02 3.750E-02 6.311E-02
3.981E+01 5.123E-02 5.085E-02 9.900E-02
5.012E+01 6.494E-02 6.452E-02 1.475E-01
6.310E+01 7.735E-02 7.694E-02 2.012E-01
7.943E+01 8.735E-02 8.695E-02 2.480E-01
1.000E+02 9.467E-02 9.433E-02 2.899E-01
1.259E+02 9.959E-02 9.942E-02 3.220E-01
1.585E+02 1.024E-01 1.026E-01 3.439E-01
1.995E+02 1.030E-01 1.040E-01 3.578E-01
2.512E+02 1.014E-01 1.036E-01 3.614E-01
3.162E+02 9.810E-02 1.019E-01 3.625E-01
3.981E+02 9.380E-02 9.956E-02 3.610E-01
5.012E+02 8.944E-02 9.746E-02 3.553E-01
6.310E+02 8.568E-02 9.623E-02 3.486E-01
7.943E+02 8.285E-02 9.615E-02 3.443E-01
1.000E+03 8.094E-02 9.717E-02 3.427E-01
1.259E+03 7.971E-02 9.898E-02 3.335E-01
1.585E+03 0.000E+00 1.012E-01 3.286E-01
1.995E+03 0.000E+00 1.033E-01 3.241E-01
2.512E+03 0.000E+00 1.051E-01 3.200E-01
3.162E+03 0.000E+00 1.064E-01 3.159E-01
3.981E+03 0.000E+00 1.072E-01 3.130E-01
5.012E+03 0.000E+00 1.073E-01 3.091E-01
6.310E+03 0.000E+00 1.067E-01 3.063E-01
7.943E+03 0.000E+00 1.056E-01 3.036E-01
1.000E+04 0.000E+00 1.045E-01 3.013E-01
1.259E+04 0.000E+00 1.046E-01 2.991E-01
1.585E+04 0.000E+00 1.059E-01 2.970E-01
1.995E+04 0.000E+00 1.072E-01 2.952E-01
2.512E+04 0.000E+00 1.073E-01 2.934E-01
3.162E+04 0.000E+00 1.060E-01 2.921E-01
3.981E+04 0.000E+00 1.042E-01 2.908E-01
5.012E+04 0.000E+00 1.034E-01 2.896E-01

Randomly-oriented graphite (1/3-2/3 approximation)          
1.000E+01= radius (micron)
  T_rad    <Qem>/a   <Qabs>/a  <Qpr>/a (micron-1)
1.000E+01 3.363E-03 3.496E-03 4.452E-03
1.259E+01 5.924E-03 6.134E-03 8.390E-03
1.585E+01 1.055E-02 1.081E-02 1.652E-02
1.995E+01 1.774E-02 1.791E-02 3.108E-02
2.512E+01 2.706E-02 2.706E-02 5.404E-02
3.162E+01 3.729E-02 3.711E-02 8.593E-02
3.981E+01 4.692E-02 4.664E-02 1.225E-01
5.012E+01 5.482E-02 5.454E-02 1.603E-01
6.310E+01 6.067E-02 6.040E-02 1.937E-01
7.943E+01 6.472E-02 6.448E-02 2.161E-01
1.000E+02 6.751E-02 6.730E-02 2.329E-01
1.259E+02 6.938E-02 6.928E-02 2.428E-01
1.585E+02 7.035E-02 7.053E-02 2.475E-01
1.995E+02 7.028E-02 7.094E-02 2.497E-01
2.512E+02 6.909E-02 7.051E-02 2.491E-01
3.162E+02 6.701E-02 6.946E-02 2.464E-01
3.981E+02 6.448E-02 6.819E-02 2.458E-01
5.012E+02 6.199E-02 6.716E-02 2.445E-01
6.310E+02 5.985E-02 6.668E-02 2.371E-01
7.943E+02 5.819E-02 6.685E-02 2.331E-01
1.000E+03 5.695E-02 6.759E-02 2.313E-01
1.259E+03 5.598E-02 6.871E-02 2.266E-01
1.585E+03 0.000E+00 6.994E-02 2.245E-01
1.995E+03 0.000E+00 7.110E-02 2.218E-01
2.512E+03 0.000E+00 7.203E-02 2.194E-01
3.162E+03 0.000E+00 7.279E-02 2.171E-01
3.981E+03 0.000E+00 7.326E-02 2.151E-01
5.012E+03 0.000E+00 7.338E-02 2.133E-01
6.310E+03 0.000E+00 7.308E-02 2.114E-01
7.943E+03 0.000E+00 7.241E-02 2.100E-01
1.000E+04 0.000E+00 7.185E-02 2.086E-01
1.259E+04 0.000E+00 7.208E-02 2.074E-01
1.585E+04 0.000E+00 7.313E-02 2.062E-01
1.995E+04 0.000E+00 7.421E-02 2.050E-01
2.512E+04 0.000E+00 7.440E-02 2.038E-01
3.162E+04 0.000E+00 7.353E-02 2.026E-01
3.981E+04 0.000E+00 7.236E-02 2.018E-01
5.012E+04 0.000E+00 7.193E-02 2.011E-01
