# Marassi et al. 2019 graphite
# Log-normal distribution
# with a0=0.075 [micron], amin=0.001 [micron], amax=1 [micron], alpha=0.1, s=2.2 [g/cm3]
# w [Angstrom] C_abs [cm^2] C_sca [cm^2] g
  1.000000e+01   7.698403e-12   1.466857e-11   2.184616e-02
  1.059000e+01   9.043913e-12   1.648674e-11   2.184616e-02
  1.122000e+01   1.063566e-11   1.851620e-11   2.184616e-02
  1.189000e+01   1.251355e-11   2.079332e-11   2.184616e-02
  1.259000e+01   1.460608e-11   2.324703e-11   2.184616e-02
  1.334000e+01   1.704045e-11   2.600312e-11   2.184616e-02
  1.413000e+01   1.985964e-11   2.901951e-11   2.184616e-02
  1.496000e+01   2.308946e-11   3.232460e-11   2.184616e-02
  1.585000e+01   2.676411e-11   3.591532e-11   2.184616e-02
  1.679000e+01   3.093733e-11   3.978984e-11   2.184616e-02
  1.778000e+01   3.563869e-11   4.394387e-11   2.184616e-02
  1.884000e+01   4.091959e-11   4.832087e-11   2.184616e-02
  1.995000e+01   4.674191e-11   5.283518e-11   2.184616e-02
  2.113000e+01   5.313963e-11   5.748275e-11   2.184616e-02
  2.239000e+01   6.020970e-11   6.219081e-11   2.184616e-02
  2.371000e+01   6.773915e-11   6.683474e-11   2.184616e-02
  2.512000e+01   7.581346e-11   7.135436e-11   2.184615e-02
  2.661000e+01   8.442490e-11   7.556090e-11   2.184615e-02
  2.818000e+01   9.350291e-11   7.898781e-11   2.184609e-02
  2.985000e+01   1.027450e-10   8.155589e-11   2.184609e-02
  3.162000e+01   1.117102e-10   8.340211e-11   2.184587e-02
  3.350000e+01   1.208258e-10   8.424785e-11   2.184521e-02
  3.548000e+01   1.298035e-10   8.352950e-11   2.184521e-02
  3.758000e+01   1.384599e-10   8.099316e-11   2.184367e-02
  3.981000e+01   1.466699e-10   7.856350e-11   2.184366e-02
  4.217000e+01   1.546104e-10   6.081665e-11   2.184087e-02
  4.467000e+01   1.448480e-11   2.218326e-11   2.184087e-02
  4.732000e+01   1.649926e-11   2.312076e-11   2.184086e-02
  5.012000e+01   1.880758e-11   5.927189e-11   2.183690e-02
  5.309000e+01   2.141419e-11   7.897335e-11   2.183684e-02
  5.623000e+01   2.437133e-11   1.013216e-10   2.183249e-02
  5.957000e+01   2.771474e-11   1.233850e-10   2.182854e-02
  6.310000e+01   3.131758e-11   1.446357e-10   2.182853e-02
  6.683000e+01   3.538430e-11   1.662455e-10   2.182538e-02
  7.079000e+01   3.983989e-11   1.878389e-10   2.182248e-02
  7.499000e+01   4.469919e-11   2.093555e-10   2.182195e-02
  7.943000e+01   5.008884e-11   2.308712e-10   2.181872e-02
  8.414000e+01   5.587914e-11   2.517815e-10   2.181800e-02
  8.913000e+01   6.210783e-11   2.718233e-10   2.181403e-02
  9.441000e+01   6.878332e-11   2.905243e-10   2.180784e-02
  1.000000e+02   7.579992e-11   3.074012e-10   2.179817e-02
  1.059000e+02   8.312176e-11   3.222011e-10   2.179189e-02
  1.122000e+02   9.078628e-11   3.344700e-10   2.178532e-02
  1.189000e+02   9.871557e-11   3.436067e-10   2.177528e-02
  1.259000e+02   1.064602e-10   3.493203e-10   2.176313e-02
  1.334000e+02   1.142461e-10   3.517705e-10   2.174563e-02
  1.413000e+02   1.218814e-10   3.509598e-10   2.172823e-02
  1.496000e+02   1.292772e-10   3.468410e-10   2.170516e-02
  1.585000e+02   1.362986e-10   3.399842e-10   2.168173e-02
  1.679000e+02   1.427844e-10   3.309422e-10   2.164305e-02
  1.778000e+02   1.487091e-10   3.203922e-10   2.160318e-02
  1.884000e+02   1.539921e-10   3.091095e-10   2.155066e-02
  1.995000e+02   1.586936e-10   2.976631e-10   2.149156e-02
  2.113000e+02   1.626526e-10   2.871235e-10   2.142669e-02
  2.239000e+02   1.660207e-10   2.776962e-10   2.134238e-02
  2.371000e+02   1.688896e-10   2.698801e-10   2.125329e-02
  2.512000e+02   1.713191e-10   2.637170e-10   2.115163e-02
  2.661000e+02   1.734156e-10   2.593556e-10   2.104379e-02
  2.818000e+02   1.752662e-10   2.564444e-10   2.092729e-02
  2.985000e+02   1.770267e-10   2.547968e-10   2.080439e-02
  3.162000e+02   1.788176e-10   2.540340e-10   2.067670e-02
  3.350000e+02   1.807749e-10   2.536239e-10   2.055284e-02
  3.548000e+02   1.834476e-10   2.527329e-10   2.044187e-02
  3.758000e+02   1.832459e-10   2.521976e-10   2.041070e-02
  3.981000e+02   1.753589e-10   2.635482e-10   2.008646e-02
  4.217000e+02   1.689741e-10   2.753465e-10   1.960911e-02
  4.467000e+02   1.688578e-10   2.830285e-10   1.914953e-02
  4.732000e+02   1.696159e-10   2.894469e-10   1.873701e-02
  5.012000e+02   1.712155e-10   2.952969e-10   1.834915e-02
  5.309000e+02   1.723532e-10   3.025914e-10   1.795002e-02
  5.623000e+02   1.761755e-10   3.092321e-10   1.759390e-02
  5.957000e+02   1.830029e-10   3.112378e-10   1.741353e-02
  6.310000e+02   1.848217e-10   3.186370e-10   1.715426e-02
  6.683000e+02   1.859801e-10   3.349026e-10   1.666830e-02
  7.079000e+02   1.985197e-10   3.434738e-10   1.647051e-02
  7.499000e+02   2.137528e-10   3.445519e-10   1.647837e-02
  7.943000e+02   2.257187e-10   3.430181e-10   1.650230e-02
  8.414000e+02   2.338340e-10   3.371515e-10   1.656237e-02
  8.913000e+02   2.420057e-10   3.309006e-10   1.664032e-02
  9.441000e+02   2.450637e-10   3.377102e-10   1.637566e-02
  1.000000e+03   2.513373e-10   3.305034e-10   1.638292e-02
  1.059000e+03   2.578732e-10   3.218302e-10   1.645632e-02
  1.122000e+03   2.730696e-10   2.999383e-10   1.695539e-02
  1.189000e+03   2.921555e-10   2.852865e-10   1.747807e-02
  1.259000e+03   3.028256e-10   2.899858e-10   1.768011e-02
  1.334000e+03   3.016663e-10   3.095776e-10   1.792902e-02
  1.413000e+03   2.930264e-10   2.881564e-10   1.800997e-02
  1.496000e+03   2.840441e-10   2.348405e-10   1.757514e-02
  1.585000e+03   2.789299e-10   2.144906e-10   1.728142e-02
  1.679000e+03   2.764202e-10   2.209045e-10   1.711306e-02
  1.778000e+03   2.755638e-10   2.528391e-10   1.654303e-02
  1.884000e+03   2.765220e-10   2.938339e-10   1.576219e-02
  1.995000e+03   2.848773e-10   3.248015e-10   1.498066e-02
  2.113000e+03   2.986753e-10   3.501764e-10   1.421547e-02
  2.239000e+03   3.040866e-10   3.776365e-10   1.344941e-02
  2.371000e+03   2.972374e-10   3.896799e-10   1.265973e-02
  2.512000e+03   2.916276e-10   3.824206e-10   1.202900e-02
  2.661000e+03   2.943502e-10   3.676457e-10   1.156995e-02
  2.818000e+03   3.035354e-10   3.536781e-10   1.123996e-02
  2.985000e+03   3.142693e-10   3.440161e-10   1.090590e-02
  3.162000e+03   3.228643e-10   3.390127e-10   1.048480e-02
  3.350000e+03   3.303001e-10   3.365076e-10   1.001449e-02
  3.548000e+03   3.354090e-10   3.353950e-10   9.452944e-03
  3.758000e+03   3.388916e-10   3.348196e-10   8.834461e-03
  3.981000e+03   3.413152e-10   3.353068e-10   8.190660e-03
  4.217000e+03   3.418052e-10   3.366772e-10   7.577377e-03
  4.467000e+03   3.388601e-10   3.375159e-10   7.025347e-03
  4.732000e+03   3.318728e-10   3.342050e-10   6.504926e-03
  5.012000e+03   3.214534e-10   3.247313e-10   5.986009e-03
  5.309000e+03   3.082298e-10   3.090011e-10   5.471039e-03
  5.623000e+03   2.930858e-10   2.884643e-10   4.941311e-03
  5.957000e+03   2.768036e-10   2.644582e-10   4.410441e-03
  6.310000e+03   2.601865e-10   2.382693e-10   3.888330e-03
  6.683000e+03   2.435151e-10   2.113774e-10   3.389888e-03
  7.079000e+03   2.270202e-10   1.850850e-10   2.934498e-03
  7.499000e+03   2.107329e-10   1.600933e-10   2.537481e-03
  7.943000e+03   1.946584e-10   1.368924e-10   2.205383e-03
  8.414000e+03   1.788497e-10   1.157583e-10   1.922885e-03
  8.913000e+03   1.634269e-10   9.684719e-11   1.691154e-03
  9.441000e+03   1.484871e-10   8.019365e-11   1.503612e-03
  1.000000e+04   1.342402e-10   6.575843e-11   1.352783e-03
  1.059000e+04   1.207875e-10   5.344417e-11   1.230417e-03
  1.122000e+04   1.082666e-10   4.308438e-11   1.130248e-03
  1.189000e+04   9.678059e-11   3.449722e-11   1.044736e-03
  1.259000e+04   8.631919e-11   2.746904e-11   9.713833e-04
  1.334000e+04   7.687849e-11   2.179555e-11   9.015756e-04
  1.413000e+04   6.836976e-11   1.723447e-11   8.422089e-04
  1.496000e+04   6.076921e-11   1.359352e-11   7.888812e-04
  1.585000e+04   5.405369e-11   1.070788e-11   7.351053e-04
  1.679000e+04   4.810522e-11   8.435793e-12   6.822239e-04
  1.778000e+04   4.281532e-11   6.644091e-12   6.336989e-04
  1.884000e+04   3.812830e-11   5.231910e-12   5.888054e-04
  1.995000e+04   3.400001e-11   4.122474e-12   5.457819e-04
  2.113000e+04   3.035656e-11   3.251165e-12   5.032349e-04
  2.239000e+04   2.711942e-11   2.565272e-12   4.645176e-04
  2.371000e+04   2.425310e-11   2.025389e-12   4.281632e-04
  2.512000e+04   2.172880e-11   1.600954e-12   3.925625e-04
  2.661000e+04   1.948699e-11   1.266635e-12   3.581636e-04
  2.818000e+04   1.748287e-11   1.002653e-12   3.278231e-04
  2.985000e+04   1.569441e-11   7.939219e-13   3.003174e-04
  3.162000e+04   1.408447e-11   6.289652e-13   2.734821e-04
  3.350000e+04   1.268318e-11   4.986210e-13   2.492543e-04
  3.548000e+04   1.141036e-11   3.954250e-13   2.273163e-04
  3.758000e+04   1.027822e-11   3.136659e-13   2.066372e-04
  3.981000e+04   9.267435e-12   2.489121e-13   1.871406e-04
  4.217000e+04   8.363153e-12   1.976440e-13   1.692203e-04
  4.467000e+04   7.552687e-12   1.569617e-13   1.522946e-04
  4.732000e+04   6.825594e-12   1.246514e-13   1.367305e-04
  5.012000e+04   6.173979e-12   9.900948e-14   1.226729e-04
  5.309000e+04   5.581785e-12   7.868370e-14   1.094267e-04
  5.623000e+04   5.046940e-12   6.250881e-14   9.780715e-05
  5.957000e+04   4.567117e-12   4.966311e-14   8.718901e-05
  6.310000e+04   4.098680e-12   3.943866e-14   8.029814e-05
  6.683000e+04   3.752296e-12   3.133621e-14   6.905973e-05
  7.079000e+04   3.408830e-12   2.489462e-14   6.075470e-05
  7.499000e+04   3.102619e-12   1.977330e-14   5.324359e-05
  7.943000e+04   2.833606e-12   1.570725e-14   4.582147e-05
  8.414000e+04   2.589408e-12   1.247623e-14   3.909547e-05
  8.913000e+04   2.372500e-12   9.907085e-15   3.346603e-05
  9.441000e+04   2.183003e-12   7.864470e-15   2.846804e-05
  1.000000e+05   2.021484e-12   6.240856e-15   2.384202e-05
  1.059000e+05   1.881267e-12   4.953934e-15   1.941936e-05
  1.122000e+05   1.778892e-12   3.919668e-15   1.525591e-05
  1.189000e+05   1.658832e-12   3.128095e-15   1.140893e-05
  1.259000e+05   1.587081e-12   2.478259e-15   7.304041e-06
  1.334000e+05   1.525644e-12   1.965507e-15   3.694673e-06
  1.413000e+05   1.481767e-12   1.558827e-15   6.960054e-07
  1.496000e+05   1.457288e-12   1.236263e-15  -1.929515e-06
  1.585000e+05   1.451309e-12   9.806331e-16  -4.367536e-06
  1.679000e+05   1.461682e-12   7.781591e-16  -6.913094e-06
  1.778000e+05   1.487803e-12   6.178538e-16  -9.311432e-06
  1.884000e+05   1.529212e-12   4.909367e-16  -1.163180e-05
  1.995000e+05   1.582334e-12   3.906999e-16  -1.442757e-05
  2.113000e+05   1.645868e-12   3.111712e-16  -1.662734e-05
  2.239000e+05   1.717896e-12   2.483081e-16  -1.817821e-05
  2.371000e+05   1.795508e-12   1.986124e-16  -1.946333e-05
  2.512000e+05   1.869312e-12   1.593200e-16  -2.143837e-05
  2.661000e+05   1.934474e-12   1.281444e-16  -2.235517e-05
  2.818000e+05   1.984787e-12   1.033484e-16  -2.262205e-05
  2.985000e+05   2.013135e-12   8.357012e-17  -2.236815e-05
  3.162000e+05   2.015556e-12   6.772550e-17  -2.168213e-05
  3.350000e+05   1.988016e-12   5.495506e-17  -2.053696e-05
  3.548000e+05   1.930120e-12   4.460200e-17  -1.893514e-05
  3.758000e+05   1.846007e-12   3.617580e-17  -1.702345e-05
  3.981000e+05   1.741073e-12   2.930601e-17  -1.493873e-05
  4.217000e+05   1.621669e-12   2.369724e-17  -1.274186e-05
  4.467000e+05   1.494555e-12   1.912474e-17  -1.007035e-05
  4.732000e+05   1.365241e-12   1.540008e-17  -6.344208e-06
  5.012000e+05   1.237989e-12   1.237429e-17  -1.973582e-06
  5.309000e+05   1.115886e-12   9.925833e-18   2.396380e-06
  5.623000e+05   1.001041e-12   7.948528e-18   6.174943e-06
  5.957000e+05   8.947855e-13   6.355860e-18   9.301081e-06
  6.310000e+05   7.976313e-13   5.076514e-18   1.165494e-05
  6.683000e+05   7.095605e-13   4.050928e-18   1.323773e-05
  7.079000e+05   6.304514e-13   3.229349e-18   1.413359e-05
  7.499000e+05   5.596498e-13   2.572954e-18   1.443352e-05
  7.943000e+05   4.964676e-13   2.048789e-18   1.424449e-05
  8.414000e+05   4.404379e-13   1.630367e-18   1.348390e-05
  8.913000e+05   3.910076e-13   1.296987e-18   1.218541e-05
  9.441000e+05   3.472545e-13   1.031401e-18   1.075662e-05
  1.000000e+06   3.085843e-13   8.199941e-19   9.336794e-06
  1.059000e+06   2.747965e-13   6.516986e-19   7.715599e-06
  1.122000e+06   2.454945e-13   5.178133e-19   5.994928e-06
  1.189000e+06   2.206347e-13   4.113768e-19   4.354121e-06
  1.259000e+06   1.997697e-13   3.269468e-19   2.890192e-06
  1.334000e+06   1.819308e-13   2.601973e-19   1.637788e-06
  1.413000e+06   1.645574e-13   2.074620e-19   5.859397e-07
  1.496000e+06   1.460160e-13   1.653939e-19  -2.790757e-07
  1.585000e+06   1.280442e-13   1.315826e-19  -9.814990e-07
  1.679000e+06   1.121729e-13   1.045905e-19  -1.552255e-06
  1.778000e+06   9.855329e-14   8.306925e-20  -2.010290e-06
  1.884000e+06   8.687242e-14   6.597623e-20  -2.379733e-06
  1.995000e+06   7.677629e-14   5.240180e-20  -2.672419e-06
  2.113000e+06   6.799617e-14   4.160870e-20  -2.890369e-06
  2.239000e+06   6.029843e-14   3.304943e-20  -3.060163e-06
  2.371000e+06   5.353602e-14   2.624839e-20  -3.171629e-06
  2.512000e+06   4.756713e-14   2.084835e-20  -3.237294e-06
  2.661000e+06   4.230059e-14   1.655723e-20  -3.273103e-06
  2.818000e+06   3.762169e-14   1.315279e-20  -3.272027e-06
  2.985000e+06   3.348484e-14   1.044638e-20  -3.241020e-06
  3.162000e+06   2.981124e-14   8.296151e-21  -3.186061e-06
  3.350000e+06   2.654386e-14   6.590372e-21  -3.111932e-06
  3.548000e+06   2.364234e-14   5.233988e-21  -3.006559e-06
  3.758000e+06   2.106307e-14   4.158101e-21  -2.908005e-06
  3.981000e+06   1.876630e-14   3.302390e-21  -2.744453e-06
  4.217000e+06   1.672244e-14   2.623296e-21  -2.623383e-06
  4.467000e+06   1.490409e-14   2.083624e-21  -2.384814e-06
  4.732000e+06   1.328307e-14   1.655135e-21  -2.261723e-06
  5.012000e+06   1.183990e-14   1.314673e-21  -1.923689e-06
  5.309000e+06   1.055433e-14   1.044166e-21  -1.809198e-06
  5.623000e+06   9.408190e-15   8.295024e-22  -1.390661e-06
  5.957000e+06   8.387567e-15   6.588122e-22  -1.301826e-06
  6.310000e+06   7.477044e-15   5.233549e-22  -8.712391e-07
  6.683000e+06   6.665700e-15   4.156797e-22  -8.107206e-07
  7.079000e+06   5.942328e-15   3.302125e-22  -4.595930e-07
  7.499000e+06   5.297980e-15   2.622679e-22  -4.277280e-07
  7.943000e+06   4.723012e-15   2.083315e-22  -1.990271e-07
  8.414000e+06   4.210830e-15   1.654754e-22  -1.845558e-07
  8.913000e+06   3.753588e-15   1.314479e-22  -7.019687e-08
  9.441000e+06   3.346318e-15   1.044042e-22  -6.497502e-08
  1.000000e+07   2.983198e-15   8.293754e-23  -1.980316e-08
