# Nozawa et al. 2007 graphite
# Power-law with exponential cutoff distribution
# with acut=0.0214 [micron], amin=0.0016 [micron], amax=1 [micron], alpha=1.15, s=2.2 [g/cm3]
# w [Angstrom] C_abs [cm^2] C_sca [cm^2] g
  1.000000e+01   2.166211e-16   4.788174e-16   6.270169e-07
  1.059000e+01   2.543314e-16   5.377005e-16   6.270166e-07
  1.122000e+01   2.989035e-16   5.994151e-16   6.270145e-07
  1.189000e+01   3.514022e-16   6.714994e-16   6.270142e-07
  1.259000e+01   4.098041e-16   7.441058e-16   6.270110e-07
  1.334000e+01   4.776351e-16   8.289935e-16   6.270105e-07
  1.413000e+01   5.559965e-16   9.171998e-16   6.270060e-07
  1.496000e+01   6.455784e-16   1.016195e-15   6.270052e-07
  1.585000e+01   7.472478e-16   1.120958e-15   6.269988e-07
  1.679000e+01   8.622732e-16   1.233938e-15   6.269976e-07
  1.778000e+01   9.915102e-16   1.353649e-15   6.269885e-07
  1.884000e+01   1.136048e-15   1.477403e-15   6.269867e-07
  1.995000e+01   1.294836e-15   1.603126e-15   6.269741e-07
  2.113000e+01   1.468576e-15   1.729233e-15   6.269714e-07
  2.239000e+01   1.659679e-15   1.854192e-15   6.269543e-07
  2.371000e+01   1.862404e-15   1.973814e-15   6.269502e-07
  2.512000e+01   2.078773e-15   2.086483e-15   6.269274e-07
  2.661000e+01   2.308536e-15   2.187380e-15   6.269215e-07
  2.818000e+01   2.549972e-15   2.263989e-15   6.268917e-07
  2.985000e+01   2.795119e-15   2.315737e-15   6.268830e-07
  3.162000e+01   3.032403e-15   2.347964e-15   6.268449e-07
  3.350000e+01   3.273666e-15   2.353266e-15   6.267929e-07
  3.548000e+01   3.511669e-15   2.317835e-15   6.267848e-07
  3.758000e+01   3.741923e-15   2.236146e-15   6.267210e-07
  3.981000e+01   3.961535e-15   2.159604e-15   6.266938e-07
  4.217000e+01   4.175605e-15   1.679779e-15   6.266329e-07
  4.467000e+01   4.064286e-16   7.060497e-16   6.266156e-07
  4.732000e+01   4.625280e-16   7.340060e-16   6.265821e-07
  5.012000e+01   5.267548e-16   1.839315e-15   6.265016e-07
  5.309000e+01   5.991050e-16   2.417326e-15   6.264564e-07
  5.623000e+01   6.809762e-16   3.053417e-15   6.263645e-07
  5.957000e+01   7.733792e-16   3.659707e-15   6.262486e-07
  6.310000e+01   8.726219e-16   4.223175e-15   6.262009e-07
  6.683000e+01   9.842370e-16   4.775202e-15   6.260715e-07
  7.079000e+01   1.106267e-15   5.305506e-15   6.259165e-07
  7.499000e+01   1.238859e-15   5.813032e-15   6.258276e-07
  7.943000e+01   1.385290e-15   6.297852e-15   6.256296e-07
  8.414000e+01   1.542038e-15   6.747479e-15   6.255150e-07
  8.913000e+01   1.710010e-15   7.156921e-15   6.253809e-07
  9.441000e+01   1.889119e-15   7.518816e-15   6.251228e-07
  1.000000e+02   2.076839e-15   7.827195e-15   6.248612e-07
  1.059000e+02   2.271837e-15   8.080715e-15   6.245142e-07
  1.122000e+02   2.475343e-15   8.276402e-15   6.242617e-07
  1.189000e+02   2.685328e-15   8.407895e-15   6.238305e-07
  1.259000e+02   2.890116e-15   8.478150e-15   6.233683e-07
  1.334000e+02   3.095962e-15   8.494135e-15   6.227334e-07
  1.413000e+02   3.298299e-15   8.461087e-15   6.220962e-07
  1.496000e+02   3.495203e-15   8.381353e-15   6.212786e-07
  1.585000e+02   3.683494e-15   8.267621e-15   6.203976e-07
  1.679000e+02   3.859608e-15   8.127929e-15   6.192268e-07
  1.778000e+02   4.023280e-15   7.973640e-15   6.179027e-07
  1.884000e+02   4.172605e-15   7.814319e-15   6.163042e-07
  1.995000e+02   4.309429e-15   7.655178e-15   6.145453e-07
  2.113000e+02   4.429176e-15   7.509989e-15   6.125864e-07
  2.239000e+02   4.535785e-15   7.380372e-15   6.101198e-07
  2.371000e+02   4.631327e-15   7.270873e-15   6.075449e-07
  2.512000e+02   4.716897e-15   7.182437e-15   6.045760e-07
  2.661000e+02   4.794549e-15   7.117932e-15   6.012860e-07
  2.818000e+02   4.866103e-15   7.070560e-15   5.977686e-07
  2.985000e+02   4.935696e-15   7.041219e-15   5.939978e-07
  3.162000e+02   5.006121e-15   7.022510e-15   5.899705e-07
  3.350000e+02   5.080688e-15   7.005583e-15   5.859710e-07
  3.548000e+02   5.175032e-15   6.965328e-15   5.822705e-07
  3.758000e+02   5.164605e-15   6.913863e-15   5.807479e-07
  3.981000e+02   4.941373e-15   7.283015e-15   5.713732e-07
  4.217000e+02   4.778065e-15   7.661848e-15   5.575258e-07
  4.467000e+02   4.808815e-15   7.873448e-15   5.435840e-07
  4.732000e+02   4.861638e-15   8.051676e-15   5.309285e-07
  5.012000e+02   4.938648e-15   8.216817e-15   5.191165e-07
  5.309000e+02   5.004675e-15   8.431596e-15   5.069934e-07
  5.623000e+02   5.157163e-15   8.632837e-15   4.961896e-07
  5.957000e+02   5.390710e-15   8.693446e-15   4.903594e-07
  6.310000e+02   5.477288e-15   8.914815e-15   4.823104e-07
  6.683000e+02   5.573457e-15   9.419419e-15   4.682129e-07
  7.079000e+02   6.007232e-15   9.708751e-15   4.621924e-07
  7.499000e+02   6.481760e-15   9.766468e-15   4.615166e-07
  7.943000e+02   6.822792e-15   9.735342e-15   4.607563e-07
  8.414000e+02   7.041887e-15   9.561577e-15   4.608739e-07
  8.913000e+02   7.280206e-15   9.379088e-15   4.619622e-07
  9.441000e+02   7.371873e-15   9.609047e-15   4.530097e-07
  1.000000e+03   7.530985e-15   9.428273e-15   4.515129e-07
  1.059000e+03   7.700003e-15   9.229010e-15   4.520524e-07
  1.122000e+03   8.055251e-15   8.718298e-15   4.640332e-07
  1.189000e+03   8.435406e-15   8.480220e-15   4.776340e-07
  1.259000e+03   8.491880e-15   8.580910e-15   4.824159e-07
  1.334000e+03   8.255190e-15   8.592955e-15   4.842439e-07
  1.413000e+03   7.917952e-15   7.858679e-15   4.822838e-07
  1.496000e+03   7.628290e-15   6.590935e-15   4.722996e-07
  1.585000e+03   7.515609e-15   5.824192e-15   4.633372e-07
  1.679000e+03   7.520625e-15   5.767684e-15   4.530423e-07
  1.778000e+03   7.589574e-15   6.462648e-15   4.326501e-07
  1.884000e+03   7.749829e-15   7.438130e-15   4.073473e-07
  1.995000e+03   8.171613e-15   8.326789e-15   3.835545e-07
  2.113000e+03   8.746626e-15   9.200749e-15   3.611542e-07
  2.239000e+03   8.967473e-15   1.011673e-14   3.370816e-07
  2.371000e+03   8.705396e-15   1.051711e-14   3.121296e-07
  2.512000e+03   8.428526e-15   1.027630e-14   2.926729e-07
  2.661000e+03   8.406367e-15   9.792503e-15   2.795303e-07
  2.818000e+03   8.569108e-15   9.316399e-15   2.716292e-07
  2.985000e+03   8.759771e-15   8.944178e-15   2.650795e-07
  3.162000e+03   8.872006e-15   8.680618e-15   2.571176e-07
  3.350000e+03   8.932466e-15   8.454686e-15   2.484593e-07
  3.548000e+03   8.929973e-15   8.255538e-15   2.377767e-07
  3.758000e+03   8.883478e-15   8.072160e-15   2.259081e-07
  3.981000e+03   8.797411e-15   7.912768e-15   2.134061e-07
  4.217000e+03   8.652525e-15   7.771562e-15   2.011951e-07
  4.467000e+03   8.433046e-15   7.640672e-15   1.894150e-07
  4.732000e+03   8.147615e-15   7.485227e-15   1.773851e-07
  5.012000e+03   7.819743e-15   7.283911e-15   1.650311e-07
  5.309000e+03   7.461699e-15   7.031187e-15   1.527455e-07
  5.623000e+03   7.086833e-15   6.734326e-15   1.404109e-07
  5.957000e+03   6.703270e-15   6.394799e-15   1.283077e-07
  6.310000e+03   6.324367e-15   6.012314e-15   1.164582e-07
  6.683000e+03   5.951352e-15   5.595939e-15   1.049454e-07
  7.079000e+03   5.587464e-15   5.158540e-15   9.392086e-08
  7.499000e+03   5.233906e-15   4.709204e-15   8.363407e-08
  7.943000e+03   4.891515e-15   4.257273e-15   7.418941e-08
  8.414000e+03   4.559049e-15   3.813701e-15   6.545304e-08
  8.913000e+03   4.238516e-15   3.384039e-15   5.756257e-08
  9.441000e+03   3.928083e-15   2.976049e-15   5.052651e-08
  1.000000e+04   3.630159e-15   2.593812e-15   4.438842e-08
  1.059000e+04   3.343296e-15   2.241973e-15   3.907822e-08
  1.122000e+04   3.069086e-15   1.921280e-15   3.450609e-08
  1.189000e+04   2.809346e-15   1.633072e-15   3.061524e-08
  1.259000e+04   2.563224e-15   1.376877e-15   2.732372e-08
  1.334000e+04   2.331154e-15   1.153053e-15   2.441084e-08
  1.413000e+04   2.113353e-15   9.580785e-16   2.204221e-08
  1.496000e+04   1.911000e-15   7.903417e-16   2.007273e-08
  1.585000e+04   1.724524e-15   6.475648e-16   1.830889e-08
  1.679000e+04   1.552831e-15   5.274493e-16   1.671805e-08
  1.778000e+04   1.395405e-15   4.270790e-16   1.535996e-08
  1.884000e+04   1.252027e-15   3.438158e-16   1.419414e-08
  1.995000e+04   1.122394e-15   2.754806e-16   1.313053e-08
  2.113000e+04   1.005518e-15   2.198118e-16   1.213553e-08
  2.239000e+04   9.000631e-16   1.747450e-16   1.125828e-08
  2.371000e+04   8.054286e-16   1.384992e-16   1.044693e-08
  2.512000e+04   7.210316e-16   1.095608e-16   9.659690e-09
  2.661000e+04   6.455111e-16   8.653894e-17   8.895989e-09
  2.818000e+04   5.777883e-16   6.826614e-17   8.215315e-09
  2.985000e+04   5.173004e-16   5.380613e-17   7.598475e-09
  3.162000e+04   4.628260e-16   4.239297e-17   7.003962e-09
  3.350000e+04   4.151934e-16   3.340686e-17   6.445086e-09
  3.548000e+04   3.721328e-16   2.633055e-17   5.939712e-09
  3.758000e+04   3.338704e-16   2.075971e-17   5.455517e-09
  3.981000e+04   2.997541e-16   1.637551e-17   4.989615e-09
  4.217000e+04   2.693482e-16   1.292809e-17   4.548128e-09
  4.467000e+04   2.421836e-16   1.021281e-17   4.124446e-09
  4.732000e+04   2.179284e-16   8.070142e-18   3.730129e-09
  5.012000e+04   1.962704e-16   6.380639e-18   3.367410e-09
  5.309000e+04   1.767599e-16   5.050238e-18   3.018321e-09
  5.623000e+04   1.592378e-16   3.997083e-18   2.710060e-09
  5.957000e+04   1.435828e-16   3.164711e-18   2.424206e-09
  6.310000e+04   1.286902e-16   2.505892e-18   2.243729e-09
  6.683000e+04   1.171177e-16   1.985576e-18   1.933326e-09
  7.079000e+04   1.060203e-16   1.573446e-18   1.703880e-09
  7.499000e+04   9.615272e-17   1.246983e-18   1.495088e-09
  7.943000e+04   8.747857e-17   9.885534e-19   1.283674e-09
  8.414000e+04   7.967075e-17   7.839081e-19   1.090346e-09
  8.913000e+04   7.275720e-17   6.214651e-19   9.282178e-10
  9.441000e+04   6.671497e-17   4.926430e-19   7.850221e-10
  1.000000e+05   6.153770e-17   3.904554e-19   6.517556e-10
  1.059000e+05   5.704177e-17   3.096078e-19   5.228411e-10
  1.122000e+05   5.367775e-17   2.447243e-19   4.002369e-10
  1.189000e+05   4.987255e-17   1.951095e-19   2.872994e-10
  1.259000e+05   4.748327e-17   1.544630e-19   1.635679e-10
  1.334000e+05   4.544444e-17   1.224222e-19   5.417363e-11
  1.413000e+05   4.393577e-17   9.703232e-20  -3.638909e-11
  1.496000e+05   4.301135e-17   7.690508e-20  -1.155037e-10
  1.585000e+05   4.262824e-17   6.097330e-20  -1.891298e-10
  1.679000e+05   4.273639e-17   4.836321e-20  -2.668802e-10
  1.778000e+05   4.331046e-17   3.838732e-20  -3.405341e-10
  1.884000e+05   4.433592e-17   3.049146e-20  -4.119693e-10
  1.995000e+05   4.570914e-17   2.425690e-20  -4.995877e-10
  2.113000e+05   4.740465e-17   1.931377e-20  -5.687050e-10
  2.239000e+05   4.935047e-17   1.540827e-20  -6.169387e-10
  2.371000e+05   5.146202e-17   1.232247e-20  -6.569886e-10
  2.512000e+05   5.347865e-17   9.882909e-21  -7.189876e-10
  2.661000e+05   5.526790e-17   7.948088e-21  -7.480419e-10
  2.818000e+05   5.664315e-17   6.409223e-21  -7.561790e-10
  2.985000e+05   5.740656e-17   5.182424e-21  -7.470581e-10
  3.162000e+05   5.744166e-17   4.199583e-21  -7.249080e-10
  3.350000e+05   5.663592e-17   3.407317e-21  -6.871405e-10
  3.548000e+05   5.497271e-17   2.765370e-21  -6.345227e-10
  3.758000e+05   5.257400e-17   2.243064e-21  -5.725588e-10
  3.981000e+05   4.958668e-17   1.816910e-21  -5.047069e-10
  4.217000e+05   4.619403e-17   1.469232e-21  -4.330733e-10
  4.467000e+05   4.258369e-17   1.185608e-21  -3.461460e-10
  4.732000e+05   3.891517e-17   9.546837e-22  -2.249721e-10
  5.012000e+05   3.530037e-17   7.670322e-22  -8.212847e-11
  5.309000e+05   3.182125e-17   6.151905e-22   6.198941e-11
  5.623000e+05   2.854570e-17   4.926037e-22   1.874208e-10
  5.957000e+05   2.550893e-17   3.938690e-22   2.921087e-10
  6.310000e+05   2.272851e-17   3.145737e-22   3.713546e-10
  6.683000e+05   2.020806e-17   2.509767e-22   4.251045e-10
  7.079000e+05   1.794264e-17   2.000615e-22   4.563545e-10
  7.499000e+05   1.591502e-17   1.593961e-22   4.675277e-10
  7.943000e+05   1.410638e-17   1.269134e-22   4.624972e-10
  8.414000e+05   1.250294e-17   1.009850e-22   4.381005e-10
  8.913000e+05   1.108930e-17   8.033026e-23   3.956626e-10
  9.441000e+05   9.841134e-18   6.388043e-23   3.487127e-10
  1.000000e+06   8.738796e-18   5.078124e-23   3.020711e-10
  1.059000e+06   7.775410e-18   4.035235e-23   2.487783e-10
  1.122000e+06   6.942475e-18   3.205423e-23   1.921829e-10
  1.189000e+06   6.239102e-18   2.545843e-23   1.378745e-10
  1.259000e+06   5.657175e-18   2.022360e-23   8.954811e-11
  1.334000e+06   5.174295e-18   1.610006e-23   4.806480e-11
  1.413000e+06   4.687707e-18   1.287313e-23   1.300072e-11
  1.496000e+06   4.131872e-18   1.027560e-23  -1.596166e-11
  1.585000e+06   3.605980e-18   8.169392e-24  -3.971561e-11
  1.679000e+06   3.155729e-18   6.487259e-24  -5.910061e-11
  1.778000e+06   2.774140e-18   5.150335e-24  -7.501999e-11
  1.884000e+06   2.447500e-18   4.088717e-24  -8.795453e-11
  1.995000e+06   2.164999e-18   3.246704e-24  -9.844132e-11
  2.113000e+06   1.918780e-18   2.577816e-24  -1.066184e-10
  2.239000e+06   1.702698e-18   2.047253e-24  -1.130795e-10
  2.371000e+06   1.512553e-18   1.625894e-24  -1.178056e-10
  2.512000e+06   1.344640e-18   1.291248e-24  -1.210998e-10
  2.661000e+06   1.196236e-18   1.025500e-24  -1.231918e-10
  2.818000e+06   1.064536e-18   8.146123e-25  -1.240660e-10
  2.985000e+06   9.478182e-19   6.469451e-25  -1.242042e-10
  3.162000e+06   8.442448e-19   5.138681e-25  -1.230759e-10
  3.350000e+06   7.520868e-19   4.081642e-25  -1.216333e-10
  3.548000e+06   6.702246e-19   3.241482e-25  -1.187866e-10
  3.758000e+06   5.973923e-19   2.575092e-25  -1.163605e-10
  3.981000e+06   5.325683e-19   2.045122e-25  -1.118648e-10
  4.217000e+06   4.748558e-19   1.624696e-25  -1.085373e-10
  4.467000e+06   4.234946e-19   1.290356e-25  -1.027527e-10
  4.732000e+06   3.776795e-19   1.024995e-25  -9.890398e-11
  5.012000e+06   3.368839e-19   8.141535e-26  -9.186037e-11
  5.309000e+06   3.005280e-19   6.466794e-26  -8.773427e-11
  5.623000e+06   2.681033e-19   5.136956e-26  -7.952323e-11
  5.957000e+06   2.392036e-19   4.079914e-26  -7.554687e-11
  6.310000e+06   2.134062e-19   3.241144e-26  -6.640428e-11
  6.683000e+06   1.904128e-19   2.574217e-26  -6.272069e-11
  7.079000e+06   1.698922e-19   2.045006e-26  -5.307670e-11
  7.499000e+06   1.515967e-19   1.624212e-26  -4.995579e-11
  7.943000e+06   1.352600e-19   1.290208e-26  -4.023467e-11
  8.414000e+06   1.206927e-19   1.024803e-26  -3.769674e-11
  8.913000e+06   1.076778e-19   8.140294e-27  -2.866681e-11
  9.441000e+06   9.607539e-20   6.465783e-27  -2.674977e-11
  1.000000e+07   8.571708e-20   5.136175e-27  -1.894593e-11
