# RAMSES graphite
# Modified log-normal distribution (Hirashita 2015)
# with a0=0.1 [micron], amin=5e-3 [micron], amax=1 [micron], alpha=0.75, s=2.2 [g/cm3]
# w [Angstrom] C_abs [cm^2] C_sca [cm^2] g
  1.000000e+01   5.421817e-14   1.434751e-13   3.631339e-04
  1.059000e+01   6.351900e-14   1.558338e-13   3.630965e-04
  1.122000e+01   7.447739e-14   1.682965e-13   3.630526e-04
  1.189000e+01   8.732476e-14   1.818636e-13   3.630157e-04
  1.259000e+01   1.015472e-13   1.946432e-13   3.629537e-04
  1.334000e+01   1.179839e-13   2.089380e-13   3.629073e-04
  1.413000e+01   1.368913e-13   2.222506e-13   3.628374e-04
  1.496000e+01   1.584002e-13   2.371480e-13   3.627726e-04
  1.585000e+01   1.826993e-13   2.514676e-13   3.626942e-04
  1.679000e+01   2.100725e-13   2.671295e-13   3.626113e-04
  1.778000e+01   2.407673e-13   2.837846e-13   3.625153e-04
  1.884000e+01   2.750511e-13   3.003614e-13   3.624147e-04
  1.995000e+01   3.127587e-13   3.193142e-13   3.623016e-04
  2.113000e+01   3.541629e-13   3.359439e-13   3.621835e-04
  2.239000e+01   4.000225e-13   3.554511e-13   3.620436e-04
  2.371000e+01   4.492114e-13   3.706507e-13   3.618984e-04
  2.512000e+01   5.025177e-13   3.873189e-13   3.617331e-04
  2.661000e+01   5.602941e-13   3.993810e-13   3.615523e-04
  2.818000e+01   6.226263e-13   4.093979e-13   3.613510e-04
  2.985000e+01   6.880215e-13   4.146983e-13   3.611352e-04
  3.162000e+01   7.537403e-13   4.183550e-13   3.608806e-04
  3.350000e+01   8.235234e-13   4.181559e-13   3.606232e-04
  3.548000e+01   8.958580e-13   4.126316e-13   3.603234e-04
  3.758000e+01   9.698077e-13   4.004141e-13   3.600131e-04
  3.981000e+01   1.044674e-12   3.893537e-13   3.596409e-04
  4.217000e+01   1.121325e-12   3.128479e-13   3.592993e-04
  4.467000e+01   1.007327e-13   1.966623e-13   3.588287e-04
  4.732000e+01   1.143371e-13   2.007767e-13   3.583649e-04
  5.012000e+01   1.298359e-13   4.063462e-13   3.578294e-04
  5.309000e+01   1.472509e-13   4.906989e-13   3.572799e-04
  5.623000e+01   1.668575e-13   5.766700e-13   3.566397e-04
  5.957000e+01   1.889127e-13   6.537534e-13   3.559592e-04
  6.310000e+01   2.125463e-13   7.222786e-13   3.551817e-04
  6.683000e+01   2.390544e-13   7.878485e-13   3.543537e-04
  7.079000e+01   2.680329e-13   8.505009e-13   3.534441e-04
  7.499000e+01   2.995474e-13   9.110962e-13   3.524645e-04
  7.943000e+01   3.344559e-13   9.705763e-13   3.513455e-04
  8.414000e+01   3.720592e-13   1.028380e-12   3.501761e-04
  8.913000e+01   4.127223e-13   1.084778e-12   3.487717e-04
  9.441000e+01   4.566280e-13   1.139684e-12   3.472386e-04
  1.000000e+02   5.034703e-13   1.192897e-12   3.456339e-04
  1.059000e+02   5.532333e-13   1.244792e-12   3.438875e-04
  1.122000e+02   6.066720e-13   1.295450e-12   3.420198e-04
  1.189000e+02   6.638028e-13   1.344122e-12   3.400042e-04
  1.259000e+02   7.219217e-13   1.389652e-12   3.378277e-04
  1.334000e+02   7.834088e-13   1.433732e-12   3.353674e-04
  1.413000e+02   8.475326e-13   1.476001e-12   3.326532e-04
  1.496000e+02   9.144219e-13   1.515475e-12   3.295235e-04
  1.585000e+02   9.836734e-13   1.552778e-12   3.259687e-04
  1.679000e+02   1.054663e-12   1.587617e-12   3.219895e-04
  1.778000e+02   1.127872e-12   1.620279e-12   3.174996e-04
  1.884000e+02   1.202687e-12   1.650977e-12   3.126712e-04
  1.995000e+02   1.280193e-12   1.679358e-12   3.073249e-04
  2.113000e+02   1.358033e-12   1.705440e-12   3.016350e-04
  2.239000e+02   1.437859e-12   1.730134e-12   2.955087e-04
  2.371000e+02   1.520101e-12   1.753400e-12   2.890696e-04
  2.512000e+02   1.604795e-12   1.775849e-12   2.823460e-04
  2.661000e+02   1.692108e-12   1.797549e-12   2.753094e-04
  2.818000e+02   1.781797e-12   1.817311e-12   2.681046e-04
  2.985000e+02   1.876104e-12   1.836480e-12   2.606869e-04
  3.162000e+02   1.974899e-12   1.852005e-12   2.532055e-04
  3.350000e+02   2.078504e-12   1.861656e-12   2.456560e-04
  3.548000e+02   2.193091e-12   1.853772e-12   2.382935e-04
  3.758000e+02   2.170742e-12   1.790874e-12   2.313548e-04
  3.981000e+02   2.082650e-12   1.931385e-12   2.219828e-04
  4.217000e+02   2.086538e-12   2.116738e-12   2.115392e-04
  4.467000e+02   2.251664e-12   2.252760e-12   2.014440e-04
  4.732000e+02   2.436662e-12   2.360622e-12   1.921717e-04
  5.012000e+02   2.652131e-12   2.458381e-12   1.836063e-04
  5.309000e+02   2.893889e-12   2.582954e-12   1.753858e-04
  5.623000e+02   3.255433e-12   2.723186e-12   1.680389e-04
  5.957000e+02   3.634383e-12   2.791440e-12   1.621082e-04
  6.310000e+02   3.945034e-12   2.917801e-12   1.555391e-04
  6.683000e+02   4.502263e-12   3.248282e-12   1.479950e-04
  7.079000e+02   5.333701e-12   3.539736e-12   1.421740e-04
  7.499000e+02   5.829736e-12   3.659602e-12   1.366079e-04
  7.943000e+02   5.843855e-12   3.664792e-12   1.301765e-04
  8.414000e+02   5.578842e-12   3.486068e-12   1.253237e-04
  8.913000e+02   5.437023e-12   3.286593e-12   1.229548e-04
  9.441000e+02   5.305610e-12   3.402923e-12   1.165303e-04
  1.000000e+03   4.773427e-12   3.288342e-12   1.137168e-04
  1.059000e+03   4.157576e-12   3.181691e-12   1.124961e-04
  1.122000e+03   3.523779e-12   2.853664e-12   1.163843e-04
  1.189000e+03   3.099005e-12   2.567704e-12   1.195818e-04
  1.259000e+03   2.638906e-12   2.345530e-12   1.167779e-04
  1.334000e+03   2.294158e-12   2.029545e-12   1.117141e-04
  1.413000e+03   2.108537e-12   1.663632e-12   1.063510e-04
  1.496000e+03   2.059129e-12   1.329494e-12   1.003849e-04
  1.585000e+03   2.152862e-12   1.108238e-12   9.445849e-05
  1.679000e+03   2.354393e-12   1.040837e-12   8.816513e-05
  1.778000e+03   2.667612e-12   1.137597e-12   8.057650e-05
  1.884000e+03   3.180879e-12   1.318515e-12   7.271555e-05
  1.995000e+03   4.013240e-12   1.558754e-12   6.570406e-05
  2.113000e+03   4.853117e-12   1.872529e-12   5.896504e-05
  2.239000e+03   4.726713e-12   2.162028e-12   5.181250e-05
  2.371000e+03   3.891317e-12   2.198325e-12   4.551742e-05
  2.512000e+03   3.201632e-12   2.020931e-12   4.136581e-05
  2.661000e+03   2.837150e-12   1.814111e-12   3.948567e-05
  2.818000e+03   2.629561e-12   1.637823e-12   3.953728e-05
  2.985000e+03   2.472673e-12   1.500838e-12   3.994548e-05
  3.162000e+03   2.320971e-12   1.395812e-12   3.972332e-05
  3.350000e+03   2.182772e-12   1.304732e-12   3.902092e-05
  3.548000e+03   2.062157e-12   1.226476e-12   3.772015e-05
  3.758000e+03   1.952607e-12   1.158602e-12   3.614991e-05
  3.981000e+03   1.843973e-12   1.099999e-12   3.449828e-05
  4.217000e+03   1.731725e-12   1.047190e-12   3.288982e-05
  4.467000e+03   1.618262e-12   9.988284e-13   3.130036e-05
  4.732000e+03   1.511449e-12   9.523069e-13   2.962196e-05
  5.012000e+03   1.413465e-12   9.069331e-13   2.789250e-05
  5.309000e+03   1.322528e-12   8.629873e-13   2.616743e-05
  5.623000e+03   1.237454e-12   8.212066e-13   2.444702e-05
  5.957000e+03   1.157576e-12   7.814506e-13   2.277408e-05
  6.310000e+03   1.082911e-12   7.427883e-13   2.114481e-05
  6.683000e+03   1.013097e-12   7.054508e-13   1.957325e-05
  7.079000e+03   9.461067e-13   6.690637e-13   1.807960e-05
  7.499000e+03   8.835063e-13   6.339609e-13   1.668264e-05
  7.943000e+03   8.233974e-13   5.992044e-13   1.538476e-05
  8.414000e+03   7.674224e-13   5.660859e-13   1.416062e-05
  8.913000e+03   7.140616e-13   5.330569e-13   1.303020e-05
  9.441000e+03   6.645262e-13   5.015829e-13   1.197225e-05
  1.000000e+04   6.178233e-13   4.702212e-13   1.101298e-05
  1.059000e+04   5.743015e-13   4.407732e-13   1.011293e-05
  1.122000e+04   5.338195e-13   4.117492e-13   9.292248e-06
  1.189000e+04   4.962897e-13   3.842317e-13   8.514753e-06
  1.259000e+04   4.617911e-13   3.575973e-13   7.810071e-06
  1.334000e+04   4.288994e-13   3.321990e-13   7.122947e-06
  1.413000e+04   3.987440e-13   3.083328e-13   6.512924e-06
  1.496000e+04   3.701845e-13   2.850006e-13   5.934701e-06
  1.585000e+04   3.442943e-13   2.638856e-13   5.405313e-06
  1.679000e+04   3.194497e-13   2.430962e-13   4.891456e-06
  1.778000e+04   2.965786e-13   2.246227e-13   4.437288e-06
  1.884000e+04   2.748575e-13   2.062240e-13   4.010526e-06
  1.995000e+04   2.549666e-13   1.899865e-13   3.623659e-06
  2.113000e+04   2.360796e-13   1.737079e-13   3.258063e-06
  2.239000e+04   2.187012e-13   1.593282e-13   2.923406e-06
  2.371000e+04   2.021878e-13   1.448788e-13   2.613783e-06
  2.512000e+04   1.870088e-13   1.319802e-13   2.324457e-06
  2.661000e+04   1.727255e-13   1.194702e-13   2.051312e-06
  2.818000e+04   1.593806e-13   1.079132e-13   1.804479e-06
  2.985000e+04   1.469628e-13   9.688484e-14   1.574692e-06
  3.162000e+04   1.351875e-13   8.662188e-14   1.362809e-06
  3.350000e+04   1.245935e-13   7.713500e-14   1.168201e-06
  3.548000e+04   1.145481e-13   6.840453e-14   9.937158e-07
  3.758000e+04   1.053166e-13   6.052450e-14   8.382850e-07
  3.981000e+04   9.674238e-14   5.323287e-14   6.957140e-07
  4.217000e+04   8.877431e-14   4.646896e-14   5.639828e-07
  4.467000e+04   8.136969e-14   4.019578e-14   4.428843e-07
  4.732000e+04   7.451873e-14   3.454195e-14   3.336400e-07
  5.012000e+04   6.818400e-14   2.950634e-14   2.380863e-07
  5.309000e+04   6.225849e-14   2.512354e-14   1.517377e-07
  5.623000e+04   5.679183e-14   2.126577e-14   8.135808e-08
  5.957000e+04   5.177045e-14   1.786554e-14   2.335800e-08
  6.310000e+04   4.698968e-14   1.486077e-14  -1.902380e-08
  6.683000e+04   4.293506e-14   1.225500e-14  -6.088241e-08
  7.079000e+04   3.907001e-14   1.000059e-14  -9.516087e-08
  7.499000e+04   3.556044e-14   8.085156e-15  -1.225986e-07
  7.943000e+04   3.238093e-14   6.484683e-15  -1.495424e-07
  8.414000e+04   2.948695e-14   5.164822e-15  -1.742938e-07
  8.913000e+04   2.690683e-14   4.090261e-15  -1.927595e-07
  9.441000e+04   2.462152e-14   3.225817e-15  -2.066434e-07
  1.000000e+05   2.261247e-14   2.536120e-15  -2.171498e-07
  1.059000e+05   2.082798e-14   1.990615e-15  -2.268323e-07
  1.122000e+05   1.938278e-14   1.556212e-15  -2.377457e-07
  1.189000e+05   1.787034e-14   1.225788e-15  -2.432849e-07
  1.259000e+05   1.674820e-14   9.586185e-16  -2.559405e-07
  1.334000e+05   1.577269e-14   7.507872e-16  -2.685325e-07
  1.413000e+05   1.498496e-14   5.883531e-16  -2.769711e-07
  1.496000e+05   1.438150e-14   4.612385e-16  -2.830423e-07
  1.585000e+05   1.394500e-14   3.619163e-16  -2.883884e-07
  1.679000e+05   1.365585e-14   2.842430e-16  -2.958308e-07
  1.778000e+05   1.351373e-14   2.235632e-16  -3.039439e-07
  1.884000e+05   1.350995e-14   1.760685e-16  -3.125355e-07
  1.995000e+05   1.361156e-14   1.389513e-16  -3.270185e-07
  2.113000e+05   1.383858e-14   1.098824e-16  -3.401838e-07
  2.239000e+05   1.415395e-14   8.711133e-17  -3.477284e-07
  2.371000e+05   1.452564e-14   6.926499e-17  -3.524639e-07
  2.512000e+05   1.488055e-14   5.525970e-17  -3.646576e-07
  2.661000e+05   1.521976e-14   4.424760e-17  -3.699643e-07
  2.818000e+05   1.547364e-14   3.554744e-17  -3.697645e-07
  2.985000e+05   1.558821e-14   2.864967e-17  -3.642390e-07
  3.162000e+05   1.553294e-14   2.314925e-17  -3.549236e-07
  3.350000e+05   1.527948e-14   1.873796e-17  -3.416540e-07
  3.548000e+05   1.482121e-14   1.517609e-17  -3.235173e-07
  3.758000e+05   1.418276e-14   1.228669e-17  -3.029708e-07
  3.981000e+05   1.340286e-14   9.937103e-18  -2.805866e-07
  4.217000e+05   1.252627e-14   8.025318e-18  -2.575181e-07
  4.467000e+05   1.160245e-14   6.469380e-18  -2.305007e-07
  4.732000e+05   1.067186e-14   5.206611e-18  -1.923217e-07
  5.012000e+05   9.757747e-15   4.182343e-18  -1.459217e-07
  5.309000e+05   8.862127e-15   3.352001e-18  -9.246549e-08
  5.623000e+05   8.005068e-15   2.681758e-18  -4.038829e-08
  5.957000e+05   7.194376e-15   2.141787e-18   9.537489e-09
  6.310000e+05   6.436028e-15   1.708091e-18   5.404515e-08
  6.683000e+05   5.731511e-15   1.360334e-18   9.245359e-08
  7.079000e+05   5.082431e-15   1.081916e-18   1.230483e-07
  7.499000e+05   4.487549e-15   8.594964e-19   1.456123e-07
  7.943000e+05   3.945995e-15   6.821728e-19   1.593903e-07
  8.414000e+05   3.456547e-15   5.410036e-19   1.625077e-07
  8.913000e+05   3.023705e-15   4.289445e-19   1.530904e-07
  9.441000e+05   2.649566e-15   3.402254e-19   1.379699e-07
  1.000000e+06   2.324120e-15   2.699166e-19   1.204659e-07
  1.059000e+06   2.042430e-15   2.140855e-19   9.899912e-08
  1.122000e+06   1.804537e-15   1.698400e-19   7.508081e-08
  1.189000e+06   1.608193e-15   1.346498e-19   5.203666e-08
  1.259000e+06   1.451105e-15   1.067046e-19   3.144459e-08
  1.334000e+06   1.336239e-15   8.483588e-20   1.405022e-08
  1.413000e+06   1.212763e-15   6.877292e-20  -7.898872e-10
  1.496000e+06   1.043550e-15   5.488735e-20  -1.297170e-08
  1.585000e+06   9.069386e-16   4.344402e-20  -2.310069e-08
  1.679000e+06   7.969894e-16   3.442307e-20  -3.139982e-08
  1.778000e+06   7.043316e-16   2.729886e-20  -3.837226e-08
  1.884000e+06   6.243697e-16   2.166277e-20  -4.418260e-08
  1.995000e+06   5.545715e-16   1.719743e-20  -4.905195e-08
  2.113000e+06   4.932061e-16   1.365255e-20  -5.307084e-08
  2.239000e+06   4.390461e-16   1.084027e-20  -5.645937e-08
  2.371000e+06   3.911271e-16   8.607564e-21  -5.923078e-08
  2.512000e+06   3.486441e-16   6.835611e-21  -6.156321e-08
  2.661000e+06   3.109791e-16   5.428933e-21  -6.338356e-08
  2.818000e+06   2.774853e-16   4.311922e-21  -6.488557e-08
  2.985000e+06   2.477300e-16   3.424598e-21  -6.605363e-08
  3.162000e+06   2.212610e-16   2.719973e-21  -6.682046e-08
  3.350000e+06   1.976980e-16   2.160439e-21  -6.749440e-08
  3.548000e+06   1.767249e-16   1.715814e-21  -6.776104e-08
  3.758000e+06   1.580397e-16   1.362802e-21  -6.800983e-08
  3.981000e+06   1.413981e-16   1.082625e-21  -6.782329e-08
  4.217000e+06   1.265609e-16   8.598488e-22  -6.775180e-08
  4.467000e+06   1.133402e-16   6.829509e-22  -6.713301e-08
  4.732000e+06   1.015371e-16   5.425189e-22  -6.673550e-08
  5.012000e+06   9.100972e-17   4.309327e-22  -6.585677e-08
  5.309000e+06   8.161679e-17   3.422664e-22  -6.522877e-08
  5.623000e+06   7.323458e-17   2.718764e-22  -6.404023e-08
  5.957000e+06   6.574644e-17   2.159387e-22  -6.316214e-08
  6.310000e+06   5.905375e-17   1.715344e-22  -6.181568e-08
  6.683000e+06   5.307743e-17   1.362537e-22  -6.078313e-08
  7.079000e+06   4.773065e-17   1.082212e-22  -5.913463e-08
  7.499000e+06   4.294995e-17   8.596906e-23  -5.787244e-08
  7.943000e+06   3.867165e-17   6.828154e-23  -5.614323e-08
  8.414000e+06   3.484045e-17   5.423673e-23  -5.477581e-08
  8.913000e+06   3.140739e-17   4.307814e-23  -5.279000e-08
  9.441000e+06   2.833175e-17   3.422059e-23  -5.138151e-08
  1.000000e+07   2.557133e-17   2.718013e-23  -4.927451e-08
