# Marassi et al. 2019 silicates
# Log-normal distribution
# with a0=0.025 [micron], amin=0.001 [micron], amax=1 [micron], alpha=0.1, s=3.3 [g/cm3]
# w [Angstrom] C_abs [cm^2] C_sca [cm^2] g
  1.000000e+01   1.157119e-12   3.501043e-13   2.427345e-03
  1.059000e+01   1.340194e-12   3.982647e-13   2.427345e-03
  1.122000e+01   1.544524e-12   4.431226e-13   2.427299e-03
  1.189000e+01   1.775809e-12   4.884017e-13   2.427299e-03
  1.259000e+01   2.024922e-12   5.324481e-13   2.427179e-03
  1.334000e+01   2.301605e-12   5.751687e-13   2.427179e-03
  1.413000e+01   2.606466e-12   6.047491e-13   2.426935e-03
  1.496000e+01   2.679067e-12   5.915948e-13   2.426934e-03
  1.585000e+01   3.034930e-12   6.290845e-13   2.426548e-03
  1.679000e+01   1.949942e-12   4.143932e-13   2.426545e-03
  1.778000e+01   2.217585e-12   6.649147e-13   2.426068e-03
  1.884000e+01   2.509121e-12   7.729517e-13   2.426054e-03
  1.995000e+01   2.823962e-12   8.553667e-13   2.425594e-03
  2.113000e+01   3.159837e-12   8.879893e-13   2.425548e-03
  2.239000e+01   3.506322e-12   8.615794e-13   2.425202e-03
  2.371000e+01   1.556987e-12   6.336173e-13   2.425081e-03
  2.512000e+01   1.770568e-12   1.067369e-12   2.424867e-03
  2.661000e+01   2.009975e-12   1.304548e-12   2.424620e-03
  2.818000e+01   2.286748e-12   1.520171e-12   2.424483e-03
  2.985000e+01   2.583581e-12   1.743827e-12   2.424082e-03
  3.162000e+01   2.895441e-12   1.965674e-12   2.423926e-03
  3.350000e+01   3.241510e-12   2.208559e-12   2.423403e-03
  3.548000e+01   3.620058e-12   2.466144e-12   2.423133e-03
  3.758000e+01   4.028278e-12   2.738965e-12   2.422548e-03
  3.981000e+01   4.466997e-12   3.025254e-12   2.422102e-03
  4.217000e+01   4.936392e-12   3.324310e-12   2.421496e-03
  4.467000e+01   5.436324e-12   3.638732e-12   2.420649e-03
  4.732000e+01   5.967502e-12   3.964082e-12   2.420199e-03
  5.012000e+01   6.526819e-12   4.298291e-12   2.419268e-03
  5.309000e+01   7.112386e-12   4.640817e-12   2.418264e-03
  5.623000e+01   7.730000e-12   4.985508e-12   2.417537e-03
  5.957000e+01   8.378222e-12   5.322531e-12   2.415964e-03
  6.310000e+01   9.027638e-12   5.639045e-12   2.415390e-03
  6.683000e+01   9.701977e-12   5.927509e-12   2.413200e-03
  7.079000e+01   1.038584e-11   6.142535e-12   2.412526e-03
  7.499000e+01   1.042637e-11   6.182212e-12   2.410368e-03
  7.943000e+01   1.110649e-11   6.705750e-12   2.408973e-03
  8.414000e+01   1.179112e-11   7.039755e-12   2.406935e-03
  8.913000e+01   1.246699e-11   7.290034e-12   2.404507e-03
  9.441000e+01   1.312455e-11   7.433915e-12   2.402248e-03
  1.000000e+02   1.376833e-11   7.336529e-12   2.399276e-03
  1.059000e+02   1.442868e-11   6.299788e-12   2.396029e-03
  1.122000e+02   1.278518e-11   6.984401e-12   2.393350e-03
  1.189000e+02   1.335542e-11   7.726482e-12   2.390074e-03
  1.259000e+02   1.391615e-11   7.876530e-12   2.386105e-03
  1.334000e+02   1.409346e-11   7.930740e-12   2.381774e-03
  1.413000e+02   1.415114e-11   8.527563e-12   2.376960e-03
  1.496000e+02   1.461036e-11   8.972400e-12   2.371419e-03
  1.585000e+02   1.504495e-11   9.314931e-12   2.365746e-03
  1.679000e+02   1.547090e-11   9.614268e-12   2.358894e-03
  1.778000e+02   1.591041e-11   9.817530e-12   2.351368e-03
  1.884000e+02   1.641189e-11   9.681552e-12   2.344057e-03
  1.995000e+02   1.603484e-11   9.953625e-12   2.335872e-03
  2.113000e+02   1.639762e-11   1.053851e-11   2.325429e-03
  2.239000e+02   1.678752e-11   1.087392e-11   2.315055e-03
  2.371000e+02   1.698522e-11   1.129753e-11   2.302813e-03
  2.512000e+02   1.748486e-11   1.176934e-11   2.290169e-03
  2.661000e+02   1.797996e-11   1.211329e-11   2.274978e-03
  2.818000e+02   1.845178e-11   1.238161e-11   2.259399e-03
  2.985000e+02   1.891608e-11   1.260777e-11   2.241653e-03
  3.162000e+02   1.936420e-11   1.280404e-11   2.223410e-03
  3.350000e+02   1.979190e-11   1.297873e-11   2.202623e-03
  3.548000e+02   2.020299e-11   1.313845e-11   2.181455e-03
  3.758000e+02   2.059675e-11   1.330199e-11   2.157148e-03
  3.981000e+02   2.096728e-11   1.348182e-11   2.131527e-03
  4.217000e+02   2.130898e-11   1.369334e-11   2.102882e-03
  4.467000e+02   2.161962e-11   1.396552e-11   2.071427e-03
  4.732000e+02   2.188467e-11   1.435049e-11   2.035128e-03
  5.012000e+02   2.209317e-11   1.492945e-11   1.992969e-03
  5.309000e+02   2.221431e-11   1.587044e-11   1.942335e-03
  5.623000e+02   2.220439e-11   1.746333e-11   1.877351e-03
  5.957000e+02   2.219243e-11   2.227805e-11   1.758149e-03
  6.310000e+02   2.628850e-11   2.580022e-11   1.685129e-03
  6.683000e+02   3.024310e-11   2.650148e-11   1.668095e-03
  7.079000e+02   3.292712e-11   2.658655e-11   1.651359e-03
  7.499000e+02   3.483613e-11   2.666774e-11   1.626606e-03
  7.943000e+02   3.619635e-11   2.637250e-11   1.602234e-03
  8.414000e+02   3.695565e-11   2.577097e-11   1.569659e-03
  8.913000e+02   3.732227e-11   2.499848e-11   1.518020e-03
  9.441000e+02   3.822694e-11   2.647273e-11   1.453467e-03
  1.000000e+03   3.868424e-11   2.708663e-11   1.395063e-03
  1.059000e+03   3.881377e-11   2.752634e-11   1.341714e-03
  1.122000e+03   3.862327e-11   2.738562e-11   1.285351e-03
  1.189000e+03   3.822496e-11   2.739594e-11   1.221753e-03
  1.259000e+03   3.759099e-11   2.749420e-11   1.156444e-03
  1.334000e+03   3.669630e-11   2.774439e-11   1.092483e-03
  1.413000e+03   3.557074e-11   2.852929e-11   1.031160e-03
  1.496000e+03   3.257317e-11   3.113971e-11   9.959774e-04
  1.585000e+03   2.538329e-11   3.218762e-11   9.638504e-04
  1.679000e+03   1.681890e-11   2.946718e-11   8.921314e-04
  1.778000e+03   1.012516e-11   2.440847e-11   7.902851e-04
  1.884000e+03   5.881950e-12   1.906520e-11   6.840046e-04
  1.995000e+03   3.415994e-12   1.448312e-11   5.858882e-04
  2.113000e+03   2.125616e-12   1.088374e-11   5.015837e-04
  2.239000e+03   1.587296e-12   8.161601e-12   4.321126e-04
  2.371000e+03   1.439187e-12   6.215929e-12   3.751476e-04
  2.512000e+03   1.319086e-12   4.796446e-12   3.275170e-04
  2.661000e+03   1.215599e-12   3.720540e-12   2.873574e-04
  2.818000e+03   1.121516e-12   2.899129e-12   2.528743e-04
  2.985000e+03   1.036930e-12   2.265276e-12   2.230318e-04
  3.162000e+03   9.605983e-13   1.772574e-12   1.975970e-04
  3.350000e+03   8.913721e-13   1.387669e-12   1.750373e-04
  3.548000e+03   8.278666e-13   1.088533e-12   1.554536e-04
  3.758000e+03   7.698561e-13   8.547189e-13   1.382062e-04
  3.981000e+03   7.171356e-13   6.717632e-13   1.229244e-04
  4.217000e+03   6.681726e-13   5.285127e-13   1.094194e-04
  4.467000e+03   6.229830e-13   4.160838e-13   9.744604e-05
  4.732000e+03   5.819803e-13   3.277593e-13   8.680408e-05
  5.012000e+03   5.440643e-13   2.584780e-13   7.735728e-05
  5.309000e+03   5.091368e-13   2.040253e-13   6.897825e-05
  5.623000e+03   4.769910e-13   1.611758e-13   6.145341e-05
  5.957000e+03   4.473280e-13   1.273894e-13   5.480691e-05
  6.310000e+03   4.198882e-13   1.007771e-13   4.885473e-05
  6.683000e+03   3.946141e-13   7.976219e-14   4.357562e-05
  7.079000e+03   3.713057e-13   6.316884e-14   3.885541e-05
  7.499000e+03   3.495848e-13   5.004512e-14   3.467102e-05
  7.943000e+03   3.293411e-13   3.966197e-14   3.089818e-05
  8.414000e+03   3.104675e-13   3.144230e-14   2.757554e-05
  8.913000e+03   2.928123e-13   2.492978e-14   2.456716e-05
  9.441000e+03   2.761090e-13   1.977531e-14   2.192017e-05
  1.000000e+04   2.605268e-13   1.569302e-14   1.953216e-05
  1.059000e+04   2.460259e-13   1.245303e-14   1.742683e-05
  1.122000e+04   2.324767e-13   9.882084e-15   1.552756e-05
  1.189000e+04   2.198050e-13   7.842145e-15   1.384731e-05
  1.259000e+04   2.079407e-13   6.224497e-15   1.234182e-05
  1.334000e+04   1.974341e-13   4.939705e-15   1.100424e-05
  1.413000e+04   1.875863e-13   3.919754e-15   9.807749e-06
  1.496000e+04   1.782501e-13   3.111332e-15   8.742793e-06
  1.585000e+04   1.694912e-13   2.468080e-15   7.790984e-06
  1.679000e+04   1.611576e-13   1.957194e-15   6.944265e-06
  1.778000e+04   1.534347e-13   1.552249e-15   6.190845e-06
  1.884000e+04   1.465031e-13   1.230864e-15   5.513257e-06
  1.995000e+04   1.400842e-13   9.755111e-16   4.914197e-06
  2.113000e+04   1.340482e-13   7.729251e-16   4.379323e-06
  2.239000e+04   1.284561e-13   6.124001e-16   3.901759e-06
  2.371000e+04   1.232205e-13   4.845097e-16   3.475399e-06
  2.512000e+04   1.182503e-13   3.832583e-16   3.090820e-06
  2.661000e+04   1.137440e-13   3.029056e-16   2.756761e-06
  2.818000e+04   1.095794e-13   2.390848e-16   2.453571e-06
  2.985000e+04   1.056950e-13   1.885303e-16   2.180626e-06
  3.162000e+04   1.022066e-13   1.485684e-16   1.941235e-06
  3.350000e+04   9.910016e-14   1.169666e-16   1.727944e-06
  3.548000e+04   9.568517e-14   9.191915e-17   1.536449e-06
  3.758000e+04   9.233227e-14   7.203778e-17   1.366634e-06
  3.981000e+04   8.919259e-14   5.630444e-17   1.212895e-06
  4.217000e+04   8.606914e-14   4.386844e-17   1.077711e-06
  4.467000e+04   8.295896e-14   3.401895e-17   9.563461e-07
  4.732000e+04   8.040648e-14   2.621278e-17   8.476495e-07
  5.012000e+04   7.846104e-14   2.006544e-17   7.502978e-07
  5.309000e+04   7.747739e-14   1.519919e-17   6.632061e-07
  5.623000e+04   7.759512e-14   1.138953e-17   5.859924e-07
  5.957000e+04   7.890120e-14   8.396601e-18   5.158231e-07
  6.310000e+04   8.077752e-14   6.048723e-18   4.527854e-07
  6.683000e+04   8.136752e-14   4.170492e-18   3.964998e-07
  7.079000e+04   8.226820e-14   2.609355e-18   3.439141e-07
  7.499000e+04   1.047432e-13   1.269829e-18   2.925217e-07
  7.943000e+04   2.364854e-13   5.977893e-19   2.449942e-07
  8.414000e+04   5.096545e-13   1.347601e-18   2.069648e-07
  8.913000e+04   7.885102e-13   2.749017e-18   1.742727e-07
  9.441000e+04   1.055391e-12   5.106322e-18   1.479068e-07
  1.000000e+05   9.405536e-13   5.008173e-18   1.389381e-07
  1.059000e+05   7.719646e-13   4.453104e-18   1.355133e-07
  1.122000e+05   5.838895e-13   3.356512e-18   1.395767e-07
  1.189000e+05   4.489247e-13   2.524283e-18   1.405936e-07
  1.259000e+05   3.377661e-13   1.824404e-18   1.378669e-07
  1.334000e+05   2.560794e-13   1.261953e-18   1.273632e-07
  1.413000e+05   2.146960e-13   8.155332e-19   1.087937e-07
  1.496000e+05   2.386984e-13   5.679364e-19   8.956231e-08
  1.585000e+05   2.816166e-13   4.591720e-19   7.495144e-08
  1.679000e+05   3.292415e-13   4.241419e-19   6.338171e-08
  1.778000e+05   3.613308e-13   4.211625e-19   5.452240e-08
  1.884000e+05   3.590930e-13   4.104376e-19   4.844813e-08
  1.995000e+05   3.223862e-13   3.667333e-19   4.494205e-08
  2.113000e+05   2.814299e-13   3.039230e-19   4.237810e-08
  2.239000e+05   2.472517e-13   2.491590e-19   3.984277e-08
  2.371000e+05   2.177002e-13   2.014387e-19   3.739474e-08
  2.512000e+05   1.923729e-13   1.629489e-19   3.500424e-08
  2.661000e+05   1.697496e-13   1.305547e-19   3.275301e-08
  2.818000e+05   1.501060e-13   1.046959e-19   3.068030e-08
  2.985000e+05   1.330056e-13   8.397882e-20   2.859542e-08
  3.162000e+05   1.178135e-13   6.711940e-20   2.667958e-08
  3.350000e+05   1.046292e-13   5.356018e-20   2.479053e-08
  3.548000e+05   9.344909e-14   4.272602e-20   2.290047e-08
  3.758000e+05   8.360477e-14   3.408658e-20   2.113326e-08
  3.981000e+05   7.441028e-14   2.724882e-20   1.955153e-08
  4.217000e+05   6.609656e-14   2.177550e-20   1.809404e-08
  4.467000e+05   5.861509e-14   1.736416e-20   1.669534e-08
  4.732000e+05   5.193280e-14   1.383367e-20   1.537201e-08
  5.012000e+05   4.598381e-14   1.101819e-20   1.414569e-08
  5.309000e+05   4.069032e-14   8.768258e-21   1.298771e-08
  5.623000e+05   3.600094e-14   6.973651e-21   1.187693e-08
  5.957000e+05   3.181504e-14   5.544648e-21   1.085406e-08
  6.310000e+05   2.812577e-14   4.405637e-21   9.888710e-09
  6.683000e+05   2.485489e-14   3.501072e-21   8.990020e-09
  7.079000e+05   2.198288e-14   2.779754e-21   8.145130e-09
  7.499000e+05   1.943468e-14   2.207713e-21   7.376437e-09
  7.943000e+05   1.719268e-14   1.753165e-21   6.657788e-09
  8.414000e+05   1.521596e-14   1.391895e-21   6.010319e-09
  8.913000e+05   1.348154e-14   1.104680e-21   5.405491e-09
  9.441000e+05   1.194592e-14   8.770492e-22   4.862746e-09
  1.000000e+06   1.058901e-14   6.961904e-22   4.361111e-09
  1.059000e+06   9.386352e-15   5.528597e-22   3.914365e-09
  1.122000e+06   8.329321e-15   4.388497e-22   3.487446e-09
  1.189000e+06   7.395876e-15   3.483380e-22   3.124832e-09
  1.259000e+06   6.564060e-15   2.766193e-22   2.741629e-09
  1.334000e+06   5.830982e-15   2.196213e-22   2.452919e-09
  1.413000e+06   5.181369e-15   1.743701e-22   2.074202e-09
  1.496000e+06   4.605529e-15   1.384587e-22   1.855244e-09
  1.585000e+06   4.094116e-15   1.099558e-22   1.465687e-09
  1.679000e+06   3.641298e-15   8.729823e-23   1.310877e-09
  1.778000e+06   3.238468e-15   6.933334e-23   9.351760e-10
  1.884000e+06   2.880791e-15   5.505523e-23   8.354713e-10
  1.995000e+06   2.563831e-15   4.371357e-23   5.181761e-10
  2.113000e+06   2.281790e-15   3.471683e-23   4.626676e-10
  2.239000e+06   2.031517e-15   2.757171e-23   2.426887e-10
  2.371000e+06   1.808716e-15   2.189658e-23   2.165905e-10
  2.512000e+06   1.610525e-15   1.739032e-23   9.380640e-11
  2.661000e+06   1.433834e-15   1.381187e-23   8.363482e-11
  2.818000e+06   1.276641e-15   1.096935e-23   2.939772e-11
  2.985000e+06   1.136688e-15   8.713333e-24   2.624449e-11
  3.162000e+06   1.012482e-15   6.919854e-24   7.413187e-12
  3.350000e+06   9.020272e-16   5.495537e-24   6.610696e-12
  3.548000e+06   8.037099e-16   4.365115e-24   1.485120e-12
  3.758000e+06   7.160100e-16   3.467132e-24   1.324216e-12
  3.981000e+06   6.379147e-16   2.753979e-24   2.359272e-13
  4.217000e+06   5.682928e-16   2.187468e-24   2.103726e-13
  4.467000e+06   5.062819e-16   1.737600e-24   2.954625e-14
  4.732000e+06   4.510714e-16   1.379977e-24   2.635034e-14
  5.012000e+06   4.019349e-16   1.096255e-24   2.898549e-15
  5.309000e+06   3.581354e-16   8.705689e-25   2.585078e-15
  5.623000e+06   3.191103e-16   6.913592e-25   2.235721e-16
  5.957000e+06   2.843963e-16   5.492774e-25   1.993965e-16
  6.310000e+06   2.534434e-16   4.362170e-25   1.350285e-17
  6.683000e+06   2.258641e-16   3.465593e-25   1.204282e-17
  7.079000e+06   2.012825e-16   2.752246e-25   6.373933e-19
  7.499000e+06   1.793638e-16   2.186221e-25   5.676153e-19
  7.943000e+06   1.598325e-16   1.736543e-25   2.328055e-20
  8.414000e+06   1.424385e-16   1.379409e-25   2.073167e-20
  8.913000e+06   1.269395e-16   1.095688e-25   6.738462e-22
  9.441000e+06   1.131199e-16   8.703561e-26   6.010828e-22
  1.000000e+07   1.008091e-16   6.913365e-26   1.526132e-23
