# Asano et al. 2013 graphite
# Modified Log-normal distribution (Hirashita 2015) for AGB production
# with a0=0.1 [micron], amin=5e-3 [micron], amax=5 [micron], alpha=0.47, s=2.2 [g/cm3]
# w [Angstrom] C_abs [cm^2] C_sca [cm^2] g
  1.000000e+01   1.952522e-13   5.182614e-13   8.739036e-04
  1.059000e+01   2.287642e-13   5.683908e-13   8.738724e-04
  1.122000e+01   2.682537e-13   6.195832e-13   8.738180e-04
  1.189000e+01   3.145611e-13   6.764751e-13   8.737823e-04
  1.259000e+01   3.658414e-13   7.307395e-13   8.737127e-04
  1.334000e+01   4.251196e-13   7.924857e-13   8.736673e-04
  1.413000e+01   4.933114e-13   8.510466e-13   8.735857e-04
  1.496000e+01   5.708877e-13   9.171738e-13   8.735244e-04
  1.585000e+01   6.585087e-13   9.818529e-13   8.734302e-04
  1.679000e+01   7.571802e-13   1.052649e-12   8.733510e-04
  1.778000e+01   8.676925e-13   1.127854e-12   8.732381e-04
  1.884000e+01   9.909092e-13   1.203112e-12   8.731388e-04
  1.995000e+01   1.126076e-12   1.286684e-12   8.730054e-04
  2.113000e+01   1.273963e-12   1.361772e-12   8.728839e-04
  2.239000e+01   1.436958e-12   1.445645e-12   8.727232e-04
  2.371000e+01   1.610687e-12   1.513985e-12   8.725725e-04
  2.512000e+01   1.797475e-12   1.584884e-12   8.723815e-04
  2.661000e+01   1.998008e-12   1.639033e-12   8.721934e-04
  2.818000e+01   2.211908e-12   1.681554e-12   8.719645e-04
  2.985000e+01   2.433363e-12   1.705202e-12   8.717351e-04
  3.162000e+01   2.652681e-12   1.719917e-12   8.714541e-04
  3.350000e+01   2.881866e-12   1.718075e-12   8.711457e-04
  3.548000e+01   3.115333e-12   1.692344e-12   8.708403e-04
  3.758000e+01   3.349519e-12   1.637830e-12   8.704746e-04
  3.981000e+01   3.582034e-12   1.588060e-12   8.700600e-04
  4.217000e+01   3.816365e-12   1.263737e-12   8.696847e-04
  4.467000e+01   3.629108e-13   7.186058e-13   8.691954e-04
  4.732000e+01   4.119473e-13   7.374178e-13   8.686924e-04
  5.012000e+01   4.678414e-13   1.593804e-12   8.680981e-04
  5.309000e+01   5.306332e-13   1.972798e-12   8.674917e-04
  5.623000e+01   6.013376e-13   2.362596e-12   8.667792e-04
  5.957000e+01   6.808341e-13   2.713782e-12   8.660187e-04
  6.310000e+01   7.659521e-13   3.026981e-12   8.651759e-04
  6.683000e+01   8.613233e-13   3.325909e-12   8.642552e-04
  7.079000e+01   9.653871e-13   3.609261e-12   8.631996e-04
  7.499000e+01   1.078310e-12   3.880084e-12   8.621196e-04
  7.943000e+01   1.202951e-12   4.141964e-12   8.608188e-04
  8.414000e+01   1.336631e-12   4.391837e-12   8.595260e-04
  8.913000e+01   1.480386e-12   4.630155e-12   8.580016e-04
  9.441000e+01   1.634512e-12   4.855882e-12   8.562223e-04
  1.000000e+02   1.797544e-12   5.067846e-12   8.544552e-04
  1.059000e+02   1.968939e-12   5.267248e-12   8.523843e-04
  1.122000e+02   2.150781e-12   5.453880e-12   8.502222e-04
  1.189000e+02   2.342358e-12   5.624349e-12   8.477483e-04
  1.259000e+02   2.534059e-12   5.775461e-12   8.451022e-04
  1.334000e+02   2.733037e-12   5.913027e-12   8.421117e-04
  1.413000e+02   2.936202e-12   6.036251e-12   8.388839e-04
  1.496000e+02   3.143114e-12   6.141887e-12   8.351310e-04
  1.585000e+02   3.351748e-12   6.233341e-12   8.309365e-04
  1.679000e+02   3.559469e-12   6.310317e-12   8.262498e-04
  1.778000e+02   3.766900e-12   6.375210e-12   8.209008e-04
  1.884000e+02   3.971872e-12   6.429724e-12   8.150954e-04
  1.995000e+02   4.176936e-12   6.473440e-12   8.085409e-04
  2.113000e+02   4.375200e-12   6.509340e-12   8.014369e-04
  2.239000e+02   4.571087e-12   6.540336e-12   7.934523e-04
  2.371000e+02   4.765690e-12   6.567753e-12   7.848748e-04
  2.512000e+02   4.959119e-12   6.594230e-12   7.755409e-04
  2.661000e+02   5.152025e-12   6.621503e-12   7.653923e-04
  2.818000e+02   5.344419e-12   6.645787e-12   7.546258e-04
  2.985000e+02   5.541834e-12   6.671798e-12   7.432027e-04
  3.162000e+02   5.745013e-12   6.690987e-12   7.311898e-04
  3.350000e+02   5.955950e-12   6.696572e-12   7.187631e-04
  3.548000e+02   6.192920e-12   6.653278e-12   7.064667e-04
  3.758000e+02   6.150889e-12   6.491851e-12   6.959267e-04
  3.981000e+02   5.888609e-12   6.960852e-12   6.771761e-04
  4.217000e+02   5.808898e-12   7.522190e-12   6.535875e-04
  4.467000e+02   6.086721e-12   7.881246e-12   6.296716e-04
  4.732000e+02   6.397955e-12   8.163857e-12   6.074879e-04
  5.012000e+02   6.761276e-12   8.419365e-12   5.869352e-04
  5.309000e+02   7.148431e-12   8.751566e-12   5.667070e-04
  5.623000e+02   7.751359e-12   9.104276e-12   5.486554e-04
  5.957000e+02   8.423012e-12   9.249665e-12   5.356282e-04
  6.310000e+02   8.894442e-12   9.588012e-12   5.202532e-04
  6.683000e+02   9.693390e-12   1.044499e-11   5.004517e-04
  7.079000e+02   1.107702e-11   1.111647e-11   4.879928e-04
  7.499000e+02   1.208512e-11   1.137872e-11   4.780688e-04
  7.943000e+02   1.243046e-11   1.141323e-11   4.654692e-04
  8.414000e+02   1.237017e-11   1.107325e-11   4.548955e-04
  8.913000e+02   1.246189e-11   1.068389e-11   4.492427e-04
  9.441000e+02   1.245014e-11   1.108183e-11   4.314212e-04
  1.000000e+03   1.198482e-11   1.087169e-11   4.228915e-04
  1.059000e+03   1.133444e-11   1.069701e-11   4.190935e-04
  1.122000e+03   1.057615e-11   9.943633e-12   4.289075e-04
  1.189000e+03   9.972252e-12   9.316315e-12   4.402593e-04
  1.259000e+03   8.990159e-12   8.865297e-12   4.363548e-04
  1.334000e+03   8.050550e-12   7.992325e-12   4.253668e-04
  1.413000e+03   7.436950e-12   6.733392e-12   4.113289e-04
  1.496000e+03   7.150840e-12   5.470602e-12   3.936042e-04
  1.585000e+03   7.255288e-12   4.626076e-12   3.759783e-04
  1.679000e+03   7.636657e-12   4.382904e-12   3.561124e-04
  1.778000e+03   8.242346e-12   4.801666e-12   3.299664e-04
  1.884000e+03   9.234303e-12   5.528066e-12   3.017595e-04
  1.995000e+03   1.091978e-11   6.409963e-12   2.763109e-04
  2.113000e+03   1.278173e-11   7.520199e-12   2.518846e-04
  2.239000e+03   1.297077e-11   8.621930e-12   2.251722e-04
  2.371000e+03   1.151156e-11   8.899188e-12   2.004299e-04
  2.512000e+03   1.009247e-11   8.360296e-12   1.832156e-04
  2.661000e+03   9.343081e-12   7.638630e-12   1.738562e-04
  2.818000e+03   8.960150e-12   6.992819e-12   1.712114e-04
  2.985000e+03   8.668497e-12   6.481221e-12   1.703480e-04
  3.162000e+03   8.338300e-12   6.086237e-12   1.677865e-04
  3.350000e+03   8.002771e-12   5.737458e-12   1.639701e-04
  3.548000e+03   7.680493e-12   5.431590e-12   1.580849e-04
  3.758000e+03   7.369237e-12   5.160944e-12   1.512036e-04
  3.981000e+03   7.047158e-12   4.924144e-12   1.439929e-04
  4.217000e+03   6.697153e-12   4.708070e-12   1.370097e-04
  4.467000e+03   6.323979e-12   4.507172e-12   1.301509e-04
  4.732000e+03   5.953867e-12   4.308851e-12   1.229349e-04
  5.012000e+03   5.600505e-12   4.109610e-12   1.154707e-04
  5.309000e+03   5.262523e-12   3.911177e-12   1.080051e-04
  5.623000e+03   4.939452e-12   3.717673e-12   1.005317e-04
  5.957000e+03   4.631061e-12   3.529093e-12   9.325141e-05
  6.310000e+03   4.339213e-12   3.341712e-12   8.615238e-05
  6.683000e+03   4.063844e-12   3.157370e-12   7.930979e-05
  7.079000e+03   3.798483e-12   2.975083e-12   7.280240e-05
  7.499000e+03   3.549497e-12   2.797158e-12   6.673290e-05
  7.943000e+03   3.309457e-12   2.619899e-12   6.111025e-05
  8.414000e+03   3.085185e-12   2.449739e-12   5.583351e-05
  8.913000e+03   2.870256e-12   2.280537e-12   5.097951e-05
  9.441000e+03   2.670376e-12   2.118974e-12   4.647311e-05
  1.000000e+04   2.480434e-12   1.959553e-12   4.240074e-05
  1.059000e+04   2.303504e-12   1.809576e-12   3.862204e-05
  1.122000e+04   2.136962e-12   1.663724e-12   3.518904e-05
  1.189000e+04   1.982834e-12   1.526720e-12   3.198573e-05
  1.259000e+04   1.839128e-12   1.395736e-12   2.910461e-05
  1.334000e+04   1.703340e-12   1.273873e-12   2.634425e-05
  1.413000e+04   1.576967e-12   1.159150e-12   2.390771e-05
  1.496000e+04   1.458624e-12   1.051695e-12   2.166573e-05
  1.585000e+04   1.349435e-12   9.524065e-13   1.958600e-05
  1.679000e+04   1.246203e-12   8.597917e-13   1.763121e-05
  1.778000e+04   1.150211e-12   7.752866e-13   1.587101e-05
  1.884000e+04   1.060026e-12   6.961811e-13   1.427804e-05
  1.995000e+04   9.767954e-13   6.248494e-13   1.281583e-05
  2.113000e+04   8.988200e-13   5.584674e-13   1.146249e-05
  2.239000e+04   8.265602e-13   4.989239e-13   1.025084e-05
  2.371000e+04   7.590365e-13   4.436851e-13   9.148708e-06
  2.512000e+04   6.968584e-13   3.946715e-13   8.131595e-06
  2.661000e+04   6.387867e-13   3.494833e-13   7.192170e-06
  2.818000e+04   5.850860e-13   3.094294e-13   6.358823e-06
  2.985000e+04   5.352318e-13   2.726042e-13   5.618416e-06
  3.162000e+04   4.888658e-13   2.403491e-13   4.944942e-06
  3.350000e+04   4.470322e-13   2.106996e-13   4.339646e-06
  3.548000e+04   4.080428e-13   1.848102e-13   3.804213e-06
  3.758000e+04   3.722605e-13   1.613494e-13   3.326062e-06
  3.981000e+04   3.394540e-13   1.408639e-13   2.888381e-06
  4.217000e+04   3.092463e-13   1.224582e-13   2.488086e-06
  4.467000e+04   2.816249e-13   1.064364e-13   2.125232e-06
  4.732000e+04   2.563142e-13   9.208699e-14   1.801981e-06
  5.012000e+04   2.332511e-13   7.963777e-14   1.514927e-06
  5.309000e+04   2.119422e-13   6.862616e-14   1.243050e-06
  5.623000e+04   1.925434e-13   5.907069e-14   1.009449e-06
  5.957000e+04   1.749020e-13   5.065039e-14   8.029017e-07
  6.310000e+04   1.583406e-13   4.337056e-14   6.549126e-07
  6.683000e+04   1.444139e-13   3.702717e-14   4.716421e-07
  7.079000e+04   1.312931e-13   3.155928e-14   3.228562e-07
  7.499000e+04   1.194522e-13   2.680954e-14   1.942738e-07
  7.943000e+04   1.088047e-13   2.274337e-14   6.266296e-08
  8.414000e+04   9.914229e-14   1.923723e-14  -6.063337e-08
  8.913000e+04   9.052917e-14   1.623387e-14  -1.595039e-07
  9.441000e+04   8.289791e-14   1.366220e-14  -2.419304e-07
  1.000000e+05   7.619879e-14   1.146719e-14  -3.136782e-07
  1.059000e+05   7.025912e-14   9.609597e-15  -3.831797e-07
  1.122000e+05   6.549315e-14   7.993094e-15  -4.549677e-07
  1.189000e+05   6.045764e-14   6.726327e-15  -5.091483e-07
  1.259000e+05   5.680012e-14   5.583020e-15  -5.862860e-07
  1.334000e+05   5.363047e-14   4.632961e-15  -6.580819e-07
  1.413000e+05   5.109554e-14   3.838021e-15  -7.138930e-07
  1.496000e+05   4.919886e-14   3.172624e-15  -7.595750e-07
  1.585000e+05   4.788488e-14   2.618252e-15  -8.009962e-07
  1.679000e+05   4.708987e-14   2.157701e-15  -8.490207e-07
  1.778000e+05   4.680559e-14   1.775429e-15  -8.969301e-07
  1.884000e+05   4.700406e-14   1.459033e-15  -9.448764e-07
  1.995000e+05   4.757200e-14   1.197632e-15  -1.012234e-06
  2.113000e+05   4.855571e-14   9.812454e-16  -1.069991e-06
  2.239000e+05   4.983928e-14   8.027590e-16  -1.106110e-06
  2.371000e+05   5.131766e-14   6.558958e-16  -1.132581e-06
  2.512000e+05   5.273105e-14   5.353408e-16  -1.183902e-06
  2.661000e+05   5.405178e-14   4.361860e-16  -1.207781e-06
  2.818000e+05   5.504741e-14   3.549821e-16  -1.210534e-06
  2.985000e+05   5.552622e-14   2.886636e-16  -1.194287e-06
  3.162000e+05   5.537596e-14   2.345354e-16  -1.164079e-06
  3.350000e+05   5.449462e-14   1.903918e-16  -1.118702e-06
  3.548000e+05   5.285891e-14   1.543680e-16  -1.056165e-06
  3.758000e+05   5.056463e-14   1.249788e-16  -9.847857e-07
  3.981000e+05   4.775072e-14   1.009932e-16  -9.069065e-07
  4.217000e+05   4.458221e-14   8.143851e-17  -8.261105e-07
  4.467000e+05   4.123603e-14   6.552496e-17  -7.306661e-07
  4.732000e+05   3.785925e-14   5.261010e-17  -5.963484e-07
  5.012000e+05   3.454064e-14   4.216520e-17  -4.345671e-07
  5.309000e+05   3.130924e-14   3.372093e-17  -2.554847e-07
  5.623000e+05   2.823623e-14   2.692494e-17  -8.652715e-08
  5.957000e+05   2.535219e-14   2.146860e-17   6.913210e-08
  6.310000e+05   2.267845e-14   1.710110e-17   2.026654e-07
  6.683000e+05   2.022226e-14   1.360962e-17   3.123098e-07
  7.079000e+05   1.798415e-14   1.082490e-17   3.965570e-07
  7.499000e+05   1.595421e-14   8.607103e-18   4.566174e-07
  7.943000e+05   1.411989e-14   6.842118e-18   4.937604e-07
  8.414000e+05   1.246560e-14   5.438628e-18   5.037044e-07
  8.913000e+05   1.098512e-14   4.319633e-18   4.811461e-07
  9.441000e+05   9.676407e-15   3.428758e-18   4.428092e-07
  1.000000e+06   8.517018e-15   2.723035e-18   3.974141e-07
  1.059000e+06   7.490695e-15   2.160914e-18   3.370452e-07
  1.122000e+06   6.603136e-15   1.709085e-18   2.636379e-07
  1.189000e+06   5.861267e-15   1.336997e-18   1.873358e-07
  1.259000e+06   5.265660e-15   1.023210e-18   1.157788e-07
  1.334000e+06   4.827803e-15   7.889318e-19   5.314751e-08
  1.413000e+06   4.375575e-15   6.409109e-19  -1.989838e-10
  1.496000e+06   3.776306e-15   5.101431e-19  -4.365467e-08
  1.585000e+06   3.279742e-15   4.034701e-19  -7.938925e-08
  1.679000e+06   2.876761e-15   3.197734e-19  -1.084845e-07
  1.778000e+06   2.537704e-15   2.537111e-19  -1.327748e-07
  1.884000e+06   2.246084e-15   2.014010e-19  -1.528581e-07
  1.995000e+06   1.992324e-15   1.599131e-19  -1.696153e-07
  2.113000e+06   1.769826e-15   1.269910e-19  -1.832824e-07
  2.239000e+06   1.573822e-15   1.008611e-19  -1.946944e-07
  2.371000e+06   1.400728e-15   8.010367e-20  -2.039146e-07
  2.512000e+06   1.247496e-15   6.362295e-20  -2.115117e-07
  2.661000e+06   1.111800e-15   5.053331e-20  -2.173373e-07
  2.818000e+06   9.912403e-16   4.013723e-20  -2.219112e-07
  2.985000e+06   8.842334e-16   3.188122e-20  -2.254138e-07
  3.162000e+06   7.891467e-16   2.531962e-20  -2.274268e-07
  3.350000e+06   7.045360e-16   2.011294e-20  -2.291303e-07
  3.548000e+06   6.292937e-16   1.597516e-20  -2.292590e-07
  3.758000e+06   5.622967e-16   1.268888e-20  -2.294755e-07
  3.981000e+06   5.026578e-16   1.007873e-20  -2.279912e-07
  4.217000e+06   4.495225e-16   8.005801e-21  -2.270499e-07
  4.467000e+06   4.022082e-16   6.358929e-21  -2.240506e-07
  4.732000e+06   3.599831e-16   5.050926e-21  -2.220999e-07
  5.012000e+06   3.223498e-16   4.012126e-21  -2.181433e-07
  5.309000e+06   2.887909e-16   3.186789e-21  -2.153492e-07
  5.623000e+06   2.588591e-16   2.531348e-21  -2.103471e-07
  5.957000e+06   2.321355e-16   2.010583e-21  -2.069118e-07
  6.310000e+06   2.082636e-16   1.597113e-21  -2.012598e-07
  6.683000e+06   1.869659e-16   1.268541e-21  -1.973891e-07
  7.079000e+06   1.679221e-16   1.007642e-21  -1.908727e-07
  7.499000e+06   1.509108e-16   8.004064e-22  -1.865277e-07
  7.943000e+06   1.356967e-16   6.357523e-22  -1.796360e-07
  8.414000e+06   1.220894e-16   5.049905e-22  -1.750606e-07
  8.913000e+06   1.099043e-16   4.010981e-22  -1.675804e-07
  9.441000e+06   9.900249e-17   3.186098e-22  -1.629675e-07
  1.000000e+07   8.923186e-17   2.530615e-22  -1.552397e-07
