#10.0
#15000.0
#1170
#nm 	
#Flux15000K(erg s-1 cm-2 nm-1 sr-1)  
#Flux of a binary star with two Kurucz-15000K components (= 2 x F_7023new3.txt) - data < 2010-02-07
23.000 8.2182e-16
23.400 2.309e-15
24.000 1.0245e-14
24.650 4.757e-14
25.240 1.79956e-13
25.680 4.6786e-13
26.000 9.2004e-13
26.400 2.0962e-12
26.850 5.122e-12
27.350 1.33652e-11
27.850 3.3938e-11
28.400 9.1028e-11
29.000 2.5626e-10
29.600 6.8974e-10
30.100 1.53574e-09
30.800 4.5098e-09
31.800 1.93978e-08
32.800 7.6554e-08
33.800 2.7888e-07
34.800 9.455e-07
35.700 2.7086e-06
36.600 7.2986e-06
37.500 1.86752e-05
38.500 5.054e-05
39.500 0.000129778
40.500 0.00031846
41.400 0.00068848
42.200 0.00132624
43.000 0.002484
44.100 0.0057276
45.100 0.0117562
46.000 0.021836
47.000 0.042244
48.000 0.079406
49.000 0.145526
50.000 0.25966
50.600 16.175
51.200 43.52
52.000 60.564
53.000 92.186
54.000 124.522
55.000 198.004
56.000 278.96
57.000 395.98
58.000 503.82
59.000 759.24
60.000 1032.82
61.000 1408.36
62.000 1823.6
63.000 2407.6
64.000 3034
65.000 3943
65.800 4825
66.500 5594
67.500 6965.6
68.500 8777.2
69.500 11025.2
70.500 13530.4
71.600 16765.4
72.600 20492
73.500 24038
74.500 29314
75.500 35240
76.500 41814
77.500 50088
78.500 59254
79.500 68846
80.500 80788
81.500 93210
82.500 108796
83.500 123138
84.500 143484
85.500 164804
86.500 189236
87.500 215820
88.500 248180
89.500 280360
90.500 308580
91.500 1624660
92.500 7167400
93.500 13166200
94.500 56704000
95.500 311620000
96.500 483420000
97.500 93972000
98.500 978580000
99.500 969420000
100.50 1433340000
101.50 1050160000
102.50 61784000
103.50 495040000
104.50 1808000000
105.50 2101600000
106.50 1681640000
107.50 2045800000
108.50 1529600000
109.50 2066000000
110.50 2.1786e+09
111.50 2037600000
112.50 2085000000
113.50 2.4446e+09
114.50 2.1776e+09
115.50 2.403e+09
116.50 2.6368e+09
117.50 2.2912e+09
118.50 2.4802e+09
119.50 894740000
120.50 821320000
121.50 96880000
122.50 721120000
123.50 2.4412e+09
124.50 2.9862e+09
125.50 2.7504e+09
126.50 1820420000
127.50 3.0246e+09
128.50 3.2424e+09
129.50 2.5328e+09
130.50 2.3504e+09
131.50 3.0026e+09
132.50 2.8822e+09
133.50 2.4132e+09
134.50 3.0618e+09
135.50 2.9018e+09
136.50 2.534e+09
137.50 2.7784e+09
138.50 2.8586e+09
139.50 2.7804e+09
140.50 2.8336e+09
141.50 2.6072e+09
142.50 2.6936e+09
143.50 2.5888e+09
144.20 2.7648e+09
144.70 2.8262e+09
145.50 2.735e+09
146.50 2.5524e+09
147.50 2.4526e+09
148.50 2.4832e+09
149.50 2.5444e+09
150.50 2.4344e+09
151.20 2.205e+09
151.70 2.377e+09
152.50 2.2126e+09
153.50 1979560000
154.50 2.2572e+09
155.50 2084600000
156.50 2038800000
157.50 2097800000
158.50 2.2064e+09
159.50 2.255e+09
160.50 2133600000
161.50 2.1604e+09
162.50 2013000000
163.50 2092600000
164.50 2102200000
165.50 1890600000
166.50 2077200000
167.20 1882480000
167.70 2002600000
168.50 2123000000
169.50 2002400000
170.50 1885660000
171.50 1748960000
172.50 1726840000
173.50 1819460000
174.50 1772340000
175.50 1898880000
176.50 1699940000
177.50 1784280000
178.50 1807840000
179.50 1887580000
180.50 1856700000
181.50 1738440000
182.50 1745140000
183.50 1668580000
184.50 1554300000
185.50 1508780000
186.50 1543700000
187.50 1689900000
188.50 1558660000
189.50 1484060000
190.50 1573160000
191.50 1502180000
192.50 1479680000
193.50 1528260000
194.50 1546260000
195.50 1449640000
196.70 1564100000
197.60 1603960000
198.40 1511520000
199.50 1446220000
200.50 1488040000
201.50 1416080000
202.50 1505740000
203.50 1408860000
204.50 1440320000
205.50 1369160000
206.50 1390160000
207.40 1434600000
207.80 1380520000
208.50 1416600000
209.50 1332080000
210.50 1347080000
211.50 1345480000
212.50 1358860000
213.50 1263720000
214.50 1296420000
215.50 1329700000
216.50 1275800000
217.50 1256680000
218.50 1220180000
219.50 1270340000
220.50 1224420000
221.50 1173680000
222.50 1113560000
223.50 1195040000
224.50 1120220000
225.50 1087100000
226.50 1105540000
227.50 1136960000
228.50 1148940000
229.50 1102980000
230.50 1061460000
231.50 1014780000
232.50 813980000
233.50 961180000
234.50 932880000
235.50 974540000
236.50 910920000
237.50 925580000
238.50 870620000
239.50 934880000
240.50 884020000
241.50 895660000
242.50 922540000
243.50 874860000
244.50 927220000
245.50 893660000
246.50 895820000
247.50 857980000
248.50 911060000
249.50 881800000
250.50 921120000
251.30 859640000
251.80 889520000
252.50 837180000
253.50 840660000
254.50 817620000
255.50 850040000
256.50 837100000
257.50 878460000
258.50 870440000
259.50 871520000
260.50 833840000
261.50 828820000
262.50 835000000
263.50 837900000
264.50 871260000
265.50 859360000
266.50 819800000
267.50 841940000
268.50 826740000
269.50 810400000
270.50 815580000
271.50 787860000
272.50 785820000
273.50 810540000
274.50 746620000
275.50 740000000
276.50 756260000
277.50 773100000
278.50 772360000
279.50 685500000
280.50 720740000
281.50 765640000
282.50 756040000
283.50 725660000
284.50 706880000
285.50 713760000
286.50 727300000
287.50 712500000
288.50 715360000
289.50 709520000
291.00 722560000
293.00 702960000
295.00 691120000
297.00 683540000
299.00 674560000
301.00 675880000
303.00 667180000
305.00 654080000
307.00 642600000
309.00 638460000
311.00 623380000
313.00 615380000
315.00 608020000
317.00 597920000
319.00 579220000
321.00 579640000
323.00 572360000
325.00 563780000
327.00 558180000
329.00 550620000
331.00 544980000
333.00 536160000
335.00 526540000
337.00 519640000
339.00 511800000
341.00 506420000
343.00 498340000
345.00 491760000
347.00 484000000
349.00 478200000
351.00 473540000
353.00 467560000
355.00 461300000
357.00 455000000
359.00 447680000
361.00 442520000
363.00 436140000
364.00 434260000
365.00 432820000
367.00 423280000
369.00 391920000
371.00 402280000
373.00 405680000
375.00 472160000
377.00 479540000
379.00 534840000
381.00 583980000
383.00 492380000
385.00 605100000
387.00 636780000
389.00 447680000
391.00 627000000
393.00 621860000
395.00 610860000
397.00 420680000
399.00 584320000
401.00 596860000
403.00 577040000
405.00 584260000
407.00 568160000
409.00 499480000
411.00 414000000
413.00 528640000
415.00 535340000
417.00 530860000
419.00 525160000
421.00 518080000
423.00 509880000
425.00 501520000
427.00 488600000
429.00 485860000
431.00 473280000
433.00 403800000
435.00 357960000
437.00 450520000
439.00 444360000
441.00 445280000
443.00 436380000
445.00 433380000
447.00 415320000
449.00 416120000
451.00 414080000
453.00 407680000
455.00 400760000
457.00 397720000
459.00 391020000
461.00 386520000
463.00 378940000
465.00 375280000
467.00 369900000
469.00 365020000
471.00 354860000
473.00 353840000
475.00 348440000
477.00 346000000
479.00 340480000
481.00 333960000
483.00 326260000
485.00 286400000
487.00 246540000
489.00 311460000
491.00 312020000
493.00 304360000
495.00 305520000
497.00 302000000
499.00 297480000
501.00 288640000
503.00 288300000
505.00 279960000
507.00 281600000
509.00 277860000
511.00 273500000
513.00 270700000
515.00 265960000
517.00 263060000
519.00 260260000
521.00 255180000
523.00 252900000
525.00 250660000
527.00 246440000
529.00 245180000
531.00 241200000
533.00 238780000
535.00 235540000
537.00 233100000
539.00 230100000
541.00 226980000
543.00 224080000
545.00 221700000
547.00 218680000
549.00 216460000
551.00 213700000
553.00 211460000
555.00 208960000
557.00 206440000
559.00 204020000
561.00 201760000
563.00 199548000
565.00 196032000
567.00 194026000
569.00 192292000
571.00 190158000
573.00 188042000
575.00 185862000
577.00 183728000
579.00 181388000
581.00 179368000
583.00 177378000
585.00 175326000
587.00 170104000
589.00 170900000
591.00 169372000
593.00 167606000
595.00 164852000
597.00 163612000
599.00 161272000
601.00 160174000
603.00 158344000
605.00 156576000
607.00 154792000
609.00 153060000
611.00 151516000
613.00 149810000
615.00 147410000
617.00 146466000
619.00 144966000
621.00 143378000
623.00 141674000
625.00 139628000
627.00 138732000
629.00 137202000
631.00 135594000
633.00 134256000
635.00 131268000
637.00 130380000
639.00 129972000
641.00 128414000
643.00 127348000
645.00 125748000
647.00 124628000
649.00 123086000
651.00 121404000
653.00 119286000
655.00 110684000
656.12 94802000
659.00 114146000
661.00 115232000
663.00 114438000
665.00 113524000
667.00 111778000
669.00 110658000
671.00 110058000
673.00 108968000
675.00 107890000
677.00 106826000
679.00 105654000
681.00 104638000
683.00 103488000
685.00 102530000
687.00 101550000
689.00 100528000
691.00 99538000
693.00 98384000
695.00 97582000
697.00 96662000
699.00 95732000
701.00 94716000
703.00 93822000
705.00 92704000
707.00 91380000
709.00 91180000
711.00 90178000
713.00 89348000
715.00 88498000
717.00 87686000
719.00 86878000
721.00 86054000
723.00 84930000
725.00 84354000
727.00 83634000
729.00 82626000
731.00 82052000
733.00 81288000
735.00 80550000
737.00 79792000
739.00 79050000
741.00 78294000
743.00 77452000
745.00 76802000
747.00 76000000
749.00 75370000
751.00 74690000
753.00 74046000
755.00 73376000
757.00 72714000
759.00 72028000
761.00 71418000
763.00 70756000
765.00 70100000
767.00 69472000
769.00 68840000
771.00 68222000
773.00 67616000
775.00 67006000
777.00 65638000
779.00 65820000
781.00 65258000
783.00 64678000
785.00 63894000
787.00 63310000
789.00 62676000
791.00 62394000
793.00 61876000
795.00 61122000
797.00 60792000
799.00 59920000
801.00 59746000
803.00 59222000
805.00 58702000
807.00 58218000
809.00 57688000
811.00 57188000
813.00 56714000
815.00 56226000
817.00 55772000
819.00 55244000
821.00 54656000
823.00 54118000
825.00 53944000
827.00 53514000
829.00 52982000
831.00 52602000
833.00 52078000
835.00 51450000
837.00 50840000
839.00 50064000
841.00 49402000
843.00 48758000
845.00 48224000
847.00 47170000
849.00 48108000
851.00 46100000
853.00 48204000
855.00 44134000
857.00 48664000
859.00 45106000
861.00 44238000
863.00 48576000
865.00 46238000
867.00 40658000
869.00 46844000
871.00 47986000
873.00 46046000
875.00 38922000
877.00 44020000
879.00 46600000
881.00 46608000
883.00 45602000
885.00 41888000
887.00 37176000
889.00 43660000
891.00 44696000
893.00 44536000
895.00 44344000
897.00 43754000
899.00 42166000
901.00 35790000
903.00 38056000
905.00 41768000
907.00 41884000
909.00 41750000
911.00 41644000
913.00 41314000
915.00 41050000
917.00 40534000
919.00 39776000
921.00 37738000
923.00 31542000
925.00 36554000
927.00 38046000
929.00 38642000
931.00 38516000
933.00 38276000
935.00 38066000
937.00 37778000
939.00 37442000
941.00 36870000
943.00 36902000
945.00 36592000
947.00 36190000
949.00 35828000
951.00 35082000
953.00 32908000
955.00 28122000
957.00 32992000
959.00 34222000
961.00 34248000
963.00 33850000
965.00 33942000
967.00 33638000
969.00 33440000
971.00 33194000
973.00 32958000
975.00 32704000
977.00 32478000
979.00 32228000
981.00 31982000
983.00 31720000
985.00 31506000
987.00 31270000
989.00 30996000
991.00 30786000
993.00 30586000
995.00 30326000
997.00 30046000
999.00 29742000
1002.5 27744000
1007.5 26532000
1012.5 28230000
1017.5 27950000
1022.5 27488000
1027.5 27006000
1032.5 26494000
1037.5 26064000
1042.5 25612000
1047.5 25158000
1052.5 24710000
1057.5 24298000
1062.5 23890000
1067.5 23392000
1072.5 23062000
1077.5 22682000
1082.5 22140000
1087.5 21766000
1092.5 19280000
1097.5 20390000
1102.5 20754000
1107.5 20510000
1112.5 20174000
1117.5 19840200
1122.5 19520400
1127.5 19109800
1132.5 18821600
1137.5 18587800
1142.5 18288400
1147.5 18000400
1152.5 17714000
1157.5 17433800
1162.5 17134600
1167.5 16865600
1172.5 16619000
1177.5 16313400
1182.5 16104800
1187.5 15847600
1192.5 15617800
1197.5 15352800
1202.5 15142200
1207.5 14911400
1212.5 14682600
1217.5 14462800
1222.5 14243600
1227.5 14028000
1232.5 13818800
1237.5 13614200
1242.5 13415000
1247.5 13196400
1252.5 13016600
1257.5 12816400
1262.5 12639000
1267.5 12457000
1272.5 12242400
1277.5 11858000
1282.5 10667600
1287.5 11602800
1292.5 11564200
1297.5 11411800
1302.5 11260400
1307.5 11101200
1312.5 10944800
1317.5 10779800
1322.5 10640400
1327.5 10492000
1332.5 10345800
1337.5 10202400
1342.5 10059000
1347.5 9921600
1352.5 9784400
1357.5 9652000
1362.5 9520400
1367.5 9388200
1372.5 9262400
1377.5 9141600
1382.5 9018600
1387.5 8898400
1392.5 8778600
1397.5 8662200
1402.5 8548000
1407.5 8434800
1412.5 8323200
1417.5 8215400
1422.5 8108000
1427.5 8002400
1432.5 7898000
1437.5 7795800
1442.5 7686800
1447.5 7594800
1452.5 7495000
1457.0 7413200
1462.0 7321200
1467.5 7221400
1472.5 7130600
1477.5 7039000
1482.5 6954200
1487.5 6866600
1492.5 6780600
1497.5 6690000
1502.5 6601200
1507.5 6509400
1512.5 6415800
1517.5 6323000
1522.5 6245000
1527.5 6153600
1532.5 6066400
1537.5 6022200
1542.5 5890400
1547.5 5882400
1552.5 5808200
1557.5 5636600
1562.5 5757200
1567.5 5558400
1572.5 5423600
1577.5 5579200
1582.5 5492200
1587.5 5131200
1592.5 5295200
1597.5 5358000
1605.0 5189600
1615.0 4934000
1625.0 5032200
1635.0 4825200
1645.0 4592000
1655.0 4702800
1665.0 4600400
1675.0 4397600
1685.0 4182000
1695.0 4293800
1705.0 4203200
1715.0 4114600
1725.0 4010400
1735.0 3690400
1745.0 3813000
1755.0 3768800
1765.0 3689400
1775.0 3610200
1785.0 3534800
1795.0 3461400
1805.0 3374600
1815.0 3125400
1825.0 3195400
1835.0 3180200
1845.0 3117400
1855.0 3052000
1865.0 2975200
1875.0 2760400
1885.0 2858600
1895.0 2814800
1905.0 2757600
1915.0 2704600
1925.0 2651200
1935.0 2583600
1945.0 2387400
1955.0 2483600
1965.0 2451400
1975.0 2404400
1985.0 2358600
1995.0 2313600
2005.0 2269800
2015.0 2227000
2025.0 2185400
2035.0 2144600
2045.0 2104600
2055.0 2064600
2065.0 2027600
2075.0 1990720
2085.0 1954420
2095.0 1918620
2105.0 1884080
2115.0 1848900
2125.0 1816760
2135.0 1784280
2145.0 1752620
2155.0 1712980
2165.0 1588880
2175.0 1646940
2185.0 1632460
2195.0 1604440
2205.0 1577140
2215.0 1549860
2225.0 1523360
2235.0 1497400
2245.0 1471940
2255.0 1447020
2265.0 1422700
2275.0 1398860
2285.0 1378480
2295.0 1366180
2305.0 1343400
2315.0 1319500
2325.0 1294980
2335.0 1271800
2345.0 1249420
2355.0 1227380
2365.0 1206840
2375.0 1185440
2385.0 1165280
2395.0 1146380
2405.0 1126500
2415.0 1107200
2425.0 1090140
2435.0 1073120
2445.0 1054440
2455.0 1040800
2465.0 1021600
2475.0 1006900
2485.0 996200
2495.0 969060
2505.0 973940
2515.0 953600
2525.0 921240
2535.0 922040
2545.0 913400
2555.0 893980
2565.0 861780
2575.0 869580
2585.0 860960
2595.0 847460
2605.0 825200
2615.0 794000
2625.0 761580
2635.0 792120
2645.0 787640
2655.0 776360
2665.0 760020
2675.0 723180
2685.0 738260
2695.0 733720
2705.0 724100
2715.0 713840
2725.0 703760
2735.0 693700
2745.0 680620
2755.0 645800
2765.0 651660
2775.0 654420
2785.0 646800
2795.0 637900
2805.0 629120
2815.0 620480
2825.0 612000
2835.0 603620
2845.0 595480
2855.0 586280
2865.0 570560
2875.0 542760
2885.0 560520
2895.0 556080
2905.0 549200
2915.0 541880
2925.0 534760
2935.0 527720
2945.0 520780
2955.0 514000
2965.0 507300
2975.0 500720
2985.0 494220
2995.0 487860
3005.0 481580
3015.0 475340
3025.0 467200
3035.0 443280
3045.0 444940
3055.0 450160
3065.0 445960
3075.0 440340
3085.0 434640
3095.0 429400
3105.0 424060
3115.0 418780
3125.0 413580
3135.0 408480
3145.0 403440
3155.0 398500
3165.0 393620
3175.0 388840
3185.0 384100
3195.0 379460
3210.0 372600
3230.0 363700
3250.0 355080
3270.0 346440
3290.0 326680
3310.0 328600
3330.0 324340
3350.0 316880
3370.0 309520
3390.0 301920
3410.0 294860
3430.0 288060
3450.0 281480
3470.0 275140
3490.0 268740
3510.0 262780
3530.0 257040
3550.0 251280
3570.0 245680
3590.0 240620
3610.0 235100
3630.0 230500
3650.0 225020
3670.0 221100
3690.0 215200
3710.0 211720
3730.0 204180
3750.0 197384
3770.0 199024
3790.0 195506
3810.0 189792
3830.0 186196
3850.0 183952
3870.0 180306
3890.0 175946
3910.0 170264
3930.0 169468
3950.0 166412
3970.0 163198
3990.0 159998
4010.0 155064
4030.0 151434
4050.0 146086
4070.0 147702
4090.0 145218
4110.0 142470
4130.0 139772
4150.0 136750
4170.0 131152
4190.0 131606
4210.0 129652
4230.0 127266
4250.0 124930
4270.0 122652
4290.0 120412
4310.0 118244
4330.0 116114
4350.0 113876
4370.0 109084
4390.0 108962
4410.0 108054
4430.0 106160
4450.0 104300
4470.0 102700
4490.0 100912
4510.0 99164
4530.0 97448
4550.0 95782
4570.0 94144
4590.0 92540
4610.0 90972
4630.0 89188
4650.0 84544
4670.0 83292
4690.0 84450
4710.0 83610
4730.0 82228
4750.0 80866
4770.0 79548
4790.0 78252
4810.0 76980
4830.0 75732
4850.0 74510
4870.0 73314
4890.0 72140
4910.0 70992
4930.0 69864
4950.0 68760
4970.0 67676
4990.0 66614
5010.0 65572
5030.0 64548
5050.0 63550
5070.0 62566
5090.0 61604
5110.0 60314
5130.0 57478
5150.0 58596
5170.0 57930
5190.0 57058
5210.0 56200
5230.0 55358
5250.0 54530
5270.0 53718
5290.0 52922
5310.0 52140
5330.0 51374
5350.0 50620
5370.0 49880
5390.0 49154
5410.0 48440
5430.0 47742
5450.0 47054
5470.0 46380
5490.0 45718
5510.0 45064
5530.0 44424
5550.0 43798
5570.0 43180
5590.0 42572
5610.0 41976
5630.0 41394
5650.0 40816
5670.0 40250
5690.0 39694
5710.0 39148
5730.0 38612
5750.0 38086
5770.0 37566
5790.0 37056
5810.0 36554
5830.0 36062
5850.0 35620
5870.0 35136
5890.0 34436
5910.0 32802
5930.0 33614
5950.0 33312
5970.0 32874
5990.0 32440
6010.0 32018
6030.0 31600
6050.0 31188
6070.0 30784
6090.0 30386
6110.0 29996
6130.0 29610
6150.0 29230
6170.0 28856
6190.0 28490
6210.0 28130
6230.0 27774
6250.0 27424
6270.0 27078
6290.0 26742
6310.0 26406
6330.0 26078
6350.0 25754
6370.0 25436
6390.0 25122
6420.0 24662
6460.0 24062
6500.0 23482
6540.0 22916
6580.0 22370
6620.0 21840
6660.0 21326
6700.0 20826
6740.0 20340
6780.0 19869
6820.0 19410.6
6860.0 18966.4
6900.0 18535.2
6940.0 18115
6980.0 17707.6
7020.0 17311.2
7060.0 16924.6
7100.0 16550.6
7140.0 16184.4
7180.0 15830.4
7220.0 15486.4
7260.0 15150.2
7300.0 14823.6
7340.0 14505.6
7380.0 14195.8
7420.0 13879.8
7460.0 13279.8
7500.0 12953.2
7540.0 13018.6
7580.0 12767.8
7620.0 12505
7660.0 12247
7700.0 11996.8
7740.0 11753
7780.0 11515.4
7820.0 11283.2
7860.0 11057.2
7900.0 10836.8
7940.0 10621.6
7980.0 10411.8
8020.0 10207.4
8060.0 10007.6
8100.0 9813
8140.0 9622.6
8180.0 9437.4
8220.0 9256.2
8260.0 9079.8
8300.0 8907.2
8340.0 8738.4
8380.0 8574
8420.0 8413.2
8460.0 8256.4
8500.0 8103
8540.0 7953.2
8580.0 7807
8620.0 7664
8660.0 7524.2
8700.0 7387.6
8740.0 7254.2
8780.0 7123.6
8820.0 6996.2
8860.0 6871.4
8900.0 6749.4
8940.0 6630
8980.0 6513.4
9020.0 6399.4
9060.0 6287.8
9100.0 6178.4
9140.0 6071.6
9180.0 5967
9220.0 5864.8
9260.0 5764.6
9300.0 5666.6
9340.0 5570.6
9380.0 5476.6
9420.0 5384.6
9460.0 5294.8
9500.0 5206.6
9540.0 5120.2
9580.0 5035.6
9620.0 4952.8
9660.0 4871.6
9700.0 4792.2
9740.0 4714.4
9780.0 4638
9820.0 4563.2
9860.0 4490
9900.0 4418.2
9940.0 4347.8
9980.0 4278.8
10020 4211
20000 265.2

