# wavelength (nm)
# intensity (erg s-1 cm-2 nm-1 sr-1)
col1 col2
9.09000015258789 0.0
9.350000762939453 0.0
9.60999984741211 0.0
9.770000457763672 0.0
9.95999984741211 0.0
10.200000000000001 0.0
10.380000305175782 0.0
10.560000610351564 0.0
10.770000457763672 0.0
11.040000152587892 0.0
11.4 0.0
11.779999542236329 0.0
12.130000305175782 0.0
12.479999542236328 0.0
12.70999984741211 0.0
12.840000915527344 0.0
13.05 0.0
13.239999389648439 0.0
13.390000915527345 0.0
13.660000610351563 0.0
13.980000305175782 0.0
14.330000305175782 0.0
14.719999694824219 0.0
15.100000000000001 0.0
15.520001220703126 0.0
15.880000305175782 0.0
16.200001525878907 0.0
16.6 0.0
17.030000305175783 0.0
17.340000915527344 0.0
17.68000030517578 0.0
18.020001220703126 0.0
18.16999969482422 0.0
18.610000610351562 0.0
19.1 0.0
19.389999389648438 0.0
19.840000915527344 0.0
20.18000030517578 0.0
20.5 0.0
21.05 0.0
21.620001220703127 0.0
21.980000305175782 0.0
22.3 0.0
22.68000030517578 0.0
23.0 9.477524600389882e-17
23.400000000000002 2.7150837909582996e-16
24.0 1.2295659285933304e-15
24.650000000000002 5.872085276161213e-15
25.23999938964844 2.2913939477677866e-14
25.68000183105469 6.09393099272788e-14
26.0 1.2196589011986524e-13
26.400000000000002 2.842815950685807e-13
26.85 7.133251477173195e-13
27.35 1.918694804788586e-12
27.85 5.028298544861833e-12
28.400000000000002 1.3983083643854232e-11
29.0 4.085235023354756e-11
29.6 1.1414672817837657e-10
30.1 2.622262641608405e-10
30.8 8.047223000623169e-10
31.8 3.6725507977944978e-09
32.800000000000004 1.5308970916187637e-08
33.800000000000004 5.88805203614431e-08
34.800000000000004 2.0988747792286962e-07
35.7 6.263584566025463e-07
36.6 1.7568690614669116e-06
37.5 4.66962214699781e-06
38.5 1.3148197239106033e-05
39.5 3.503897906299877e-05
40.5 8.901020460889206e-05
41.400003051757814 0.00019815800533959274
42.2 0.0003913646145248851
43.0 0.0007504703701084567
44.1 0.0017840710170054887
45.1 0.0037590323328750195
46.0 0.00714203369992093
47.0 0.01414820029266068
48.0 0.027197327098331104
49.0 0.05091853258289981
50.0 0.09273183603279082
50.6 11.45632031163704
51.2 72.65632247002814
52.0 102.807545969808
53.0 171.20087113562477
54.0 212.32220413642477
55.0 383.9525089968258
56.0 539.5310314711587
57.0 779.4975186169604
58.0 975.4842902001855
59.0 1532.395548530223
60.0 2243.281151642809
61.0 3102.6634456768547
62.0 3965.622063187994
63.0 5187.18909583299
64.0 6360.930767490241
65.0 8279.80899422215
65.80000610351563 10223.012359875891
66.5 11616.135676344522
67.5 14266.342912001746
68.5 17747.64280598318
69.5 22512.448049378705
70.5 27339.46515710176
71.60000000000001 33627.366109164315
72.60000000000001 40531.56971039038
73.5 47001.21193008596
74.5 57776.8750644973
75.5 69484.66082977514
76.5 82452.75480066192
77.5 98525.12241762636
78.5 115981.25522691534
79.5 133649.0703275065
80.5 155608.54820449033
81.5 176727.42686837044
82.5 207574.2784093448
83.5 225231.9722502737
84.5 266276.9876193595
85.5 305695.91196128336
86.5 349433.7543636045
87.5 401401.921628525
88.5 463078.9631773688
89.5 521525.4826649252
90.5 559639.5602851344
91.5 3212468.51926137
92.5 37711932.46986428
93.5 146291289.37987697
94.5 445365798.26834935
95.5 779373556.6583434
96.5 871409626.2199429
97.5 136337993.8868188
98.5 664581742.5165828
99.5 758486265.6452903
100.5 1213803296.7586353
101.5 1341380574.971972
102.5 531977867.369377
103.5 577686148.4337336
104.5 1691812563.2636502
105.5 1804802386.942538
106.5 1327970917.9459848
107.5 1702108487.5181966
108.5 989508399.9664532
109.5 1833071971.7655473
110.5 1694566733.1876576
111.5 1552658787.3912542
112.5 1339659664.4033082
113.5 1985964817.1989446
114.5 1830597812.682218
115.5 2025876496.982358
116.5 2162963856.0032306
117.5 1556434910.3034477
118.5 2166187902.248827
119.5 931607984.4583671
120.5 540608343.369828
121.5 366410075.05688673
122.5 1629433196.6146765
123.5 2567418277.7272224
124.5 2828216850.407798
125.5 2586245518.086476
126.5 2093306855.8348777
127.5 2733610466.7124505
128.5 2817084662.4202695
129.5 1946709721.58396
130.5 2019934848.2524786
131.5 2682872176.4322453
132.5 2487819415.756923
133.5 1798124500.1783109
134.5 2698824951.1953044
135.5 2613646040.5258307
136.5 2218583237.402133
137.5 2391331897.028602
138.5 2460917392.0641227
139.5 2172251170.8200197
140.5 2321889615.9770737
141.5 2252743337.654905
142.5 2342563766.690338
143.5 2340601348.044829
144.20000000000002 2464789058.871753
144.70000000000002 2471781690.451439
145.5 2399020226.695531
146.5 2223149379.987044
147.5 2204847325.4752026
148.5 2240887338.4509854
149.5 2239525685.152264
150.5 2113957782.6588464
151.20000000000002 1847817511.7218707
151.70000000000002 1997714679.154415
152.5 1997487125.7829797
153.5 1753313598.3450837
154.5 1874493815.5081804
155.5 1777511057.5265393
156.5 1817366714.7699845
157.5 1897136292.6984417
158.5 1993704483.884317
159.5 2027468759.427422
160.5 1966135893.825057
161.5 2006252921.6822453
162.5 1870126502.010575
163.5 2009147555.392828
164.5 2010541396.1872404
165.5 1835952752.6298833
166.5 2035201295.971344
167.20000000000002 1872631218.8429782
167.70000000000002 1970979908.208211
168.5 2080917114.6138053
169.5 1938898957.2024095
170.5 1851004481.2319245
171.5 1695507606.281635
172.5 1702201994.230362
173.5 1825012467.3065374
174.5 1760048322.5225878
175.5 1880365588.8518445
176.5 1726622626.8392186
177.5 1739841094.2151685
178.5 1788316277.59898
179.5 1895880165.493188
180.5 1900512109.097771
181.5 1673299762.1423645
182.5 1750891998.590161
183.5 1663448249.4185123
184.5 1523540919.4539602
185.5 1362830892.511707
186.5 1445030728.2239914
187.5 1705998285.2569442
188.5 1516248516.3558624
189.5 1390773916.856283
190.5 1573433371.2398074
191.5 1429384040.2474864
192.5 1399993291.610965
193.5 1507536094.658312
194.5 1530778420.4628892
195.5 1396246096.7012274
196.70000000000002 1565952019.3932707
197.60001220703126 1618671470.4050841
198.4 1506390179.0680504
199.5 1449917319.7375214
200.5 1528932528.700514
201.5 1455463856.7718785
202.5 1569065141.0097299
203.5 1417497992.590311
204.5 1479741886.551725
205.5 1400604344.7332742
206.5 1412268950.568829
207.4 1531623342.2247756
207.8 1362703466.69807
208.5 1467645601.580923
209.5 1369516113.135712
210.5 1399294741.4671414
211.5 1415046140.6638055
212.5 1433095584.4499712
213.5 1349065747.00483
214.5 1341337895.9824326
215.5 1411935259.948945
216.5 1376280580.1889808
217.5 1362640212.1574876
218.5 1299835277.9230816
219.5 1367539739.7847922
220.5 1332719795.8703563
221.5 1275251568.7933352
222.5 1214278979.0525484
223.5 1294421361.519704
224.5 1243062239.6374857
225.5 1189849280.978133
226.5 1223193489.330639
227.5 1254864049.7663813
228.5 1271809747.656007
229.5 1209979096.3212323
230.5 1185283749.5482035
231.5 1121363864.9092638
232.5 744752747.4087043
233.5 1045282709.1531588
234.5 1045730991.3320692
235.5 1087053929.826867
236.5 1029115928.2874204
237.5 1039388934.2301615
238.5 989033939.9825032
239.5 1051778064.2962526
240.5 992939322.1732785
241.5 1008779542.5605832
242.5 1037029162.9875312
243.5 983073956.6031796
244.5 1041596731.6007323
245.5 1011938602.6598165
246.5 1008481298.9296244
247.5 967558361.3702005
248.5 1021636308.0466646
249.5 982833976.413788
250.5 1028129116.7106688
251.3 949179912.4856752
251.8 998816188.4751216
252.5 941844117.3838928
253.5 944784689.5772495
254.5 911167804.2438431
255.5 951451982.9884642
256.5 935936897.051303
257.5 982937567.1831475
258.5 972565757.851735
259.5 974611497.2930518
260.5 938692696.7219279
261.5 930475004.98188
262.5 936712350.8636285
263.5 940755955.9393803
264.5 973936680.3343422
265.5 966443716.5431576
266.5 923831648.4741062
267.5 947605169.8167468
268.5 932159857.4066371
269.5 910147786.5797648
270.5 915476548.7223904
271.5 889792658.7668291
272.5 883839194.3739747
273.5 908889214.754585
274.5 843315391.9470344
275.5 837994422.0304226
276.5 851864176.8982952
277.5 870340003.1432018
278.5 869512295.5799603
279.5 814564318.8577878
280.5 842068432.0665026
281.5 859022737.0554506
282.5 847016699.3035794
283.5 807406726.3626865
284.5 794110795.0928351
285.5 802754563.7141331
286.5 817905757.789409
287.5 802795765.7458007
288.5 804659890.2984567
289.5 797608231.3334771
291.0 806966338.2689534
293.0 787187274.9556378
295.0 770555608.8673255
297.0 763407438.3448552
299.0 752625085.6546382
301.0 749737887.6629968
303.0 744248544.5489892
305.0 729814846.4219624
307.0 717219553.4087878
309.0 709974616.6809176
311.0 694921411.1210045
313.0 685518129.646481
315.0 677203366.1235425
317.0 664448816.3081125
319.0 644476984.5277239
321.0 644617550.1734626
323.0 636831741.286989
325.0 626974422.5908129
327.0 619552811.1437151
329.0 610824397.5574831
331.0 604614451.7907372
333.0 594940428.6594212
335.0 583850868.7318505
337.0 576466232.1611319
339.0 567753963.2523271
341.0 561165152.3266498
343.0 549033980.5923221
345.0 543341734.0244654
347.0 535403391.04053247
349.0 528939968.74522066
351.0 523270029.33418787
353.0 516924356.2319732
355.0 509831698.9536533
357.0 503382638.8004061
359.0 493881572.5288469
361.0 487412242.4020476
363.0 481100539.3308864
364.0 479863561.6483853
365.0 476967756.55742145
367.0 450638181.36393404
369.0 445810464.44695264
371.0 526876556.7390229
373.0 536195753.4740121
375.0 604594996.6904936
377.0 602584551.4493568
379.0 620034452.1986976
381.0 648651173.0511837
383.0 577762135.3697634
385.0 646164434.3611523
387.0 639422936.5492704
389.0 552429303.0214764
391.0 632054597.4447243
393.0 609643646.1332775
395.0 612785390.1747024
397.0 513917066.2864723
399.0 592350251.9887756
401.0 584293548.656764
403.0 562965920.4795597
405.0 570652263.8927987
407.0 557384038.3154407
409.0 539114324.0880358
411.0 478259636.32909155
413.0 525945054.6880946
415.0 523220474.85110676
417.0 518420514.55620056
419.0 514336980.68832594
421.0 508277786.4836767
423.0 499595616.9577094
425.0 491883859.68315744
427.0 478671045.4907864
429.0 478323247.3767465
431.0 469988774.1056555
433.0 445445961.43008584
435.0 405300209.2887683
437.0 449196721.4105485
439.0 438859646.0539162
441.0 438772709.2578017
443.0 430023108.96554524
445.0 427771155.64756304
447.0 412908885.0897785
449.0 412123500.009004
451.0 410186113.2529441
453.0 403153603.81071746
455.0 397445085.24147916
457.0 393772960.53529936
459.0 387929860.5461826
461.0 382398755.17510766
463.0 375913687.80753535
465.0 371189536.1951227
467.0 367274706.56692547
469.0 363358476.37522906
471.0 352197895.145853
473.0 350753353.95276916
475.0 346078502.17552865
477.0 344974450.7014979
479.0 339643193.0093646
481.0 333533323.8708349
483.0 329568939.7595566
485.0 316507488.2842636
487.0 283399160.2898153
489.0 317443803.180671
491.0 313370709.87706316
493.0 304517951.71689224
495.0 305634888.37511575
497.0 302354641.3360145
499.0 297840879.8259739
501.0 287560820.1361549
503.0 288904418.89813215
505.0 281495234.26899105
507.0 282357752.20138556
509.0 278662047.09883726
511.0 274395497.7788024
513.0 270596940.3858304
515.0 266849006.9971571
517.0 264855699.56029242
519.0 261794398.79330388
521.0 255922752.77359408
523.0 254824048.9056512
525.0 252342403.1737988
527.0 248487746.8464858
529.0 246848043.49598494
531.0 243141999.68833342
533.0 240413192.69605702
535.0 236859402.87316492
537.0 235015217.25177962
539.0 232097996.2716733
541.0 229135447.9637744
543.0 225661159.21805558
545.0 223361968.71296373
547.0 220629469.32600757
549.0 218567330.5593545
551.0 215680081.63813126
553.0 213299365.60499
555.0 211141937.59080896
557.0 208507490.3811929
559.0 206193071.931146
561.0 203658637.68776888
563.0 201798103.67062917
565.0 197498246.40410405
567.0 195659803.0930655
569.0 194064523.07028046
571.0 192358038.30565828
573.0 190214030.23627874
575.0 188040775.85455662
577.0 186055095.1225649
579.0 183806172.11469918
581.0 181743600.4466009
583.0 179634390.01397896
585.0 177707405.62499955
587.0 172141298.89883986
589.0 172865008.25606734
591.0 171679851.42303693
593.0 169863893.52235842
595.0 167221628.62193766
597.0 166098058.38568613
599.0 163759142.80679852
601.0 162604632.8496099
603.0 160713197.3087195
605.0 159003694.96637627
607.0 157246497.07068726
609.0 155434524.40978375
611.0 153939995.83217362
613.0 152271771.91587073
615.0 149864177.7959401
617.0 148875290.83873063
619.0 147398409.36121055
621.0 145802161.6763715
623.0 144133759.50653234
625.0 142115292.8562637
627.0 141118588.20824957
629.0 139551243.06107602
631.0 137853327.1985899
633.0 136660378.13954574
635.0 134125065.36088273
637.0 133037375.01500182
639.0 132298412.24802843
641.0 130754723.89159608
643.0 129761291.4692119
645.0 128218468.91566996
647.0 126918529.53768171
649.0 125572346.09942867
651.0 124142689.0766228
653.0 122747842.42296997
655.0 119162336.20301852
656.124755859375 105632249.81469259
659.0 118137110.98920232
661.0 118099830.53533247
663.0 116976451.28501263
665.0 115871202.96580984
667.0 114018333.85072944
669.0 112871425.1336229
671.0 112335404.01768483
673.0 111237158.51597808
675.0 110156534.64957045
677.0 109090642.16469541
679.0 107693338.15872125
681.0 106840624.17082122
683.0 105728697.71020627
685.0 104760787.37449633
687.0 103764260.98001847
689.0 102728251.42725836
691.0 101735124.58236493
693.0 100525763.46558912
695.0 99751894.83649682
697.0 98821105.79971363
699.0 97830595.46208462
701.0 96866842.25348824
703.0 95908824.98904088
705.0 94798445.5144728
707.0 93017749.9829857
709.0 93252306.17191683
711.0 92168594.69961321
713.0 91312570.28889687
715.0 90540897.99801923
717.0 89699433.08149692
719.0 88892587.54819599
721.0 88054095.64601064
723.0 86464163.22931351
725.0 86323145.58353636
727.0 85587926.14082448
729.0 84338216.06287603
731.0 83983949.89194892
733.0 83205994.163918
735.0 82463007.95998324
737.0 81694824.34545818
739.0 80939239.43622828
741.0 80185137.85106798
743.0 79344570.56842472
745.0 78671752.59580031
747.0 77860991.85089931
749.0 77205267.11916298
751.0 76504374.21457717
753.0 75844727.90504305
755.0 75174157.2002151
757.0 74503325.48128049
759.0 73791673.70254166
761.0 73179652.91817836
763.0 72508140.01608731
765.0 71845711.67814796
767.0 71208557.14517158
769.0 70562865.54104777
771.0 69933993.4313099
773.0 69306668.30761889
775.0 68691865.49485034
777.0 67381313.66525671
779.0 67489278.01245253
781.0 66886520.04577718
783.0 66325218.75867841
785.0 65545945.227718696
787.0 64958631.65672098
789.0 64292619.14946319
791.0 63980369.88351234
793.0 63441604.93635538
795.0 62722472.875291236
797.0 62317455.37611098
799.0 61532509.562979475
801.0 61262067.11748
803.0 60753637.10247636
805.0 60221741.28266324
807.0 59746848.39726792
809.0 59157726.82611669
811.0 58663939.0658775
813.0 58210563.9287882
815.0 57673365.06627126
817.0 57253909.03065371
819.0 56710032.02672464
821.0 55979517.20413056
823.0 55497086.74063041
825.0 55283838.21548044
827.0 54702909.94079957
829.0 54138291.864686765
831.0 53429116.536862455
833.0 52594788.1279884
835.0 51869302.60159602
837.0 50977258.24415912
839.0 50791578.53825153
841.0 50408715.407149665
843.0 50924937.64816709
845.0 50429723.8596378
847.0 48570466.26514169
849.0 51752403.295895025
851.0 47970881.848031595
853.0 51744474.19663019
855.0 46517517.104902744
857.0 51695257.12202845
859.0 48257319.3653118
861.0 47286859.36741352
863.0 50693134.83975147
865.0 49321079.17394941
867.0 44060619.96670113
869.0 49280154.07188276
871.0 49301471.284960486
873.0 48203359.47340593
875.0 42644643.90280343
877.0 47085652.50525788
879.0 47725248.47506128
881.0 47393700.08071111
883.0 46830122.877926126
885.0 45012614.808101885
887.0 40950649.61811508
889.0 45666792.55379136
891.0 45489952.3134231
893.0 45051833.769178584
895.0 44880649.89548781
897.0 44522754.9918582
899.0 43582999.16558121
901.0 39257339.699682035
903.0 41602831.56081819
905.0 42997506.32713247
907.0 42426900.84206054
909.0 42191068.230485834
911.0 42047921.091570124
913.0 41724355.909165435
915.0 41473403.577997
917.0 41031723.14612609
919.0 40656671.33963118
921.0 39670938.833393805
923.0 35087095.03571209
925.0 39072096.078318514
927.0 39004856.29796105
929.0 39190717.44050376
931.0 38862721.384483404
933.0 38618450.37782596
935.0 38357394.89087005
937.0 38081143.28994772
939.0 37761330.98110114
941.0 37246171.895103574
943.0 37214433.21635219
945.0 36949656.68682679
947.0 36538352.5673944
949.0 36369196.32767861
951.0 35859709.52385283
953.0 34984471.92840644
955.0 31276184.03605731
957.0 34922423.782292634
959.0 34998576.23946324
961.0 34705027.679325685
963.0 34242921.30205837
965.0 34266603.55759044
967.0 33966628.32085084
969.0 33735885.48435621
971.0 33455238.023905683
973.0 33265280.233127784
975.0 33009737.873400576
977.0 32781767.516014606
979.0 32537235.495250493
981.0 32293801.643593717
983.0 32039045.509285383
985.0 31821315.180937946
987.0 31583544.062156375
989.0 31319846.603145137
991.0 31063514.834900193
993.0 30906893.638502322
995.0 30681628.915148914
997.0 30453703.12114701
999.0 30241164.427043233
1002.5 29142638.81263663
1007.5 28076749.51086045
1012.5 28668665.842812378
1017.5 28279306.006933503
1022.5 27792368.27544499
1027.5 27312411.079760484
1032.5 26772366.526861064
1037.5 26369004.239088964
1042.5 25916956.454225056
1047.5 25464666.753847644
1052.5 25015455.110069633
1057.5 24599849.032525472
1062.5 24188285.490535848
1067.5 23694940.18103845
1072.5 23363495.237401288
1077.5 22978808.190651592
1082.5 22388894.027883757
1087.5 22216448.055494256
1092.5 20567286.12672547
1097.5 21297729.329595152
1102.5 21082301.973274257
1107.5 20795094.146069486
1112.5 20454535.99039088
1117.5 20118265.468879167
1122.5 19789542.074768875
1127.5 19401229.47841554
1132.5 19105941.354749996
1137.5 18857253.798421755
1142.5 18554297.589598037
1147.5 18265004.832638763
1152.5 17975505.174253467
1157.5 17691213.065606136
1162.5 17397382.80121931
1167.5 17127279.355748624
1172.5 16874224.587781943
1177.5 16573816.449597128
1182.5 16356342.360708069
1187.5 16098562.282480989
1192.5 15862236.290582694
1197.5 15566149.209102824
1202.5 15382651.517465023
1207.5 15149424.27230873
1212.5 14919516.999265332
1217.5 14696103.247900084
1222.5 14475837.581309194
1227.5 14257868.52054712
1232.5 14046505.98147279
1237.5 13839655.485035116
1242.5 13637613.059428247
1247.5 13420633.942412203
1252.5 13226173.658294233
1257.5 13036649.564736258
1262.5 12854220.59854132
1267.5 12670899.56889035
1272.5 12488576.440732569
1277.5 12214295.973780435
1282.5 11449961.521554047
1287.5 11940294.823753428
1292.5 11789587.029266134
1297.5 11594191.7098575
1302.5 11459048.473029878
1307.5 11297572.255092988
1312.5 11139264.01629834
1317.5 10974737.593877094
1322.5 10830547.194309415
1327.5 10680384.50550221
1332.5 10532507.281677807
1337.5 10387544.184861416
1342.5 10239120.263807492
1347.5 10103175.681841403
1352.5 9964042.43059047
1357.5 9829935.292442376
1362.5 9696553.900834782
1367.5 9563255.269797595
1372.5 9435457.033593666
1377.5 9311787.27661354
1382.5 9187460.209718443
1387.5 9064990.48100923
1392.5 8942804.843873436
1397.5 8825201.277549258
1402.5 8709959.57058056
1407.5 8594616.800223004
1412.5 8481586.55118857
1417.5 8372024.28836411
1422.5 8263196.5256020175
1427.5 8155980.206638731
1432.5 8050348.2751339255
1437.5 7945987.991624423
1442.5 7837690.214822827
1447.5 7741857.453164189
1452.5 7641756.155931826
1457.0 7557626.057238734
1462.0 7461979.506863514
1467.5 7360212.653151694
1472.5 7267727.7157209935
1477.5 7174126.306364504
1482.5 7081893.629518604
1487.5 6985316.818501011
1492.5 6880990.753304273
1497.5 6782711.780170312
1502.5 6680010.686942543
1507.5 6588545.136922346
1512.5 6507314.045517674
1517.5 6438466.402347624
1522.5 6415129.115154702
1527.5 6247283.516395274
1532.5 6196117.589515376
1537.5 6201539.202651801
1542.5 6010703.274475391
1547.5 6072575.156489722
1552.5 6019094.71884991
1557.5 5756822.890241419
1562.5 5929035.302751931
1567.5 5764864.989515852
1572.5 5575502.836112473
1577.5 5729595.060464615
1582.5 5656096.90985742
1587.5 5309567.658601363
1592.5 5491897.9487315845
1597.5 5469556.1757077025
1605.0 5348964.0774396155
1615.0 5107528.018205998
1625.0 5128645.491830147
1635.0 4984234.6626662845
1645.0 4766724.366027673
1655.0 4787005.082538515
1665.0 4679499.101578802
1675.0 4547496.787553099
1685.0 4352402.668874266
1695.0 4371736.811361069
1705.0 4268424.165264469
1715.0 4182504.767123667
1725.0 4092442.167926825
1735.0 3878089.903246514
1745.0 3912334.476576882
1755.0 3834004.381897417
1765.0 3752573.1531518064
1775.0 3672349.1146495477
1785.0 3595186.81936502
1795.0 3521372.3483084296
1805.0 3443447.3029591334
1815.0 3276743.8398600686
1825.0 3294038.809638507
1835.0 3238291.0108906724
1845.0 3172634.623273294
1855.0 3106284.7179913926
1865.0 3035483.4478948894
1875.0 2890458.8774817293
1885.0 2923319.7975255917
1895.0 2865666.31727791
1905.0 2805424.3808245184
1915.0 2754292.672257385
1925.0 2700185.9599165064
1935.0 2646567.2564198836
1945.0 2513707.893025631
1955.0 2543749.3832526207
1965.0 2497116.3880956587
1975.0 2449296.892837947
1985.0 2402616.549085415
1995.0 2357047.7036667014
2005.0 2312564.493903553
2015.0 2269141.6539487545
2025.0 2226753.7190114115
2035.0 2185377.213737417
2045.0 2144557.7507642442
2055.0 2102298.1344997687
2065.0 2066659.761755274
2075.0 2028963.3166529217
2085.0 1992031.2131647686
2095.0 1955846.7400217897
2105.0 1920664.346189253
2115.0 1882841.3729071429
2125.0 1852415.1256052286
2135.0 1819318.2583582324
2145.0 1787017.3647703745
2155.0 1755623.2564707827
2165.0 1670110.3002659017
2175.0 1692938.8884719666
2185.0 1665170.6281915265
2195.0 1636343.5896521674
2205.0 1608463.3240805264
2215.0 1580774.2433842744
2225.0 1553758.9849283379
2235.0 1527402.727408641
2245.0 1501453.6081277414
2255.0 1476139.4175979388
2265.0 1451329.648765898
2275.0 1427014.0560321577
2285.0 1405708.6801033218
2295.0 1391208.4711255769
2305.0 1366072.5341320373
2315.0 1340199.4113364639
2325.0 1315940.0201920029
2335.0 1292265.9213507622
2345.0 1270146.3684161718
2355.0 1246733.5820971204
2365.0 1226243.2784205936
2375.0 1205946.5469436026
2385.0 1186368.4000346712
2395.0 1167387.9794088895
2405.0 1147644.9081901794
2415.0 1127776.900341142
2425.0 1117067.264748649
2435.0 1093854.914186054
2445.0 1075597.8527766247
2455.0 1066256.2533918459
2465.0 1044695.9311385446
2475.0 1028342.6612640129
2485.0 1023384.0895401455
2495.0 986012.5194653799
2505.0 993443.9611175376
2515.0 977597.002905717
2525.0 939436.5216724126
2535.0 946930.6305834128
2545.0 934504.9068170314
2555.0 918754.137873942
2565.0 881885.7958348651
2575.0 892429.4129273454
2585.0 879974.941799368
2595.0 866973.4750263516
2605.0 850787.4173139059
2615.0 816883.7339772731
2625.0 800499.6775684371
2635.0 815851.464963563
2645.0 805391.8518394834
2655.0 793509.6422037608
2665.0 781242.5760212741
2675.0 747174.5154699793
2685.0 758885.2853904401
2695.0 749185.686855544
2705.0 738543.3439624269
2715.0 728094.2748533271
2725.0 717818.5354244383
2735.0 707721.5966269294
2745.0 697744.4716600167
2755.0 668610.3138164101
2765.0 674009.5457889632
2775.0 669074.7975706399
2785.0 659833.6647436878
2795.0 650753.4276170178
2805.0 641816.1812595318
2815.0 633027.0982068805
2825.0 624391.1520510353
2835.0 615846.2723641907
2845.0 607583.5942858157
2855.0 599318.4791473747
2865.0 589385.9175645278
2875.0 565083.5048495124
2885.0 575378.6910230102
2895.0 567790.5812237463
2905.0 560421.0607916352
2915.0 552969.8242434304
2925.0 545712.2096306809
2935.0 538526.6623656001
2945.0 531488.1344792005
2955.0 524559.9208627314
2965.0 517733.36746616225
2975.0 511020.41091022495
2985.0 504419.36017364915
2995.0 497914.946329082
3005.0 491519.00652541587
3015.0 485216.57025081624
3025.0 479019.37518233614
3035.0 461567.0906898352
3045.0 462051.76722746977
3055.0 460952.7028735808
3065.0 455224.4180561852
3075.0 449484.74371317454
3085.0 443696.328168842
3095.0 438330.07111106074
3105.0 432880.5063877548
3115.0 427504.20267419086
3125.0 422200.0160442155
3135.0 417015.66811279627
3145.0 411876.5301323991
3155.0 406836.1925565182
3165.0 401851.2607952012
3175.0 396968.536348901
3185.0 392150.9410894692
3195.0 387397.53003443114
3210.0 380410.5036928976
3230.0 371340.5867695687
3250.0 362532.55433150544
3270.0 353984.51641375874
3290.0 339290.9093121974
3310.0 338098.1176176032
3330.0 330972.4523998608
3350.0 323110.77017419785
3370.0 315126.8370578725
3390.0 307746.44932730345
3410.0 300584.07900081045
3430.0 293613.19196522486
3450.0 286934.37911817274
3470.0 280509.16972575366
3490.0 274197.1592866086
3510.0 268244.04324413586
3530.0 262431.85393017903
3550.0 256443.07723326972
3570.0 250665.72793107404
3590.0 246587.23330658508
3610.0 239749.3898562404
3630.0 236268.4474391819
3650.0 229451.2692634793
3670.0 226547.7111384064
3690.0 219479.31683221716
3710.0 216945.072778997
3730.0 211112.54147387622
3750.0 203596.7352678998
3770.0 203960.7897662426
3790.0 199806.0624108086
3810.0 194070.76482873302
3830.0 190667.65912603043
3850.0 187907.09177014165
3870.0 184136.35058287668
3890.0 180314.17002064525
3910.0 174156.22902680116
3930.0 173381.97753059887
3950.0 169939.77939499935
3970.0 166649.27581453425
3990.0 163397.21810000984
4010.0 159261.93748918487
4030.0 155218.96674535322
4050.0 151372.1544688823
4070.0 151180.3354605168
4090.0 148307.55143576828
4110.0 145501.11512792122
4130.0 142724.37116414474
4150.0 140077.84827216525
4170.0 134941.06031397468
4190.0 134885.38095185236
4210.0 132419.48648630225
4230.0 129980.64836107775
4250.0 127585.08048600635
4270.0 125271.32819886814
4290.0 122926.66503762628
4310.0 120771.73197612188
4330.0 118600.08764559284
4350.0 116472.72071759115
4370.0 112391.78903303608
4390.0 112088.72320624531
4410.0 110377.60862432857
4430.0 108436.10482830639
4450.0 106537.06307374191
4470.0 104874.65239120727
4490.0 103053.18002043021
4510.0 101268.66143800231
4530.0 99517.40996887458
4550.0 97816.14931605161
4570.0 96146.52692515813
4590.0 94510.76847860143
4610.0 92902.52642962772
4630.0 91340.86828645821
4650.0 88463.2474435173
4670.0 86412.23758625994
4690.0 86742.63330093477
4710.0 85394.01275287972
4730.0 83981.95403922662
4750.0 82593.25877386023
4770.0 81245.94379369772
4790.0 79920.81725071861
4810.0 78622.6475762257
4830.0 77348.32005824674
4850.0 76102.50987323507
4870.0 74879.55956032297
4890.0 73681.56424512848
4910.0 72508.00791748455
4930.0 71355.97480909781
4950.0 70227.50409267662
4970.0 69122.11705999373
4990.0 68039.38473874157
5010.0 66974.10350831985
5030.0 65933.05610477984
5050.0 64911.06999247108
5070.0 63907.78458597561
5090.0 62925.17688810217
5110.0 61916.93654060498
5130.0 59703.56377343401
5150.0 60079.449203679294
5170.0 59175.85323126502
5190.0 58282.14848988431
5210.0 57404.80686609024
5230.0 56543.542378344435
5250.0 55700.23255761618
5270.0 54870.233312401986
5290.0 54057.598120158706
5310.0 53259.877486840334
5330.0 52476.804081878385
5350.0 51708.12922567428
5370.0 50951.50289602143
5390.0 50208.783972919235
5410.0 49481.78781743732
5430.0 48766.1501026206
5450.0 48065.722253752094
5470.0 47376.22076474624
5490.0 46699.44856269276
5510.0 46033.214158629155
5530.0 45379.30182867524
5550.0 44737.48154420233
5570.0 44107.57612099644
5590.0 43487.43448052984
5610.0 42878.809813972526
5630.0 42281.50939463559
5650.0 41693.44742238595
5670.0 41116.346003443774
5690.0 40548.16907359567
5710.0 39990.61076260698
5730.0 39441.653657234216
5750.0 38902.98567025274
5770.0 38372.62669035886
5790.0 37852.23043688313
5810.0 37339.85099196666
5830.0 36837.135857950045
5850.0 36382.44697140941
5870.0 35894.81736354172
5890.0 35383.578736283736
5910.0 34145.4216659184
5930.0 34473.04149457407
5950.0 34024.8959899711
5970.0 33576.92766958211
5990.0 33135.838448588875
6010.0 32701.538180636897
6030.0 32275.54381127753
6050.0 31856.10525783576
6070.0 31443.11061449222
6090.0 31036.463517902463
6110.0 30636.064496227056
6130.0 30243.41184404745
6150.0 29856.795889123398
6170.0 29476.120268110455
6190.0 29101.301051644095
6210.0 28732.24809336983
6230.0 28368.868138438203
6250.0 28011.080365979662
6270.0 27658.797738134715
6290.0 27313.453271090177
6310.0 26971.92603588386
6330.0 26637.153560274
6350.0 26306.05843422816
6370.0 25980.065902695704
6390.0 25660.571679923672
6420.0 25188.556042351895
6460.0 24577.306251782058
6500.0 23984.822445420145
6540.0 23409.160259654753
6580.0 22849.831660773663
6620.0 22307.7443293117
6660.0 21782.4009060717
6700.0 21271.981367241548
6740.0 20776.07072874111
6780.0 20294.255560737744
6820.0 19827.441989518786
6860.0 19372.64896839624
6900.0 18930.81992559722
6940.0 18502.83922794419
6980.0 18085.857939785896
7020.0 17680.80394687455
7060.0 17287.349302989518
7100.0 16903.994159301863
7140.0 16530.472739490597
7180.0 16168.855301213911
7220.0 15816.513611964298
7260.0 15473.209871875617
7300.0 15139.833110512795
7340.0 14815.012481588654
7380.0 14499.629243430663
7420.0 14187.987078983828
7460.0 13808.91544138173
7500.0 13446.696509325977
7540.0 13317.059834585656
7580.0 13041.21820684955
7620.0 12771.45524105126
7660.0 12508.642870033313
7700.0 12252.611680819173
7740.0 12003.192260432308
7780.0 11760.222967133639
7820.0 11523.544490555327
7860.0 11293.00451444324
7900.0 11067.489420469981
7940.0 10847.838502280763
7980.0 10633.906437735166
8020.0 10424.624681683033
8060.0 10220.809214057212
8100.0 10021.415580543659
8140.0 9827.247327095292
8180.0 9638.18011391282
8220.0 9453.206788621988
8260.0 9272.234096373331
8300.0 9096.043823654885
8340.0 8924.5225103998
8380.0 8755.852464167196
8420.0 8591.67108468898
8460.0 8431.871128888266
8500.0 8275.104287066495
8540.0 8122.132917618067
8580.0 7972.625188703627
8620.0 7826.584208818156
8660.0 7683.853776088796
8700.0 7544.3631722547
8740.0 7407.961635309228
8780.0 7274.660822108564
8820.0 7144.392345763099
8860.0 7016.938611624073
8900.0 6892.315162166398
8940.0 6770.535208493749
8980.0 6651.316654686485
9020.0 6534.752755594074
9060.0 6420.71412011288
9100.0 6309.2197877746685
9140.0 6200.072757709938
9180.0 6093.224848246465
9220.0 5988.6989845347425
9260.0 5886.447373464419
9300.0 5786.284282460303
9340.0 5688.304132057482
9380.0 5592.395016436594
9420.0 5498.446972587642
9460.0 5406.487588403594
9500.0 5316.409620807559
9540.0 5228.177322107244
9580.0 5141.817114509998
9620.0 5057.228360490768
9660.0 4974.374923795387
9700.0 4893.095939808523
9740.0 4813.61405448328
9780.0 4735.704679057189
9820.0 4659.336728580429
9860.0 4584.482226598158
9900.0 4511.173423745818
9940.0 4439.256060959913
9980.0 4368.826501584895
10020.0 4299.736703547232
20000.0 270.57778004551506
40000.0 16.616377965419932
60000.0 3.233929129641142
80000.0 1.0114251318979357
100000.0 0.41052994301969353
120000.0 0.19651820279960688
140000.0 0.10542603312545859
160000.0 0.061473872538132315
