-4.000000000000e+00
-3.898989898990e+00
-3.797979797980e+00
-3.696969696970e+00
-3.595959595960e+00
-3.494949494949e+00
-3.393939393939e+00
-3.292929292929e+00
-3.191919191919e+00
-3.090909090909e+00
-2.989898989899e+00
-2.888888888889e+00
-2.787878787879e+00
-2.686868686869e+00
-2.585858585859e+00
-2.484848484848e+00
-2.383838383838e+00
-2.282828282828e+00
-2.181818181818e+00
-2.080808080808e+00
-1.979797979798e+00
-1.878787878788e+00
-1.777777777778e+00
-1.676767676768e+00
-1.575757575758e+00
-1.474747474747e+00
-1.373737373737e+00
-1.272727272727e+00
-1.171717171717e+00
-1.070707070707e+00
-9.696969696970e-01
-8.686868686869e-01
-7.676767676768e-01
-6.666666666667e-01
-5.656565656566e-01
-4.646464646465e-01
-3.636363636364e-01
-2.626262626263e-01
-1.616161616162e-01
-6.060606060606e-02
4.040404040404e-02
1.414141414141e-01
2.424242424242e-01
3.434343434343e-01
4.444444444444e-01
5.454545454545e-01
6.464646464646e-01
7.474747474747e-01
8.484848484848e-01
9.494949494949e-01
1.050505050505e+00
1.151515151515e+00
1.252525252525e+00
1.353535353535e+00
1.454545454545e+00
1.555555555556e+00
1.656565656566e+00
1.757575757576e+00
1.858585858586e+00
1.959595959596e+00
2.060606060606e+00
2.161616161616e+00
2.262626262626e+00
2.363636363636e+00
2.464646464646e+00
2.565656565657e+00
2.666666666667e+00
2.767676767677e+00
2.868686868687e+00
2.969696969697e+00
3.070707070707e+00
3.171717171717e+00
3.272727272727e+00
3.373737373737e+00
3.474747474747e+00
3.575757575758e+00
3.676767676768e+00
3.777777777778e+00
3.878787878788e+00
3.979797979798e+00
4.080808080808e+00
4.181818181818e+00
4.282828282828e+00
4.383838383838e+00
4.484848484848e+00
4.585858585859e+00
4.686868686869e+00
4.787878787879e+00
4.888888888889e+00
4.989898989899e+00
5.090909090909e+00
5.191919191919e+00
5.292929292929e+00
5.393939393939e+00
5.494949494949e+00
5.595959595960e+00
5.696969696970e+00
5.797979797980e+00
5.898989898990e+00
6.000000000000e+00
