log(gamma [K^0.5/cm^3]) log10(eff) log10(Prad [erg/s]) f_anion f_neutral f_1 f_2
300
  6.270541e+00  -3.764291e+00  -1.773102e+01   1.705089e-07   1.314504e-04   2.090470e-02   9.789637e-01
  6.240441e+00  -3.733689e+00  -1.773102e+01   2.095987e-07   1.507659e-04   2.237097e-02   9.774781e-01
  6.210341e+00  -3.703053e+00  -1.773102e+01   2.576221e-07   1.729009e-04   2.393749e-02   9.758893e-01
  6.180240e+00  -3.672382e+00  -1.773102e+01   3.166121e-07   1.982629e-04   2.561076e-02   9.741907e-01
  6.150140e+00  -3.641671e+00  -1.773102e+01   3.890614e-07   2.273169e-04   2.739759e-02   9.723747e-01
  6.120040e+00  -3.610921e+00  -1.773102e+01   4.780258e-07   2.605941e-04   2.930522e-02   9.704337e-01
  6.089939e+00  -3.580127e+00  -1.773102e+01   5.872500e-07   2.987005e-04   3.134122e-02   9.683595e-01
  6.059839e+00  -3.549287e+00  -1.773102e+01   7.213216e-07   3.423273e-04   3.351361e-02   9.661433e-01
  6.029739e+00  -3.518398e+00  -1.773102e+01   8.858587e-07   3.922625e-04   3.583076e-02   9.637761e-01
  5.999638e+00  -3.487458e+00  -1.773102e+01   1.087739e-06   4.494037e-04   3.830149e-02   9.612480e-01
  5.969538e+00  -3.456464e+00  -1.773102e+01   1.335379e-06   5.147734e-04   4.093499e-02   9.585489e-01
  5.939438e+00  -3.425412e+00  -1.773102e+01   1.639072e-06   5.895347e-04   4.374090e-02   9.556679e-01
  5.909337e+00  -3.394299e+00  -1.773102e+01   2.011406e-06   6.750107e-04   4.672923e-02   9.525937e-01
  5.879237e+00  -3.363123e+00  -1.773102e+01   2.467760e-06   7.727047e-04   4.991041e-02   9.493144e-01
  5.849137e+00  -3.331878e+00  -1.773102e+01   3.026920e-06   8.843237e-04   5.329526e-02   9.458174e-01
  5.819036e+00  -3.300563e+00  -1.773102e+01   3.711818e-06   1.011805e-03   5.689493e-02   9.420896e-01
  5.788936e+00  -3.269173e+00  -1.773103e+01   4.550429e-06   1.157343e-03   6.072095e-02   9.381172e-01
  5.758836e+00  -3.237705e+00  -1.773103e+01   5.576860e-06   1.323424e-03   6.478512e-02   9.338859e-01
  5.728735e+00  -3.206155e+00  -1.773103e+01   6.832666e-06   1.512861e-03   6.909953e-02   9.293808e-01
  5.698635e+00  -3.174519e+00  -1.773103e+01   8.368441e-06   1.728833e-03   7.367646e-02   9.245863e-01
  5.668535e+00  -3.142793e+00  -1.773103e+01   1.024573e-05   1.974927e-03   7.852834e-02   9.194865e-01
  5.638434e+00  -3.110974e+00  -1.773103e+01   1.253934e-05   2.255187e-03   8.366765e-02   9.140646e-01
  5.608334e+00  -3.079058e+00  -1.773104e+01   1.534013e-05   2.574166e-03   8.910688e-02   9.083036e-01
  5.578234e+00  -3.047041e+00  -1.773104e+01   1.875832e-05   2.936982e-03   9.485834e-02   9.021859e-01
  5.548133e+00  -3.014920e+00  -1.773104e+01   2.292752e-05   3.349377e-03   1.009341e-01   8.956936e-01
  5.518033e+00  -2.982691e+00  -1.773105e+01   2.800949e-05   3.817788e-03   1.073459e-01   8.888083e-01
  5.487933e+00  -2.950351e+00  -1.773105e+01   3.419985e-05   4.349411e-03   1.141048e-01   8.815116e-01
  5.457832e+00  -2.917897e+00  -1.773106e+01   4.173490e-05   4.952282e-03   1.212211e-01   8.737849e-01
  5.427732e+00  -2.885328e+00  -1.773106e+01   5.089968e-05   5.635347e-03   1.287044e-01   8.656094e-01
  5.397632e+00  -2.852639e+00  -1.773107e+01   6.203754e-05   6.408551e-03   1.365627e-01   8.569667e-01
  5.367531e+00  -2.819830e+00  -1.773107e+01   7.556152e-05   7.282921e-03   1.448030e-01   8.478385e-01
  5.337431e+00  -2.786900e+00  -1.773108e+01   9.196760e-05   8.270646e-03   1.534303e-01   8.382071e-01
  5.307331e+00  -2.753847e+00  -1.773109e+01   1.118505e-04   9.385168e-03   1.624476e-01   8.280554e-01
  5.277230e+00  -2.720671e+00  -1.773110e+01   1.359218e-04   1.064126e-02   1.718557e-01   8.173671e-01
  5.247130e+00  -2.687375e+00  -1.773111e+01   1.650318e-04   1.205511e-02   1.816527e-01   8.061272e-01
  5.217030e+00  -2.653958e+00  -1.773113e+01   2.001939e-04   1.364439e-02   1.918335e-01   7.943219e-01
  5.186929e+00  -2.620424e+00  -1.773114e+01   2.426138e-04   1.542831e-02   2.023897e-01   7.819394e-01
  5.156829e+00  -2.586775e+00  -1.773116e+01   2.937223e-04   1.742768e-02   2.133089e-01   7.689697e-01
  5.126728e+00  -2.553017e+00  -1.773118e+01   3.552137e-04   1.966491e-02   2.245749e-01   7.554050e-01
  5.096628e+00  -2.519155e+00  -1.773120e+01   4.290889e-04   2.216405e-02   2.361664e-01   7.412404e-01
  5.066528e+00  -2.485197e+00  -1.773122e+01   5.177047e-04   2.495076e-02   2.480575e-01   7.264741e-01
  5.036427e+00  -2.451149e+00  -1.773124e+01   6.238291e-04   2.805220e-02   2.602167e-01   7.111073e-01
  5.006327e+00  -2.417022e+00  -1.773127e+01   7.507030e-04   3.149699e-02   2.726070e-01   6.951453e-01
  4.976227e+00  -2.382827e+00  -1.773130e+01   9.021095e-04   3.531505e-02   2.851855e-01   6.785973e-01
  4.946126e+00  -2.348575e+00  -1.773134e+01   1.082449e-03   3.953737e-02   2.979031e-01   6.614771e-01
  4.916026e+00  -2.314281e+00  -1.773138e+01   1.296823e-03   4.419577e-02   3.107046e-01   6.438028e-01
  4.885926e+00  -2.279959e+00  -1.773142e+01   1.551123e-03   4.932258e-02   3.235284e-01   6.255979e-01
  4.855825e+00  -2.245626e+00  -1.773147e+01   1.852124e-03   5.495020e-02   3.363067e-01   6.068909e-01
  4.825725e+00  -2.211300e+00  -1.773152e+01   2.207590e-03   6.111071e-02   3.489661e-01   5.877156e-01
  4.795625e+00  -2.176999e+00  -1.773158e+01   2.626375e-03   6.783523e-02   3.614272e-01   5.681112e-01
  4.765524e+00  -2.142744e+00  -1.773164e+01   3.118533e-03   7.515339e-02   3.736060e-01   5.481221e-01
  4.735424e+00  -2.108555e+00  -1.773171e+01   3.695425e-03   8.309258e-02   3.854137e-01   5.277983e-01
  4.705324e+00  -2.074456e+00  -1.773178e+01   4.369825e-03   9.167727e-02   3.967585e-01   5.071944e-01
  4.675223e+00  -2.040469e+00  -1.773186e+01   5.156025e-03   1.009281e-01   4.075458e-01   4.863700e-01
  4.645123e+00  -2.006618e+00  -1.773195e+01   6.069920e-03   1.108613e-01   4.176801e-01   4.653887e-01
  4.615023e+00  -1.972927e+00  -1.773204e+01   7.129098e-03   1.214874e-01   4.270657e-01   4.443178e-01
  4.584922e+00  -1.939420e+00  -1.773214e+01   8.352898e-03   1.328108e-01   4.356088e-01   4.232275e-01
  4.554822e+00  -1.906122e+00  -1.773225e+01   9.762457e-03   1.448288e-01   4.432186e-01   4.021901e-01
  4.524722e+00  -1.873058e+00  -1.773236e+01   1.138073e-02   1.575308e-01   4.498090e-01   3.812794e-01
  4.494621e+00  -1.840252e+00  -1.773249e+01   1.323247e-02   1.708977e-01   4.553007e-01   3.605691e-01
  4.464521e+00  -1.807727e+00  -1.773262e+01   1.534420e-02   1.849009e-01   4.596222e-01   3.401326e-01
  4.434421e+00  -1.775509e+00  -1.773275e+01   1.774412e-02   1.995028e-01   4.627117e-01   3.200414e-01
  4.404320e+00  -1.743618e+00  -1.773289e+01   2.046198e-02   2.146554e-01   4.645185e-01   3.003641e-01
  4.374220e+00  -1.712077e+00  -1.773304e+01   2.352892e-02   2.303010e-01   4.650041e-01   2.811659e-01
  4.344120e+00  -1.680907e+00  -1.773320e+01   2.697727e-02   2.463721e-01   4.641433e-01   2.625073e-01
  4.314019e+00  -1.650129e+00  -1.773336e+01   3.084026e-02   2.627914e-01   4.619250e-01   2.444433e-01
  4.283919e+00  -1.619761e+00  -1.773353e+01   3.515174e-02   2.794729e-01   4.583525e-01   2.270228e-01
  4.253819e+00  -1.589820e+00  -1.773371e+01   3.994583e-02   2.963221e-01   4.534439e-01   2.102881e-01
  4.223718e+00  -1.560325e+00  -1.773388e+01   4.525653e-02   3.132373e-01   4.472318e-01   1.942744e-01
  4.193618e+00  -1.531291e+00  -1.773407e+01   5.111726e-02   3.301106e-01   4.397626e-01   1.790095e-01
  4.163518e+00  -1.502732e+00  -1.773425e+01   5.756045e-02   3.468292e-01   4.310963e-01   1.645140e-01
  4.133417e+00  -1.474663e+00  -1.773444e+01   6.461702e-02   3.632772e-01   4.213047e-01   1.508011e-01
  4.103317e+00  -1.447096e+00  -1.773463e+01   7.231588e-02   3.793364e-01   4.104710e-01   1.378767e-01
  4.073217e+00  -1.420043e+00  -1.773482e+01   8.068343e-02   3.948889e-01   3.986874e-01   1.257403e-01
  4.043116e+00  -1.393515e+00  -1.773502e+01   8.974303e-02   4.098179e-01   3.860541e-01   1.143849e-01
  4.013016e+00  -1.367524e+00  -1.773521e+01   9.951450e-02   4.240101e-01   3.726775e-01   1.037979e-01
  3.982916e+00  -1.342078e+00  -1.773540e+01   1.100136e-01   4.373570e-01   3.586680e-01   9.396139e-02
  3.952815e+00  -1.317186e+00  -1.773559e+01   1.212518e-01   4.497563e-01   3.441387e-01   8.485319e-02
  3.922715e+00  -1.292856e+00  -1.773578e+01   1.332354e-01   4.611140e-01   3.292033e-01   7.644725e-02
  3.892615e+00  -1.269097e+00  -1.773597e+01   1.459656e-01   4.713452e-01   3.139747e-01   6.871447e-02
  3.862514e+00  -1.245914e+00  -1.773615e+01   1.594383e-01   4.803754e-01   2.985630e-01   6.162329e-02
  3.832414e+00  -1.223315e+00  -1.773632e+01   1.736433e-01   4.881417e-01   2.830746e-01   5.514039e-02
  3.802314e+00  -1.201305e+00  -1.773650e+01   1.885649e-01   4.945935e-01   2.676104e-01   4.923122e-02
  3.772213e+00  -1.179888e+00  -1.773666e+01   2.041813e-01   4.996929e-01   2.522652e-01   4.386062e-02
  3.742113e+00  -1.159069e+00  -1.773683e+01   2.204649e-01   5.034152e-01   2.371266e-01   3.899325e-02
  3.712013e+00  -1.138851e+00  -1.773698e+01   2.373825e-01   5.057493e-01   2.222741e-01   3.459402e-02
  3.681912e+00  -1.119236e+00  -1.773713e+01   2.548955e-01   5.066970e-01   2.077790e-01   3.062849e-02
  3.651812e+00  -1.100226e+00  -1.773727e+01   2.729600e-01   5.062732e-01   1.937036e-01   2.706316e-02
  3.621712e+00  -1.081821e+00  -1.773741e+01   2.915277e-01   5.045049e-01   1.801017e-01   2.386570e-02
  3.591611e+00  -1.064021e+00  -1.773754e+01   3.105459e-01   5.014309e-01   1.670180e-01   2.100520e-02
  3.561511e+00  -1.046824e+00  -1.773766e+01   3.299586e-01   4.971006e-01   1.544885e-01   1.845224e-02
  3.531411e+00  -1.030229e+00  -1.773778e+01   3.497066e-01   4.915733e-01   1.425410e-01   1.617906e-02
  3.501310e+00  -1.014230e+00  -1.773788e+01   3.697285e-01   4.849166e-01   1.311953e-01   1.415960e-02
  3.471210e+00  -9.988247e-01  -1.773799e+01   3.899613e-01   4.772055e-01   1.204637e-01   1.236951e-02
  3.441110e+00  -9.840060e-01  -1.773808e+01   4.103413e-01   4.685207e-01   1.103518e-01   1.078618e-02
  3.411009e+00  -9.697675e-01  -1.773817e+01   4.308045e-01   4.589480e-01   1.008588e-01   9.388709e-03
  3.380909e+00  -9.561014e-01  -1.773825e+01   4.512875e-01   4.485762e-01   9.197845e-02   8.157837e-03
  3.350809e+00  -9.429989e-01  -1.773833e+01   4.717282e-01   4.374962e-01   8.369969e-02   7.075919e-03
  3.320708e+00  -9.304501e-01  -1.773840e+01   4.920660e-01   4.257999e-01   7.600721e-02   6.126838e-03
  3.290608e+00  -9.184444e-01  -1.773846e+01   5.122432e-01   4.135786e-01   6.888219e-02   5.295928e-03
  3.260508e+00  -9.069703e-01  -1.773852e+01   5.322048e-01   4.009224e-01   6.230298e-02   4.569892e-03
  3.230407e+00  -8.960155e-01  -1.773857e+01   5.518989e-01   3.879187e-01   5.624565e-02   3.936712e-03
  3.200307e+00  -8.855671e-01  -1.773862e+01   5.712777e-01   3.746521e-01   5.068460e-02   3.385561e-03
  3.170207e+00  -8.756114e-01  -1.773867e+01   5.902973e-01   3.612030e-01   4.559307e-02   2.906712e-03
  3.140106e+00  -8.661345e-01  -1.773871e+01   6.089177e-01   3.476472e-01   4.094360e-02   2.491453e-03
  3.110006e+00  -8.571216e-01  -1.773875e+01   6.271036e-01   3.340559e-01   3.670845e-02   2.132004e-03
  3.079906e+00  -8.485580e-01  -1.773878e+01   6.448240e-01   3.204946e-01   3.285998e-02   1.821433e-03
  3.049805e+00  -8.404284e-01  -1.773881e+01   6.620522e-01   3.070233e-01   2.937092e-02   1.553580e-03
  3.019705e+00  -8.327175e-01  -1.773884e+01   6.787658e-01   2.936965e-01   2.621469e-02   1.322985e-03
  2.989605e+00  -8.254097e-01  -1.773886e+01   6.949468e-01   2.805628e-01   2.336553e-02   1.124820e-03
  2.959504e+00  -8.184895e-01  -1.773889e+01   7.105812e-01   2.676652e-01   2.079874e-02   9.548268e-04
  2.929404e+00  -8.119415e-01  -1.773891e+01   7.256588e-01   2.550412e-01   1.849078e-02   8.092576e-04
  2.899304e+00  -8.057501e-01  -1.773892e+01   7.401730e-01   2.427229e-01   1.641932e-02   6.848213e-04
  2.869203e+00  -7.999001e-01  -1.773894e+01   7.541206e-01   2.307374e-01   1.456338e-02   5.786343e-04
  2.839103e+00  -7.943765e-01  -1.773895e+01   7.675016e-01   2.191069e-01   1.290328e-02   4.881762e-04
  2.809003e+00  -7.891644e-01  -1.773897e+01   7.803188e-01   2.078493e-01   1.142068e-02   4.112484e-04
  2.778902e+00  -7.842493e-01  -1.773898e+01   7.925774e-01   1.969781e-01   1.009860e-02   3.459373e-04
  2.748802e+00  -7.796172e-01  -1.773899e+01   8.042851e-01   1.865030e-01   8.921311e-03   2.905810e-04
  2.718702e+00  -7.752540e-01  -1.773900e+01   8.154514e-01   1.764305e-01   7.874375e-03   2.437394e-04
  2.688601e+00  -7.711466e-01  -1.773900e+01   8.260877e-01   1.667636e-01   6.944540e-03   2.041669e-04
  2.658501e+00  -7.672818e-01  -1.773901e+01   8.362066e-01   1.575029e-01   6.119702e-03   1.707887e-04
  2.628401e+00  -7.636471e-01  -1.773902e+01   8.458223e-01   1.486461e-01   5.388838e-03   1.426794e-04
  2.598300e+00  -7.602304e-01  -1.773902e+01   8.549498e-01   1.401893e-01   4.741939e-03   1.190435e-04
  2.568200e+00  -7.570200e-01  -1.773903e+01   8.636047e-01   1.321262e-01   4.169939e-03   9.919912e-05
  2.538100e+00  -7.540047e-01  -1.773903e+01   8.718036e-01   1.244492e-01   3.664651e-03   8.256250e-05
  2.507999e+00  -7.511738e-01  -1.773904e+01   8.795632e-01   1.171494e-01   3.218699e-03   6.863515e-05
  2.477899e+00  -7.485170e-01  -1.773904e+01   8.869007e-01   1.102168e-01   2.825450e-03   5.699217e-05
  2.447799e+00  -7.460245e-01  -1.773904e+01   8.938334e-01   1.036404e-01   2.478955e-03   4.727212e-05
  2.417698e+00  -7.436869e-01  -1.773904e+01   9.003784e-01   9.740858e-02   2.173884e-03   3.916812e-05
  2.387598e+00  -7.414952e-01  -1.773905e+01   9.065529e-01   9.150924e-02   1.905477e-03   3.242015e-05
  2.357498e+00  -7.394410e-01  -1.773905e+01   9.123738e-01   8.592990e-02   1.669486e-03   2.680826e-05
  2.327397e+00  -7.375162e-01  -1.773905e+01   9.178579e-01   8.065784e-02   1.462126e-03   2.214676e-05
  2.297297e+00  -7.357130e-01  -1.773905e+01   9.230214e-01   7.568026e-02   1.280031e-03   1.827917e-05
  2.267197e+00  -7.340243e-01  -1.773905e+01   9.278804e-01   7.098433e-02   1.120211e-03   1.507384e-05
  2.237096e+00  -7.324432e-01  -1.773905e+01   9.324502e-01   6.655732e-02   9.800156e-04   1.242021e-05
  2.206996e+00  -7.309630e-01  -1.773906e+01   9.367460e-01   6.238665e-02   8.570941e-04   1.022557e-05
  2.176896e+00  -7.295777e-01  -1.773906e+01   9.407822e-01   5.845997e-02   7.493679e-04   8.412308e-06
  2.146795e+00  -7.282814e-01  -1.773906e+01   9.445729e-01   5.476519e-02   6.549992e-04   6.915567e-06
  2.116695e+00  -7.270687e-01  -1.773906e+01   9.481314e-01   5.129055e-02   5.723651e-04   5.681202e-06
  2.086595e+00  -7.259342e-01  -1.773906e+01   9.514707e-01   4.802462e-02   5.000338e-04   4.664093e-06
  2.056494e+00  -7.248733e-01  -1.773906e+01   9.546031e-01   4.495634e-02   4.367432e-04   3.826686e-06
  2.026394e+00  -7.238811e-01  -1.773906e+01   9.575404e-01   4.207508e-02   3.813816e-04   3.137770e-06
  1.996294e+00  -7.229535e-01  -1.773906e+01   9.602939e-01   3.937056e-02   3.329708e-04   2.571433e-06
  1.966193e+00  -7.220863e-01  -1.773906e+01   9.628743e-01   3.683297e-02   2.906504e-04   2.106192e-06
  1.936093e+00  -7.212758e-01  -1.773906e+01   9.652917e-01   3.445287e-02   2.536642e-04   1.724257e-06
  1.905993e+00  -7.205182e-01  -1.773906e+01   9.675560e-01   3.222126e-02   2.213482e-04   1.410909e-06
  1.875892e+00  -7.198102e-01  -1.773906e+01   9.696762e-01   3.012956e-02   1.931194e-04   1.153985e-06
  1.845792e+00  -7.191486e-01  -1.773906e+01   9.716610e-01   2.816959e-02   1.684664e-04   9.434456e-07
  1.815692e+00  -7.185305e-01  -1.773906e+01   9.735187e-01   2.633357e-02   1.469407e-04   7.710086e-07
  1.785591e+00  -7.179530e-01  -1.773906e+01   9.752571e-01   2.461412e-02   1.281493e-04   6.298501e-07
  1.755491e+00  -7.174135e-01  -1.773906e+01   9.768835e-01   2.300422e-02   1.117479e-04   5.143519e-07
  1.725391e+00  -7.169096e-01  -1.773906e+01   9.784049e-01   2.149726e-02   9.743490e-05   4.198921e-07
  1.695290e+00  -7.164389e-01  -1.773906e+01   9.798278e-01   2.008694e-02   8.494641e-05   3.426714e-07
  1.665190e+00  -7.159993e-01  -1.773906e+01   9.811583e-01   1.876735e-02   7.405147e-05   2.795689e-07
  1.635090e+00  -7.155888e-01  -1.773906e+01   9.824024e-01   1.753286e-02   6.454808e-05   2.280229e-07
  1.604989e+00  -7.152054e-01  -1.773906e+01   9.835653e-01   1.637821e-02   5.625958e-05   1.859319e-07
  1.574889e+00  -7.148474e-01  -1.773906e+01   9.846524e-01   1.529839e-02   4.903154e-05   1.515732e-07
  1.544789e+00  -7.145131e-01  -1.773906e+01   9.856684e-01   1.428872e-02   4.272900e-05   1.235350e-07
  1.514688e+00  -7.142010e-01  -1.773906e+01   9.866179e-01   1.334477e-02   3.723405e-05   1.006615e-07
  1.484588e+00  -7.139096e-01  -1.773906e+01   9.875051e-01   1.246238e-02   3.244367e-05   8.200647e-08
  1.454488e+00  -7.136375e-01  -1.773906e+01   9.883340e-01   1.163765e-02   2.826791e-05   6.679590e-08
  1.424387e+00  -7.133835e-01  -1.773906e+01   9.891084e-01   1.086688e-02   2.462823e-05   5.439682e-08
  1.394287e+00  -7.131464e-01  -1.773906e+01   9.898319e-01   1.014664e-02   2.145606e-05   4.429190e-08
  1.364187e+00  -7.129251e-01  -1.773906e+01   9.905076e-01   9.473670e-03   1.869157e-05   3.605841e-08
  1.334086e+00  -7.127184e-01  -1.773906e+01   9.911388e-01   8.844934e-03   1.628252e-05   2.935113e-08
  1.303986e+00  -7.125256e-01  -1.773906e+01   9.917282e-01   8.257574e-03   1.418336e-05   2.388818e-08
  1.273886e+00  -7.123455e-01  -1.773906e+01   9.922787e-01   7.708913e-03   1.235434e-05   1.943950e-08
  1.243785e+00  -7.121775e-01  -1.773906e+01   9.927928e-01   7.196440e-03   1.076078e-05   1.581738e-08
  1.213685e+00  -7.120207e-01  -1.773906e+01   9.932728e-01   6.717804e-03   9.372450e-06   1.286870e-08
  1.183585e+00  -7.118743e-01  -1.773906e+01   9.937210e-01   6.270800e-03   8.162973e-06   1.046861e-08
  1.153484e+00  -7.117377e-01  -1.773906e+01   9.941395e-01   5.853363e-03   7.109361e-06   8.515302e-09
  1.123384e+00  -7.116101e-01  -1.773906e+01   9.945302e-01   5.463561e-03   6.191567e-06   6.925814e-09
  1.093284e+00  -7.114911e-01  -1.773906e+01   9.948950e-01   5.099583e-03   5.392115e-06   5.632535e-09
  1.063183e+00  -7.113801e-01  -1.773906e+01   9.952356e-01   4.759737e-03   4.695773e-06   4.580382e-09
  1.033083e+00  -7.112764e-01  -1.773906e+01   9.955535e-01   4.442438e-03   4.089264e-06   3.724488e-09
  1.002983e+00  -7.111797e-01  -1.773906e+01   9.958502e-01   4.146202e-03   3.561016e-06   3.028312e-09
  9.728823e-01  -7.110894e-01  -1.773906e+01   9.961273e-01   3.869643e-03   3.100945e-06   2.462102e-09
  9.427820e-01  -7.110052e-01  -1.773906e+01   9.963858e-01   3.611464e-03   2.700263e-06   2.001633e-09
  9.126817e-01  -7.109265e-01  -1.773906e+01   9.966272e-01   3.370452e-03   2.351314e-06   1.627188e-09
  8.825813e-01  -7.108532e-01  -1.773906e+01   9.968525e-01   3.145473e-03   2.047425e-06   1.322718e-09
  8.524810e-01  -7.107847e-01  -1.773906e+01   9.970627e-01   2.935467e-03   1.782785e-06   1.075165e-09
  8.223807e-01  -7.107208e-01  -1.773906e+01   9.972590e-01   2.739444e-03   1.552329e-06   8.739015e-10
  7.922803e-01  -7.106612e-01  -1.773906e+01   9.974422e-01   2.556477e-03   1.351646e-06   7.102817e-10
  7.621800e-01  -7.106056e-01  -1.773906e+01   9.976131e-01   2.385700e-03   1.176892e-06   5.772725e-10
  7.320797e-01  -7.105536e-01  -1.773906e+01   9.977727e-01   2.226307e-03   1.024721e-06   4.691529e-10
  7.019793e-01  -7.105052e-01  -1.773906e+01   9.979216e-01   2.077541e-03   8.922152e-07   3.812698e-10
  6.718790e-01  -7.104600e-01  -1.773906e+01   9.980605e-01   1.938696e-03   7.768361e-07   3.098388e-10
  6.417787e-01  -7.104178e-01  -1.773906e+01   9.981902e-01   1.809113e-03   6.763713e-07   2.517825e-10
  6.116783e-01  -7.103784e-01  -1.773906e+01   9.983112e-01   1.688177e-03   5.888940e-07   2.045986e-10
  5.815780e-01  -7.103417e-01  -1.773906e+01   9.984242e-01   1.575313e-03   5.127263e-07   1.662523e-10
  5.514777e-01  -7.103074e-01  -1.773906e+01   9.985296e-01   1.469983e-03   4.464068e-07   1.350896e-10
  5.213773e-01  -7.102755e-01  -1.773906e+01   9.986279e-01   1.371686e-03   3.886627e-07   1.097654e-10
  4.912770e-01  -7.102456e-01  -1.773906e+01   9.987197e-01   1.279954e-03   3.383858e-07   8.918663e-11
  4.611767e-01  -7.102178e-01  -1.773906e+01   9.988054e-01   1.194349e-03   2.946108e-07   7.246442e-11
  4.310763e-01  -7.101918e-01  -1.773906e+01   9.988853e-01   1.114463e-03   2.564973e-07   5.887644e-11
  4.009760e-01  -7.101676e-01  -1.773906e+01   9.989599e-01   1.039915e-03   2.233133e-07   4.783550e-11
  3.708757e-01  -7.101449e-01  -1.773906e+01   9.990295e-01   9.703484e-04   1.944214e-07   3.886439e-11
  3.407753e-01  -7.101238e-01  -1.773906e+01   9.990944e-01   9.054315e-04   1.692668e-07   3.157523e-11
  3.106750e-01  -7.101041e-01  -1.773906e+01   9.991550e-01   8.448539e-04   1.473660e-07   2.565280e-11
  2.805747e-01  -7.100858e-01  -1.773906e+01   9.992115e-01   7.883260e-04   1.282984e-07   2.084093e-11
  2.504743e-01  -7.100686e-01  -1.773906e+01   9.992643e-01   7.355775e-04   1.116975e-07   1.693144e-11
  2.203740e-01  -7.100526e-01  -1.773906e+01   9.993135e-01   6.863561e-04   9.724433e-08   1.375515e-11
  1.902736e-01  -7.100377e-01  -1.773906e+01   9.993595e-01   6.404263e-04   8.466103e-08   1.117460e-11
  1.601733e-01  -7.100238e-01  -1.773906e+01   9.994024e-01   5.975682e-04   7.370578e-08   9.078084e-12
  1.300730e-01  -7.100108e-01  -1.773906e+01   9.994424e-01   5.575765e-04   6.416796e-08   7.374832e-12
  9.997265e-02  -7.099986e-01  -1.773906e+01   9.994797e-01   5.202599e-04   5.586423e-08   5.991094e-12
  6.987231e-02  -7.099873e-01  -1.773906e+01   9.995145e-01   4.854396e-04   4.863493e-08   4.866945e-12
  3.977198e-02  -7.099768e-01  -1.773906e+01   9.995470e-01   4.529486e-04   4.234106e-08   3.953697e-12
  9.671642e-03  -7.099669e-01  -1.773906e+01   9.995773e-01   4.226314e-04   3.686160e-08   3.211789e-12
 -2.042869e-02  -7.099577e-01  -1.773906e+01   9.996056e-01   3.943427e-04   3.209119e-08   2.609082e-12
 -5.052903e-02  -7.099491e-01  -1.773906e+01   9.996320e-01   3.679467e-04   2.793809e-08   2.119462e-12
 -8.062936e-02  -7.099411e-01  -1.773906e+01   9.996567e-01   3.433170e-04   2.432241e-08   1.721714e-12
 -1.107297e-01  -7.099337e-01  -1.773906e+01   9.996796e-01   3.203354e-04   2.117464e-08   1.398601e-12
 -1.408300e-01  -7.099267e-01  -1.773906e+01   9.997011e-01   2.988917e-04   1.843421e-08   1.136121e-12
 -1.709304e-01  -7.099202e-01  -1.773906e+01   9.997211e-01   2.788831e-04   1.604843e-08   9.228964e-13
 -2.010307e-01  -7.099141e-01  -1.773906e+01   9.997398e-01   2.602136e-04   1.397141e-08   7.496861e-13
 -2.311310e-01  -7.099085e-01  -1.773906e+01   9.997572e-01   2.427936e-04   1.216318e-08   6.089816e-13
 -2.612314e-01  -7.099032e-01  -1.773906e+01   9.997734e-01   2.265395e-04   1.058896e-08   4.946832e-13
 -2.913317e-01  -7.098983e-01  -1.773906e+01   9.997886e-01   2.113734e-04   9.218480e-09   4.018357e-13
 -3.214320e-01  -7.098937e-01  -1.773906e+01   9.998028e-01   1.972223e-04   8.025365e-09   3.264137e-13
 -3.515324e-01  -7.098894e-01  -1.773906e+01   9.998160e-01   1.840185e-04   6.986664e-09   2.651471e-13
 -3.816327e-01  -7.098854e-01  -1.773906e+01   9.998283e-01   1.716985e-04   6.082394e-09   2.153793e-13
 -4.117330e-01  -7.098817e-01  -1.773906e+01   9.998398e-01   1.602032e-04   5.295157e-09   1.749524e-13
 -4.418334e-01  -7.098782e-01  -1.773906e+01   9.998505e-01   1.494774e-04   4.609808e-09   1.421133e-13
 -4.719337e-01  -7.098749e-01  -1.773906e+01   9.998605e-01   1.394696e-04   4.013161e-09   1.154379e-13
 -5.020340e-01  -7.098719e-01  -1.773906e+01   9.998699e-01   1.301317e-04   3.493735e-09   9.376943e-14
 -5.321344e-01  -7.098691e-01  -1.773906e+01   9.998786e-01   1.214190e-04   3.041537e-09   7.616810e-14
 -5.622347e-01  -7.098664e-01  -1.773906e+01   9.998867e-01   1.132895e-04   2.647865e-09   6.187057e-14
 -5.923350e-01  -7.098640e-01  -1.773906e+01   9.998943e-01   1.057043e-04   2.305146e-09   5.025673e-14
 -6.224354e-01  -7.098617e-01  -1.773906e+01   9.999014e-01   9.862694e-05   2.006785e-09   4.082289e-14
 -6.525357e-01  -7.098595e-01  -1.773906e+01   9.999080e-01   9.202336e-05   1.747041e-09   3.315984e-14
 -6.826361e-01  -7.098575e-01  -1.773906e+01   9.999141e-01   8.586189e-05   1.520916e-09   2.693522e-14
 -7.127364e-01  -7.098556e-01  -1.773906e+01   9.999199e-01   8.011292e-05   1.324058e-09   2.187903e-14
 -7.428367e-01  -7.098539e-01  -1.773906e+01   9.999252e-01   7.474886e-05   1.152680e-09   1.777194e-14
 -7.729371e-01  -7.098523e-01  -1.773906e+01   9.999303e-01   6.974393e-05   1.003483e-09   1.443581e-14
 -8.030374e-01  -7.098508e-01  -1.773906e+01   9.999349e-01   6.507409e-05   8.735977e-10   1.172593e-14
 -8.331377e-01  -7.098493e-01  -1.773906e+01   9.999393e-01   6.071691e-05   7.605236e-10   9.524728e-15
 -8.632381e-01  -7.098480e-01  -1.773906e+01   9.999433e-01   5.665146e-05   6.620851e-10   7.736732e-15
 -8.933384e-01  -7.098468e-01  -1.773906e+01   9.999471e-01   5.285821e-05   5.763878e-10   6.284376e-15
 -9.234387e-01  -7.098456e-01  -1.773906e+01   9.999507e-01   4.931893e-05   5.017827e-10   5.104655e-15
 -9.535391e-01  -7.098446e-01  -1.773906e+01   9.999540e-01   4.601662e-05   4.368340e-10   4.146391e-15
 -9.836394e-01  -7.098436e-01  -1.773906e+01   9.999571e-01   4.293542e-05   3.802919e-10   3.368013e-15
 -1.013740e+00  -7.098426e-01  -1.773906e+01   9.999599e-01   4.006052e-05   3.310684e-10   2.735754e-15
 -1.043840e+00  -7.098418e-01  -1.773906e+01   9.999626e-01   3.737812e-05   2.882161e-10   2.222184e-15
 -1.073940e+00  -7.098410e-01  -1.773906e+01   9.999651e-01   3.487532e-05   2.509104e-10   1.805023e-15
 -1.104041e+00  -7.098402e-01  -1.773906e+01   9.999675e-01   3.254010e-05   2.184333e-10   1.466173e-15
 -1.134141e+00  -7.098395e-01  -1.773906e+01   9.999696e-01   3.036124e-05   1.901600e-10   1.190933e-15
 -1.164241e+00  -7.098388e-01  -1.773906e+01   9.999717e-01   2.832827e-05   1.655463e-10   9.673626e-16
 -1.194342e+00  -7.098382e-01  -1.773906e+01   9.999736e-01   2.643142e-05   1.441184e-10   7.857622e-16
 -1.224442e+00  -7.098376e-01  -1.773906e+01   9.999753e-01   2.466158e-05   1.254642e-10   6.382528e-16
 -1.254542e+00  -7.098371e-01  -1.773906e+01   9.999770e-01   2.301025e-05   1.092244e-10   5.184348e-16
 -1.284643e+00  -7.098366e-01  -1.773906e+01   9.999785e-01   2.146949e-05   9.508669e-11   4.211099e-16
 -1.314743e+00  -7.098361e-01  -1.773906e+01   9.999800e-01   2.003189e-05   8.277891e-11   3.420555e-16
 -1.344843e+00  -7.098357e-01  -1.773906e+01   9.999813e-01   1.869056e-05   7.206420e-11   2.778418e-16
 -1.374944e+00  -7.098353e-01  -1.773906e+01   9.999826e-01   1.743903e-05   6.273638e-11   2.256827e-16
 -1.405044e+00  -7.098349e-01  -1.773906e+01   9.999837e-01   1.627131e-05   5.461593e-11   1.833154e-16
 -1.435144e+00  -7.098346e-01  -1.773906e+01   9.999848e-01   1.518178e-05   4.754656e-11   1.489017e-16
 -1.465245e+00  -7.098342e-01  -1.773906e+01   9.999858e-01   1.416520e-05   4.139224e-11   1.209484e-16
 -1.495345e+00  -7.098339e-01  -1.773906e+01   9.999868e-01   1.321670e-05   3.603451e-11   9.824276e-17
 -1.525445e+00  -7.098336e-01  -1.773906e+01   9.999877e-01   1.233170e-05   3.137028e-11   7.979963e-17
 -1.555546e+00  -7.098334e-01  -1.773906e+01   9.999885e-01   1.150596e-05   2.730977e-11   6.481881e-17
 -1.585646e+00  -7.098331e-01  -1.773906e+01   9.999893e-01   1.073552e-05   2.377485e-11   5.265034e-17
 -1.615746e+00  -7.098329e-01  -1.773906e+01   9.999900e-01   1.001666e-05   2.069747e-11   4.276626e-17
 -1.645847e+00  -7.098327e-01  -1.773906e+01   9.999907e-01   9.345939e-06   1.801843e-11   3.473772e-17
 -1.675947e+00  -7.098325e-01  -1.773906e+01   9.999913e-01   8.720129e-06   1.568616e-11   2.821637e-17
 -1.706047e+00  -7.098323e-01  -1.773906e+01   9.999919e-01   8.136222e-06   1.365577e-11   2.291928e-17
 -1.736148e+00  -7.098321e-01  -1.773906e+01   9.999924e-01   7.591415e-06   1.188819e-11   1.861662e-17
 -1.766248e+00  -7.098319e-01  -1.773906e+01   9.999929e-01   7.083087e-06   1.034940e-11   1.512170e-17
 -1.796348e+00  -7.098318e-01  -1.773906e+01   9.999934e-01   6.608798e-06   9.009793e-12   1.228288e-17
 -1.826449e+00  -7.098316e-01  -1.773906e+01   9.999938e-01   6.166267e-06   7.843580e-12   9.976999e-18
 -1.856549e+00  -7.098315e-01  -1.773906e+01   9.999942e-01   5.753368e-06   6.828320e-12   8.104002e-18
 -1.886649e+00  -7.098314e-01  -1.773906e+01   9.999946e-01   5.368117e-06   5.944473e-12   6.582625e-18
 -1.916750e+00  -7.098313e-01  -1.773906e+01   9.999950e-01   5.008663e-06   5.175029e-12   5.346858e-18
 -1.946850e+00  -7.098311e-01  -1.773906e+01   9.999953e-01   4.673278e-06   4.505182e-12   4.343083e-18
 -1.976950e+00  -7.098310e-01  -1.773906e+01   9.999956e-01   4.360351e-06   3.922038e-12   3.527748e-18
 -2.007051e+00  -7.098309e-01  -1.773906e+01   9.999959e-01   4.068377e-06   3.414375e-12   2.865477e-18
 -2.037151e+00  -7.098309e-01  -1.773906e+01   9.999962e-01   3.795955e-06   2.972423e-12   2.327536e-18
 -2.067251e+00  -7.098308e-01  -1.773906e+01   9.999965e-01   3.541774e-06   2.587677e-12   1.890583e-18
 -2.097352e+00  -7.098307e-01  -1.773906e+01   9.999967e-01   3.304613e-06   2.252732e-12   1.535660e-18
 -2.127452e+00  -7.098306e-01  -1.773906e+01   9.999969e-01   3.083332e-06   1.961142e-12   1.247368e-18
 -2.157552e+00  -7.098306e-01  -1.773906e+01   9.999971e-01   2.876869e-06   1.707294e-12   1.013197e-18
 -2.187653e+00  -7.098305e-01  -1.773906e+01   9.999973e-01   2.684231e-06   1.486305e-12   8.229871e-19
 -2.217753e+00  -7.098304e-01  -1.773906e+01   9.999975e-01   2.504492e-06   1.293919e-12   6.684859e-19
 -2.247853e+00  -7.098304e-01  -1.773906e+01   9.999977e-01   2.336788e-06   1.126436e-12   5.429896e-19
 -2.277954e+00  -7.098303e-01  -1.773906e+01   9.999978e-01   2.180314e-06   9.806319e-13   4.410530e-19
 -2.308054e+00  -7.098303e-01  -1.773906e+01   9.999980e-01   2.034318e-06   8.537003e-13   3.582531e-19
 -2.338154e+00  -7.098302e-01  -1.773906e+01   9.999981e-01   1.898097e-06   7.431985e-13   2.909974e-19
 -2.368255e+00  -7.098302e-01  -1.773906e+01   9.999982e-01   1.770999e-06   6.469999e-13   2.363678e-19
 -2.398355e+00  -7.098302e-01  -1.773906e+01   9.999983e-01   1.652410e-06   5.632531e-13   1.919939e-19
 -2.428455e+00  -7.098301e-01  -1.773906e+01   9.999985e-01   1.541763e-06   4.903464e-13   1.559505e-19
 -2.458556e+00  -7.098301e-01  -1.773906e+01   9.999986e-01   1.438525e-06   4.268766e-13   1.266735e-19
 -2.488656e+00  -7.098301e-01  -1.773906e+01   9.999987e-01   1.342199e-06   3.716223e-13   1.028928e-19
 -2.518756e+00  -7.098300e-01  -1.773906e+01   9.999987e-01   1.252324e-06   3.235200e-13   8.357648e-20
 -2.548857e+00  -7.098300e-01  -1.773906e+01   9.999988e-01   1.168467e-06   2.816440e-13   6.788647e-20
 -2.578957e+00  -7.098300e-01  -1.773906e+01   9.999989e-01   1.090225e-06   2.451883e-13   5.514198e-20
 -2.609057e+00  -7.098300e-01  -1.773906e+01   9.999990e-01   1.017222e-06   2.134515e-13   4.479004e-20
 -2.639158e+00  -7.098299e-01  -1.773906e+01   9.999991e-01   9.491078e-07   1.858226e-13   3.638149e-20
 -2.669258e+00  -7.098299e-01  -1.773906e+01   9.999991e-01   8.855544e-07   1.617700e-13   2.955151e-20
 -2.699358e+00  -7.098299e-01  -1.773906e+01   9.999992e-01   8.262566e-07   1.408307e-13   2.400373e-20
 -2.729459e+00  -7.098299e-01  -1.773906e+01   9.999992e-01   7.709294e-07   1.226017e-13   1.949745e-20
