log(gamma [K^0.5/cm^3]) log10(eff) log10(Prad [erg/s]) f_anion f_neutral f_1 f_2
300
  6.270541e+00  -3.353259e+00  -1.694696e+01   1.732270e-10   1.731210e-04   3.039377e-02   9.694331e-01
  6.240441e+00  -3.323439e+00  -1.694694e+01   2.127939e-10   1.984235e-04   3.250330e-02   9.672983e-01
  6.210341e+00  -3.293639e+00  -1.694692e+01   2.613578e-10   2.273888e-04   3.475387e-02   9.650187e-01
  6.180240e+00  -3.263860e+00  -1.694690e+01   3.209519e-10   2.605393e-04   3.715412e-02   9.625853e-01
  6.150140e+00  -3.234104e+00  -1.694688e+01   3.940649e-10   2.984700e-04   3.971313e-02   9.599884e-01
  6.120040e+00  -3.204372e+00  -1.694686e+01   4.837417e-10   3.418583e-04   4.244037e-02   9.572178e-01
  6.089939e+00  -3.174666e+00  -1.694684e+01   5.937064e-10   3.914750e-04   4.534576e-02   9.542628e-01
  6.059839e+00  -3.144987e+00  -1.694681e+01   7.285116e-10   4.481965e-04   4.843963e-02   9.511122e-01
  6.029739e+00  -3.115339e+00  -1.694679e+01   8.937201e-10   5.130186e-04   5.173270e-02   9.477543e-01
  5.999638e+00  -3.085721e+00  -1.694676e+01   1.096125e-09   5.870720e-04   5.523611e-02   9.441768e-01
  5.969538e+00  -3.056138e+00  -1.694673e+01   1.344018e-09   6.716393e-04   5.896136e-02   9.403670e-01
  5.939438e+00  -3.026590e+00  -1.694669e+01   1.647514e-09   7.681742e-04   6.292030e-02   9.363115e-01
  5.909337e+00  -2.997081e+00  -1.694666e+01   2.018943e-09   8.783232e-04   6.712512e-02   9.319966e-01
  5.879237e+00  -2.967613e+00  -1.694662e+01   2.473327e-09   1.003949e-03   7.158826e-02   9.274078e-01
  5.849137e+00  -2.938189e+00  -1.694658e+01   3.028953e-09   1.147155e-03   7.632242e-02   9.225304e-01
  5.819036e+00  -2.908811e+00  -1.694654e+01   3.708066e-09   1.310318e-03   8.134043e-02   9.173492e-01
  5.788936e+00  -2.879484e+00  -1.694650e+01   4.537708e-09   1.496117e-03   8.665524e-02   9.118486e-01
  5.758836e+00  -2.850209e+00  -1.694645e+01   5.550716e-09   1.707567e-03   9.227981e-02   9.060126e-01
  5.728735e+00  -2.820991e+00  -1.694640e+01   6.786937e-09   1.948059e-03   9.822698e-02   8.998250e-01
  5.698635e+00  -2.791833e+00  -1.694635e+01   8.294671e-09   2.221402e-03   1.045094e-01   8.932692e-01
  5.668535e+00  -2.762740e+00  -1.694629e+01   1.013241e-08   2.531863e-03   1.111394e-01   8.863287e-01
  5.638434e+00  -2.733715e+00  -1.694624e+01   1.237090e-08   2.884220e-03   1.181289e-01   8.789869e-01
  5.608334e+00  -2.704762e+00  -1.694617e+01   1.509563e-08   3.283811e-03   1.254890e-01   8.712272e-01
  5.578234e+00  -2.675887e+00  -1.694611e+01   1.840977e-08   3.736586e-03   1.332300e-01   8.630334e-01
  5.548133e+00  -2.647094e+00  -1.694604e+01   2.243767e-08   4.249168e-03   1.413613e-01   8.543895e-01
  5.518033e+00  -2.618388e+00  -1.694597e+01   2.732898e-08   4.828912e-03   1.498910e-01   8.452800e-01
  5.487933e+00  -2.589776e+00  -1.694589e+01   3.326359e-08   5.483966e-03   1.588257e-01   8.356903e-01
  5.457832e+00  -2.561261e+00  -1.694581e+01   4.045739e-08   6.223335e-03   1.681701e-01   8.256065e-01
  5.427732e+00  -2.532851e+00  -1.694572e+01   4.916906e-08   7.056946e-03   1.779271e-01   8.150159e-01
  5.397632e+00  -2.504552e+00  -1.694563e+01   5.970802e-08   7.995714e-03   1.880972e-01   8.039071e-01
  5.367531e+00  -2.476371e+00  -1.694554e+01   7.244378e-08   9.051600e-03   1.986781e-01   7.922702e-01
  5.337431e+00  -2.448313e+00  -1.694544e+01   8.781679e-08   1.023768e-02   2.096650e-01   7.800973e-01
  5.307331e+00  -2.420387e+00  -1.694534e+01   1.063510e-07   1.156818e-02   2.210493e-01   7.673824e-01
  5.277230e+00  -2.392601e+00  -1.694523e+01   1.286685e-07   1.305857e-02   2.328195e-01   7.541219e-01
  5.247130e+00  -2.364961e+00  -1.694512e+01   1.555064e-07   1.472554e-02   2.449596e-01   7.403147e-01
  5.217030e+00  -2.337476e+00  -1.694501e+01   1.877358e-07   1.658707e-02   2.574499e-01   7.259628e-01
  5.186929e+00  -2.310156e+00  -1.694489e+01   2.263846e-07   1.866247e-02   2.702662e-01   7.110711e-01
  5.156829e+00  -2.283008e+00  -1.694476e+01   2.726618e-07   2.097230e-02   2.833795e-01   6.956479e-01
  5.126728e+00  -2.256042e+00  -1.694463e+01   3.279867e-07   2.353845e-02   2.967562e-01   6.797050e-01
  5.096628e+00  -2.229267e+00  -1.694450e+01   3.940210e-07   2.638399e-02   3.103575e-01   6.632581e-01
  5.066528e+00  -2.202695e+00  -1.694436e+01   4.727046e-07   2.953322e-02   3.241396e-01   6.463267e-01
  5.036427e+00  -2.176334e+00  -1.694422e+01   5.662967e-07   3.301145e-02   3.380536e-01   6.289344e-01
  5.006327e+00  -2.150195e+00  -1.694407e+01   6.774201e-07   3.684498e-02   3.520457e-01   6.111087e-01
  4.976227e+00  -2.124290e+00  -1.694393e+01   8.091116e-07   4.106089e-02   3.660570e-01   5.928814e-01
  4.946126e+00  -2.098629e+00  -1.694377e+01   9.648759e-07   4.568683e-02   3.800240e-01   5.742882e-01
  4.916026e+00  -2.073224e+00  -1.694362e+01   1.148746e-06   5.075085e-02   3.938791e-01   5.553689e-01
  4.885926e+00  -2.048086e+00  -1.694346e+01   1.365348e-06   5.628107e-02   4.075507e-01   5.361669e-01
  4.855825e+00  -2.023229e+00  -1.694330e+01   1.619971e-06   6.230542e-02   4.209639e-01   5.167291e-01
  4.825725e+00  -1.998662e+00  -1.694314e+01   1.918642e-06   6.885131e-02   4.340411e-01   4.971056e-01
  4.795625e+00  -1.974400e+00  -1.694297e+01   2.268207e-06   7.594524e-02   4.467030e-01   4.773495e-01
  4.765524e+00  -1.950455e+00  -1.694281e+01   2.676413e-06   8.361241e-02   4.588691e-01   4.575159e-01
  4.735424e+00  -1.926839e+00  -1.694264e+01   3.152003e-06   9.187636e-02   4.704587e-01   4.376618e-01
  4.705324e+00  -1.903564e+00  -1.694248e+01   3.704800e-06   1.007585e-01   4.813921e-01   4.178457e-01
  4.675223e+00  -1.880644e+00  -1.694231e+01   4.345810e-06   1.102776e-01   4.915914e-01   3.981266e-01
  4.645123e+00  -1.858090e+00  -1.694214e+01   5.087320e-06   1.204496e-01   5.009818e-01   3.785635e-01
  4.615023e+00  -1.835917e+00  -1.694198e+01   5.942995e-06   1.312869e-01   5.094923e-01   3.592149e-01
  4.584922e+00  -1.814135e+00  -1.694182e+01   6.927984e-06   1.427981e-01   5.170570e-01   3.401380e-01
  4.554822e+00  -1.792757e+00  -1.694166e+01   8.059018e-06   1.549877e-01   5.236161e-01   3.213881e-01
  4.524722e+00  -1.771794e+00  -1.694150e+01   9.354518e-06   1.678558e-01   5.291169e-01   3.030180e-01
  4.494621e+00  -1.751259e+00  -1.694134e+01   1.083469e-05   1.813974e-01   5.335142e-01   2.850775e-01
  4.464521e+00  -1.731161e+00  -1.694119e+01   1.252163e-05   1.956028e-01   5.367719e-01   2.676128e-01
  4.434421e+00  -1.711512e+00  -1.694104e+01   1.443942e-05   2.104571e-01   5.388625e-01   2.506660e-01
  4.404320e+00  -1.692321e+00  -1.694089e+01   1.661422e-05   2.259402e-01   5.397685e-01   2.342747e-01
  4.374220e+00  -1.673598e+00  -1.694075e+01   1.907437e-05   2.420268e-01   5.394823e-01   2.184718e-01
  4.344120e+00  -1.655350e+00  -1.694061e+01   2.185048e-05   2.586866e-01   5.380062e-01   2.032853e-01
  4.314019e+00  -1.637585e+00  -1.694048e+01   2.497552e-05   2.758843e-01   5.353527e-01   1.887380e-01
  4.283919e+00  -1.620309e+00  -1.694035e+01   2.848488e-05   2.935800e-01   5.315440e-01   1.748475e-01
  4.253819e+00  -1.603529e+00  -1.694022e+01   3.241651e-05   3.117297e-01   5.266117e-01   1.616262e-01
  4.223718e+00  -1.587248e+00  -1.694010e+01   3.681101e-05   3.302853e-01   5.205965e-01   1.490814e-01
  4.193618e+00  -1.571470e+00  -1.693999e+01   4.171166e-05   3.491955e-01   5.135471e-01   1.372157e-01
  4.163518e+00  -1.556198e+00  -1.693988e+01   4.716459e-05   3.684062e-01   5.055198e-01   1.260268e-01
  4.133417e+00  -1.541432e+00  -1.693978e+01   5.321885e-05   3.878609e-01   4.965775e-01   1.155084e-01
  4.103317e+00  -1.527174e+00  -1.693968e+01   5.992657e-05   4.075019e-01   4.867884e-01   1.056498e-01
  4.073217e+00  -1.513420e+00  -1.693958e+01   6.734303e-05   4.272701e-01   4.762257e-01   9.643686e-02
  4.043116e+00  -1.500170e+00  -1.693949e+01   7.552685e-05   4.471064e-01   4.649657e-01   8.785236e-02
  4.013016e+00  -1.487419e+00  -1.693941e+01   8.454016e-05   4.669520e-01   4.530873e-01   7.987612e-02
  3.982916e+00  -1.475164e+00  -1.693932e+01   9.444875e-05   4.867490e-01   4.406709e-01   7.248568e-02
  3.952815e+00  -1.463398e+00  -1.693925e+01   1.053223e-04   5.064410e-01   4.277971e-01   6.565666e-02
  3.922715e+00  -1.452115e+00  -1.693918e+01   1.172346e-04   5.259737e-01   4.145459e-01   5.936317e-02
  3.892615e+00  -1.441307e+00  -1.693911e+01   1.302639e-04   5.452954e-01   4.009961e-01   5.357823e-02
  3.862514e+00  -1.430965e+00  -1.693904e+01   1.444930e-04   5.643574e-01   3.872239e-01   4.827415e-02
  3.832414e+00  -1.421080e+00  -1.693898e+01   1.600098e-04   5.831143e-01   3.733029e-01   4.342285e-02
  3.802314e+00  -1.411641e+00  -1.693893e+01   1.769075e-04   6.015242e-01   3.593027e-01   3.899622e-02
  3.772213e+00  -1.402638e+00  -1.693887e+01   1.952852e-04   6.195493e-01   3.452891e-01   3.496636e-02
  3.742113e+00  -1.394060e+00  -1.693882e+01   2.152481e-04   6.371555e-01   3.313234e-01   3.130586e-02
  3.712013e+00  -1.385893e+00  -1.693877e+01   2.369080e-04   6.543130e-01   3.174621e-01   2.798801e-02
  3.681912e+00  -1.378125e+00  -1.693873e+01   2.603841e-04   6.709960e-01   3.037567e-01   2.498694e-02
  3.651812e+00  -1.370745e+00  -1.693869e+01   2.858031e-04   6.871826e-01   2.902537e-01   2.227783e-02
  3.621712e+00  -1.363737e+00  -1.693865e+01   3.133005e-04   7.028552e-01   2.769945e-01   1.983694e-02
  3.591611e+00  -1.357089e+00  -1.693861e+01   3.430203e-04   7.179998e-01   2.640154e-01   1.764176e-02
  3.561511e+00  -1.350788e+00  -1.693858e+01   3.751166e-04   7.326060e-01   2.513478e-01   1.567103e-02
  3.531411e+00  -1.344819e+00  -1.693854e+01   4.097540e-04   7.466671e-01   2.390184e-01   1.390479e-02
  3.501310e+00  -1.339169e+00  -1.693851e+01   4.471081e-04   7.601793e-01   2.270492e-01   1.232437e-02
  3.471210e+00  -1.333825e+00  -1.693848e+01   4.873670e-04   7.731421e-01   2.154582e-01   1.091239e-02
  3.441110e+00  -1.328773e+00  -1.693845e+01   5.307318e-04   7.855575e-01   2.042590e-01   9.652767e-03
  3.411009e+00  -1.324000e+00  -1.693842e+01   5.774177e-04   7.974300e-01   1.934619e-01   8.530621e-03
  3.380909e+00  -1.319492e+00  -1.693840e+01   6.276550e-04   8.087665e-01   1.830736e-01   7.532281e-03
  3.350809e+00  -1.315238e+00  -1.693837e+01   6.816903e-04   8.195754e-01   1.730977e-01   6.645211e-03
  3.320708e+00  -1.311224e+00  -1.693835e+01   7.397878e-04   8.298673e-01   1.635350e-01   5.857959e-03
  3.290608e+00  -1.307439e+00  -1.693833e+01   8.022304e-04   8.396538e-01   1.543839e-01   5.160089e-03
  3.260508e+00  -1.303870e+00  -1.693830e+01   8.693212e-04   8.489480e-01   1.456406e-01   4.542120e-03
  3.230407e+00  -1.300506e+00  -1.693828e+01   9.413848e-04   8.577637e-01   1.372994e-01   3.995467e-03
  3.200307e+00  -1.297336e+00  -1.693826e+01   1.018769e-03   8.661158e-01   1.293530e-01   3.512366e-03
  3.170207e+00  -1.294349e+00  -1.693824e+01   1.101847e-03   8.740196e-01   1.217928e-01   3.085821e-03
  3.140106e+00  -1.291534e+00  -1.693821e+01   1.191018e-03   8.814907e-01   1.146087e-01   2.709536e-03
  3.110006e+00  -1.288882e+00  -1.693819e+01   1.286709e-03   8.885453e-01   1.077902e-01   2.377862e-03
  3.079906e+00  -1.286383e+00  -1.693817e+01   1.389380e-03   8.951993e-01   1.013256e-01   2.085733e-03
  3.049805e+00  -1.284028e+00  -1.693815e+01   1.499520e-03   9.014690e-01   9.520281e-02   1.828623e-03
  3.019705e+00  -1.281807e+00  -1.693813e+01   1.617657e-03   9.073704e-01   8.940941e-02   1.602489e-03
  2.989605e+00  -1.279712e+00  -1.693810e+01   1.744354e-03   9.129193e-01   8.393260e-02   1.403726e-03
  2.959504e+00  -1.277736e+00  -1.693808e+01   1.880214e-03   9.181312e-01   7.875945e-02   1.229129e-03
  2.929404e+00  -1.275870e+00  -1.693806e+01   2.025884e-03   9.230213e-01   7.387701e-02   1.075846e-03
  2.899304e+00  -1.274107e+00  -1.693803e+01   2.182056e-03   9.276042e-01   6.927236e-02   9.413477e-04
  2.869203e+00  -1.272439e+00  -1.693801e+01   2.349472e-03   9.318944e-01   6.493273e-02   8.233921e-04
  2.839103e+00  -1.270860e+00  -1.693798e+01   2.528925e-03   9.359056e-01   6.084552e-02   7.199933e-04
  2.809003e+00  -1.269363e+00  -1.693795e+01   2.721264e-03   9.396509e-01   5.699842e-02   6.293954e-04
  2.778902e+00  -1.267941e+00  -1.693793e+01   2.927401e-03   9.431432e-01   5.337938e-02   5.500468e-04
  2.748802e+00  -1.266590e+00  -1.693790e+01   3.148307e-03   9.463944e-01   4.997672e-02   4.805780e-04
  2.718702e+00  -1.265303e+00  -1.693786e+01   3.385024e-03   9.494161e-01   4.677910e-02   4.197813e-04
  2.688601e+00  -1.264074e+00  -1.693783e+01   3.638668e-03   9.522192e-01   4.377557e-02   3.665925e-04
  2.658501e+00  -1.262898e+00  -1.693780e+01   3.910431e-03   9.548139e-01   4.095560e-02   3.200747e-04
  2.628401e+00  -1.261770e+00  -1.693776e+01   4.201587e-03   9.572100e-01   3.830906e-02   2.794036e-04
  2.598300e+00  -1.260685e+00  -1.693772e+01   4.513502e-03   9.594164e-01   3.582623e-02   2.438545e-04
  2.568200e+00  -1.259639e+00  -1.693768e+01   4.847634e-03   9.614418e-01   3.349782e-02   2.127907e-04
  2.538100e+00  -1.258626e+00  -1.693763e+01   5.205542e-03   9.632938e-01   3.131497e-02   1.856530e-04
  2.507999e+00  -1.257642e+00  -1.693759e+01   5.588893e-03   9.649799e-01   2.926922e-02   1.619508e-04
  2.477899e+00  -1.256682e+00  -1.693754e+01   5.999468e-03   9.665067e-01   2.735253e-02   1.412538e-04
  2.447799e+00  -1.255743e+00  -1.693748e+01   6.439170e-03   9.678804e-01   2.555724e-02   1.231847e-04
  2.417698e+00  -1.254820e+00  -1.693743e+01   6.910031e-03   9.691065e-01   2.387610e-02   1.074128e-04
  2.387598e+00  -1.253909e+00  -1.693737e+01   7.414223e-03   9.701899e-01   2.230223e-02   9.364874e-05
  2.357498e+00  -1.253006e+00  -1.693730e+01   7.954060e-03   9.711352e-01   2.082912e-02   8.163884e-05
  2.327397e+00  -1.252107e+00  -1.693723e+01   8.532018e-03   9.719462e-01   1.945061e-02   7.116125e-05
  2.297297e+00  -1.251208e+00  -1.693716e+01   9.150734e-03   9.726264e-01   1.816087e-02   6.202184e-05
  2.267197e+00  -1.250305e+00  -1.693708e+01   9.813021e-03   9.731785e-01   1.695441e-02   5.405084e-05
  2.237096e+00  -1.249394e+00  -1.693700e+01   1.052188e-02   9.736050e-01   1.582606e-02   4.709981e-05
  2.206996e+00  -1.248471e+00  -1.693691e+01   1.128051e-02   9.739075e-01   1.477091e-02   4.103898e-05
  2.176896e+00  -1.247531e+00  -1.693681e+01   1.209231e-02   9.740876e-01   1.378438e-02   3.575497e-05
  2.146795e+00  -1.246572e+00  -1.693671e+01   1.296091e-02   9.741458e-01   1.286213e-02   3.114874e-05
  2.116695e+00  -1.245589e+00  -1.693660e+01   1.389017e-02   9.740826e-01   1.200009e-02   2.713376e-05
  2.086595e+00  -1.244577e+00  -1.693649e+01   1.488420e-02   9.738977e-01   1.119442e-02   2.363449e-05
  2.056494e+00  -1.243533e+00  -1.693636e+01   1.594736e-02   9.735905e-01   1.044153e-02   2.058498e-05
  2.026394e+00  -1.242453e+00  -1.693623e+01   1.708429e-02   9.731597e-01   9.738043e-03   1.792765e-05
  1.996294e+00  -1.241331e+00  -1.693609e+01   1.829992e-02   9.726037e-01   9.080780e-03   1.561227e-05
  1.966193e+00  -1.240164e+00  -1.693594e+01   1.959946e-02   9.719202e-01   8.466765e-03   1.359499e-05
  1.936093e+00  -1.238947e+00  -1.693578e+01   2.098847e-02   9.711065e-01   7.893206e-03   1.183758e-05
  1.905993e+00  -1.237675e+00  -1.693560e+01   2.247281e-02   9.701594e-01   7.357484e-03   1.030666e-05
  1.875892e+00  -1.236345e+00  -1.693542e+01   2.405869e-02   9.690752e-01   6.857146e-03   8.973142e-06
  1.845792e+00  -1.234950e+00  -1.693522e+01   2.575270e-02   9.678496e-01   6.389891e-03   7.811651e-06
  1.815692e+00  -1.233486e+00  -1.693501e+01   2.756177e-02   9.664779e-01   5.953566e-03   6.800060e-06
  1.785591e+00  -1.231948e+00  -1.693479e+01   2.949324e-02   9.649547e-01   5.546153e-03   5.919080e-06
  1.755491e+00  -1.230331e+00  -1.693455e+01   3.155483e-02   9.632743e-01   5.165763e-03   5.151895e-06
  1.725391e+00  -1.228629e+00  -1.693430e+01   3.375468e-02   9.614302e-01   4.810630e-03   4.483845e-06
  1.695290e+00  -1.226838e+00  -1.693403e+01   3.610134e-02   9.594157e-01   4.479099e-03   3.902156e-06
  1.665190e+00  -1.224952e+00  -1.693374e+01   3.860380e-02   9.572232e-01   4.169623e-03   3.395692e-06
  1.635090e+00  -1.222966e+00  -1.693343e+01   4.127148e-02   9.548448e-01   3.880753e-03   2.954750e-06
  1.604989e+00  -1.220873e+00  -1.693310e+01   4.411422e-02   9.522721e-01   3.611137e-03   2.570877e-06
  1.574889e+00  -1.218669e+00  -1.693276e+01   4.714233e-02   9.494959e-01   3.359508e-03   2.236705e-06
  1.544789e+00  -1.216348e+00  -1.693238e+01   5.036653e-02   9.465068e-01   3.124683e-03   1.945815e-06
  1.514688e+00  -1.213905e+00  -1.693199e+01   5.379798e-02   9.432948e-01   2.905556e-03   1.692617e-06
  1.484588e+00  -1.211335e+00  -1.693157e+01   5.744828e-02   9.398492e-01   2.701094e-03   1.472240e-06
  1.454488e+00  -1.208631e+00  -1.693113e+01   6.132942e-02   9.361590e-01   2.510330e-03   1.280440e-06
  1.424387e+00  -1.205789e+00  -1.693066e+01   6.545376e-02   9.322128e-01   2.332362e-03   1.113522e-06
  1.394287e+00  -1.202805e+00  -1.693015e+01   6.983405e-02   9.279986e-01   2.166346e-03   9.682683e-07
  1.364187e+00  -1.199673e+00  -1.692962e+01   7.448334e-02   9.235043e-01   2.011496e-03   8.418741e-07
  1.334086e+00  -1.196389e+00  -1.692906e+01   7.941498e-02   9.187172e-01   1.867075e-03   7.318984e-07
  1.303986e+00  -1.192949e+00  -1.692847e+01   8.464253e-02   9.136244e-01   1.732396e-03   6.362152e-07
  1.273886e+00  -1.189350e+00  -1.692784e+01   9.017973e-02   9.082129e-01   1.606819e-03   5.529732e-07
  1.243785e+00  -1.185588e+00  -1.692717e+01   9.604042e-02   9.024694e-01   1.489743e-03   4.805600e-07
  1.213685e+00  -1.181661e+00  -1.692647e+01   1.022385e-01   8.963805e-01   1.380610e-03   4.175722e-07
  1.183585e+00  -1.177567e+00  -1.692573e+01   1.087877e-01   8.899331e-01   1.278897e-03   3.627874e-07
  1.153484e+00  -1.173305e+00  -1.692495e+01   1.157016e-01   8.831140e-01   1.184117e-03   3.151416e-07
  1.123384e+00  -1.168874e+00  -1.692412e+01   1.229936e-01   8.759103e-01   1.095815e-03   2.737084e-07
  1.093284e+00  -1.164274e+00  -1.692326e+01   1.306766e-01   8.683096e-01   1.013565e-03   2.376812e-07
  1.063183e+00  -1.159507e+00  -1.692235e+01   1.387629e-01   8.602999e-01   9.369723e-04   2.063581e-07
  1.033083e+00  -1.154574e+00  -1.692140e+01   1.472642e-01   8.518699e-01   8.656649e-04   1.791278e-07
  1.002983e+00  -1.149479e+00  -1.692040e+01   1.561912e-01   8.430093e-01   7.992977e-04   1.554583e-07
  9.728823e-01  -1.144225e+00  -1.691936e+01   1.655537e-01   8.337086e-01   7.375478e-04   1.348867e-07
  9.427820e-01  -1.138818e+00  -1.691827e+01   1.753601e-01   8.239596e-01   6.801136e-04   1.170098e-07
  9.126817e-01  -1.133263e+00  -1.691713e+01   1.856176e-01   8.137556e-01   6.267137e-04   1.014768e-07
  8.825813e-01  -1.127567e+00  -1.691594e+01   1.963317e-01   8.030911e-01   5.770849e-04   8.798261e-08
  8.524810e-01  -1.121739e+00  -1.691471e+01   2.075060e-01   7.919629e-01   5.309815e-04   7.626141e-08
  8.223807e-01  -1.115787e+00  -1.691343e+01   2.191424e-01   7.803693e-01   4.881737e-04   6.608205e-08
  7.922803e-01  -1.109722e+00  -1.691210e+01   2.312404e-01   7.683111e-01   4.484468e-04   5.724336e-08
  7.621800e-01  -1.103554e+00  -1.691073e+01   2.437972e-01   7.557911e-01   4.116000e-04   4.957027e-08
  7.320797e-01  -1.097296e+00  -1.690931e+01   2.568076e-01   7.428149e-01   3.774451e-04   4.291050e-08
  7.019793e-01  -1.090959e+00  -1.690785e+01   2.702637e-01   7.293905e-01   3.458063e-04   3.713153e-08
  6.718790e-01  -1.084557e+00  -1.690634e+01   2.841548e-01   7.155287e-01   3.165188e-04   3.211808e-08
  6.417787e-01  -1.078104e+00  -1.690480e+01   2.984674e-01   7.012431e-01   2.894282e-04   2.776988e-08
  6.116783e-01  -1.071614e+00  -1.690321e+01   3.131851e-01   6.865505e-01   2.643896e-04   2.399971e-08
  5.815780e-01  -1.065102e+00  -1.690160e+01   3.282885e-01   6.714702e-01   2.412672e-04   2.073168e-08
  5.514777e-01  -1.058582e+00  -1.689995e+01   3.437553e-01   6.560247e-01   2.199335e-04   1.789981e-08
  5.213773e-01  -1.052069e+00  -1.689827e+01   3.595604e-01   6.402393e-01   2.002687e-04   1.544673e-08
  4.912770e-01  -1.045578e+00  -1.689656e+01   3.756759e-01   6.241419e-01   1.821604e-04   1.332253e-08
  4.611767e-01  -1.039123e+00  -1.689483e+01   3.920711e-01   6.077634e-01   1.655026e-04   1.148383e-08
  4.310763e-01  -1.032720e+00  -1.689308e+01   4.087131e-01   5.911367e-01   1.501958e-04   9.892909e-09
  4.009760e-01  -1.026381e+00  -1.689132e+01   4.255667e-01   5.742972e-01   1.361464e-04   8.516979e-09
  3.708757e-01  -1.020120e+00  -1.688954e+01   4.425948e-01   5.572820e-01   1.232662e-04   7.327540e-09
  3.407753e-01  -1.013950e+00  -1.688776e+01   4.597586e-01   5.401299e-01   1.114723e-04   6.299826e-09
  3.106750e-01  -1.007883e+00  -1.688598e+01   4.770182e-01   5.228811e-01   1.006866e-04   5.412313e-09
  2.805747e-01  -1.001929e+00  -1.688419e+01   4.943326e-01   5.055766e-01   9.083540e-05   4.646303e-09
  2.504743e-01  -9.960991e-01  -1.688242e+01   5.116604e-01   4.882578e-01   8.184968e-05   3.985552e-09
  2.203740e-01  -9.904021e-01  -1.688065e+01   5.289600e-01   4.709663e-01   7.366435e-05   3.415954e-09
  1.902736e-01  -9.848463e-01  -1.687890e+01   5.461901e-01   4.537437e-01   6.621826e-05   2.925259e-09
  1.601733e-01  -9.794389e-01  -1.687716e+01   5.633102e-01   4.366304e-01   5.945396e-05   2.502831e-09
  1.300730e-01  -9.741861e-01  -1.687545e+01   5.802805e-01   4.196662e-01   5.331759e-05   2.139440e-09
  9.997265e-02  -9.690931e-01  -1.687377e+01   5.970629e-01   4.028894e-01   4.775864e-05   1.827078e-09
  6.987231e-02  -9.641640e-01  -1.687211e+01   6.136209e-01   3.863363e-01   4.272985e-05   1.558796e-09
  3.977198e-02  -9.594019e-01  -1.687048e+01   6.299202e-01   3.700416e-01   3.818705e-05   1.328570e-09
  9.671642e-03  -9.548091e-01  -1.686889e+01   6.459285e-01   3.540374e-01   3.408900e-05   1.131177e-09
 -2.042869e-02  -9.503870e-01  -1.686734e+01   6.616162e-01   3.383534e-01   3.039732e-05   9.620918e-10
 -5.052903e-02  -9.461359e-01  -1.686583e+01   6.769564e-01   3.230165e-01   2.707629e-05   8.173943e-10
 -8.062936e-02  -9.420557e-01  -1.686435e+01   6.919249e-01   3.080510e-01   2.409277e-05   6.936912e-10
 -1.107297e-01  -9.381451e-01  -1.686293e+01   7.065004e-01   2.934782e-01   2.141606e-05   5.880460e-10
 -1.408300e-01  -9.344026e-01  -1.686154e+01   7.206647e-01   2.793163e-01   1.901778e-05   4.979194e-10
 -1.709304e-01  -9.308257e-01  -1.686021e+01   7.344023e-01   2.655808e-01   1.687174e-05   4.211168e-10
 -2.010307e-01  -9.274117e-01  -1.685891e+01   7.477008e-01   2.522843e-01   1.495385e-05   3.557427e-10
 -2.311310e-01  -9.241572e-01  -1.685767e+01   7.605504e-01   2.394363e-01   1.324197e-05   3.001614e-10
 -2.612314e-01  -9.210585e-01  -1.685647e+01   7.729443e-01   2.270439e-01   1.171580e-05   2.529620e-10
 -2.913317e-01  -9.181115e-01  -1.685533e+01   7.848782e-01   2.151115e-01   1.035680e-05   2.129293e-10
 -3.214320e-01  -9.153118e-01  -1.685422e+01   7.963500e-01   2.036409e-01   9.148007e-06   1.790169e-10
 -3.515324e-01  -9.126548e-01  -1.685317e+01   8.073601e-01   1.926318e-01   8.074007e-06   1.503250e-10
 -3.816327e-01  -9.101358e-01  -1.685216e+01   8.179111e-01   1.820818e-01   7.120775e-06   1.260808e-10
 -4.117330e-01  -9.077497e-01  -1.685120e+01   8.280073e-01   1.719864e-01   6.275592e-06   1.056208e-10
 -4.418334e-01  -9.054917e-01  -1.685028e+01   8.376548e-01   1.623397e-01   5.526942e-06   8.837649e-11
 -4.719337e-01  -9.033567e-01  -1.684941e+01   8.468612e-01   1.531340e-01   4.864424e-06   7.386114e-11
 -5.020340e-01  -9.013394e-01  -1.684858e+01   8.556354e-01   1.443603e-01   4.278655e-06   6.165856e-11
 -5.321344e-01  -8.994350e-01  -1.684779e+01   8.639877e-01   1.360086e-01   3.761191e-06   5.141339e-11
 -5.622347e-01  -8.976384e-01  -1.684704e+01   8.719290e-01   1.280677e-01   3.304443e-06   4.282257e-11
 -5.923350e-01  -8.959446e-01  -1.684633e+01   8.794714e-01   1.205257e-01   2.901604e-06   3.562806e-11
 -6.224354e-01  -8.943487e-01  -1.684565e+01   8.866273e-01   1.133702e-01   2.546578e-06   2.961042e-11
 -6.525357e-01  -8.928460e-01  -1.684502e+01   8.934098e-01   1.065879e-01   2.233911e-06   2.458334e-11
 -6.826361e-01  -8.914319e-01  -1.684441e+01   8.998324e-01   1.001656e-01   1.958737e-06   2.038883e-11
 -7.127364e-01  -8.901018e-01  -1.684384e+01   9.059088e-01   9.408950e-02   1.716715e-06   1.689318e-11
 -7.428367e-01  -8.888515e-01  -1.684331e+01   9.116527e-01   8.834577e-02   1.503982e-06   1.398332e-11
 -7.729371e-01  -8.876766e-01  -1.684280e+01   9.170781e-01   8.292058e-02   1.317100e-06   1.156385e-11
 -8.030374e-01  -8.865731e-01  -1.684232e+01   9.221987e-01   7.780011e-02   1.153019e-06   9.554348e-12
 -8.331377e-01  -8.855371e-01  -1.684187e+01   9.270283e-01   7.297067e-02   1.009030e-06   7.887143e-12
 -8.632381e-01  -8.845648e-01  -1.684145e+01   9.315803e-01   6.841878e-02   8.827359e-07   6.505374e-12
 -8.933384e-01  -8.836527e-01  -1.684105e+01   9.358680e-01   6.413119e-02   7.720127e-07   5.361330e-12
 -9.234387e-01  -8.827974e-01  -1.684067e+01   9.399044e-01   6.009495e-02   6.749830e-07   4.415038e-12
 -9.535391e-01  -8.819956e-01  -1.684032e+01   9.437019e-01   5.629747e-02   5.899882e-07   3.633054e-12
 -9.836394e-01  -8.812441e-01  -1.683999e+01   9.472730e-01   5.272649e-02   5.155644e-07   2.987436e-12
 -1.013740e+00  -8.805400e-01  -1.683968e+01   9.506294e-01   4.937016e-02   4.504207e-07   2.454869e-12
 -1.043840e+00  -8.798805e-01  -1.683939e+01   9.537825e-01   4.621707e-02   3.934195e-07   2.015924e-12
 -1.073940e+00  -8.792629e-01  -1.683911e+01   9.567435e-01   4.325618e-02   3.435590e-07   1.654434e-12
 -1.104041e+00  -8.786847e-01  -1.683885e+01   9.595228e-01   4.047693e-02   2.999580e-07   1.356960e-12
 -1.134141e+00  -8.781435e-01  -1.683861e+01   9.621305e-01   3.786919e-02   2.618415e-07   1.112345e-12
 -1.164241e+00  -8.776371e-01  -1.683839e+01   9.645765e-01   3.542325e-02   2.285286e-07   9.113366e-13
 -1.194342e+00  -8.771632e-01  -1.683817e+01   9.668700e-01   3.312984e-02   1.994211e-07   7.462718e-13
 -1.224442e+00  -8.767199e-01  -1.683798e+01   9.690197e-01   3.098016e-02   1.739943e-07   6.108092e-13
 -1.254542e+00  -8.763053e-01  -1.683779e+01   9.710341e-01   2.896577e-02   1.517876e-07   4.997069e-13
 -1.284643e+00  -8.759176e-01  -1.683762e+01   9.729212e-01   2.707871e-02   1.323972e-07   4.086364e-13
 -1.314743e+00  -8.755551e-01  -1.683745e+01   9.746885e-01   2.531138e-02   1.154692e-07   3.340265e-13
 -1.344843e+00  -8.752162e-01  -1.683730e+01   9.763433e-01   2.365659e-02   1.006937e-07   2.729334e-13
 -1.374944e+00  -8.748994e-01  -1.683716e+01   9.778924e-01   2.210754e-02   8.779912e-08   2.229327e-13
 -1.405044e+00  -8.746033e-01  -1.683702e+01   9.793422e-01   2.065777e-02   7.654783e-08   1.820293e-13
 -1.435144e+00  -8.743266e-01  -1.683690e+01   9.806987e-01   1.930120e-02   6.673188e-08   1.485824e-13
 -1.465245e+00  -8.740680e-01  -1.683678e+01   9.819679e-01   1.803207e-02   5.816937e-08   1.212441e-13
 -1.495345e+00  -8.738264e-01  -1.683667e+01   9.831550e-01   1.684496e-02   5.070122e-08   9.890739e-14
 -1.525445e+00  -8.736007e-01  -1.683657e+01   9.842652e-01   1.573475e-02   4.418836e-08   8.066383e-14
 -1.555546e+00  -8.733899e-01  -1.683647e+01   9.853033e-01   1.469661e-02   3.850925e-08   6.576853e-14
 -1.585646e+00  -8.731929e-01  -1.683639e+01   9.862739e-01   1.372602e-02   3.355768e-08   5.361091e-14
 -1.615746e+00  -8.730089e-01  -1.683630e+01   9.871813e-01   1.281869e-02   2.924090e-08   4.369082e-14
 -1.645847e+00  -8.728371e-01  -1.683622e+01   9.880294e-01   1.197061e-02   2.547786e-08   3.559880e-14
 -1.675947e+00  -8.726766e-01  -1.683615e+01   9.888220e-01   1.117800e-02   2.219783e-08   2.899974e-14
 -1.706047e+00  -8.725268e-01  -1.683608e+01   9.895627e-01   1.043732e-02   1.933905e-08   2.361956e-14
 -1.736148e+00  -8.723869e-01  -1.683602e+01   9.902547e-01   9.745233e-03   1.684760e-08   1.923417e-14
 -1.766248e+00  -8.722562e-01  -1.683596e+01   9.909014e-01   9.098617e-03   1.467644e-08   1.566043e-14
 -1.796348e+00  -8.721342e-01  -1.683590e+01   9.915054e-01   8.494538e-03   1.278453e-08   1.274874e-14
 -1.826449e+00  -8.720203e-01  -1.683585e+01   9.920697e-01   7.930243e-03   1.113605e-08   1.037691e-14
 -1.856549e+00  -8.719140e-01  -1.683580e+01   9.925968e-01   7.403155e-03   9.699767e-09   8.445207e-15
 -1.886649e+00  -8.718147e-01  -1.683576e+01   9.930891e-01   6.910856e-03   8.448429e-09   6.872227e-15
 -1.916750e+00  -8.717220e-01  -1.683572e+01   9.935489e-01   6.451082e-03   7.358280e-09   5.591563e-15
 -1.946850e+00  -8.716355e-01  -1.683568e+01   9.939783e-01   6.021710e-03   6.408602e-09   4.549050e-15
 -1.976950e+00  -8.715547e-01  -1.683564e+01   9.943792e-01   5.620755e-03   5.581331e-09   3.700523e-15
 -2.007051e+00  -8.714793e-01  -1.683561e+01   9.947536e-01   5.246357e-03   4.860720e-09   3.009977e-15
 -2.037151e+00  -8.714090e-01  -1.683557e+01   9.951032e-01   4.896774e-03   4.233041e-09   2.448070e-15
 -2.067251e+00  -8.713433e-01  -1.683554e+01   9.954296e-01   4.570379e-03   3.686331e-09   1.990891e-15
 -2.097352e+00  -8.712820e-01  -1.683552e+01   9.957344e-01   4.265646e-03   3.210159e-09   1.618962e-15
 -2.127452e+00  -8.712248e-01  -1.683549e+01   9.960188e-01   3.981150e-03   2.795438e-09   1.316417e-15
 -2.157552e+00  -8.711714e-01  -1.683547e+01   9.962844e-01   3.715557e-03   2.434249e-09   1.070336e-15
 -2.187653e+00  -8.711215e-01  -1.683544e+01   9.965324e-01   3.467622e-03   2.119691e-09   8.701987e-16
 -2.217753e+00  -8.710750e-01  -1.683542e+01   9.967638e-01   3.236177e-03   1.845749e-09   7.074412e-16
 -2.247853e+00  -8.710316e-01  -1.683540e+01   9.969799e-01   3.020133e-03   1.607186e-09   5.750924e-16
 -2.277954e+00  -8.709911e-01  -1.683538e+01   9.971815e-01   2.818471e-03   1.399437e-09   4.674787e-16
 -2.308054e+00  -8.709533e-01  -1.683537e+01   9.973698e-01   2.630239e-03   1.218525e-09   3.799832e-16
 -2.338154e+00  -8.709180e-01  -1.683535e+01   9.975455e-01   2.454547e-03   1.060988e-09   3.088495e-16
 -2.368255e+00  -8.708851e-01  -1.683533e+01   9.977094e-01   2.290564e-03   9.238067e-10   2.510213e-16
 -2.398355e+00  -8.708543e-01  -1.683532e+01   9.978625e-01   2.137512e-03   8.043537e-10   2.040125e-16
 -2.428455e+00  -8.708256e-01  -1.683531e+01   9.980053e-01   1.994667e-03   7.003394e-10   1.658007e-16
 -2.458556e+00  -8.707989e-01  -1.683530e+01   9.981386e-01   1.861350e-03   6.097698e-10   1.347413e-16
 -2.488656e+00  -8.707739e-01  -1.683528e+01   9.982631e-01   1.736929e-03   5.309081e-10   1.094966e-16
 -2.518756e+00  -8.707506e-01  -1.683527e+01   9.983792e-01   1.620810e-03   4.622418e-10   8.897896e-17
 -2.548857e+00  -8.707289e-01  -1.683526e+01   9.984876e-01   1.512443e-03   4.024535e-10   7.230386e-17
 -2.578957e+00  -8.707086e-01  -1.683525e+01   9.985887e-01   1.411311e-03   3.503959e-10   5.875218e-17
 -2.609057e+00  -8.706896e-01  -1.683525e+01   9.986831e-01   1.316932e-03   3.050699e-10   4.773925e-17
 -2.639158e+00  -8.706720e-01  -1.683524e+01   9.987711e-01   1.228857e-03   2.656055e-10   3.878975e-17
 -2.669258e+00  -8.706555e-01  -1.683523e+01   9.988533e-01   1.146665e-03   2.312448e-10   3.151729e-17
 -2.699358e+00  -8.706401e-01  -1.683522e+01   9.989300e-01   1.069965e-03   2.013283e-10   2.560778e-17
 -2.729459e+00  -8.706257e-01  -1.683522e+01   9.990016e-01   9.983906e-04   1.752811e-10   2.080591e-17
