log(gamma [K^0.5/cm^3]) log10(eff) log10(Prad [erg/s]) f_anion f_neutral f_1 f_2
300
  6.270541e+00  -3.030988e+00  -1.729674e+01   9.357505e-10   4.625519e-04   4.584970e-02   9.536877e-01
  6.240441e+00  -3.001215e+00  -1.729674e+01   1.148166e-09   5.295472e-04   4.897567e-02   9.504948e-01
  6.210341e+00  -2.971466e+00  -1.729674e+01   1.408470e-09   6.061045e-04   5.230254e-02   9.470913e-01
  6.180240e+00  -2.941742e+00  -1.729674e+01   1.727359e-09   6.935568e-04   5.584150e-02   9.434649e-01
  6.150140e+00  -2.912045e+00  -1.729674e+01   2.117883e-09   7.934163e-04   5.960405e-02   9.396025e-01
  6.120040e+00  -2.882377e+00  -1.729674e+01   2.595962e-09   9.073963e-04   6.360208e-02   9.354905e-01
  6.089939e+00  -2.852741e+00  -1.729674e+01   3.180996e-09   1.037437e-03   6.784776e-02   9.311148e-01
  6.059839e+00  -2.823138e+00  -1.729674e+01   3.896619e-09   1.185731e-03   7.235352e-02   9.264607e-01
  6.029739e+00  -2.793571e+00  -1.729674e+01   4.771594e-09   1.354756e-03   7.713199e-02   9.215132e-01
  5.999638e+00  -2.764042e+00  -1.729674e+01   5.840904e-09   1.547311e-03   8.219596e-02   9.162567e-01
  5.969538e+00  -2.734555e+00  -1.729674e+01   7.147060e-09   1.766544e-03   8.755826e-02   9.106752e-01
  5.939438e+00  -2.705112e+00  -1.729674e+01   8.741674e-09   2.016004e-03   9.323171e-02   9.047523e-01
  5.909337e+00  -2.675716e+00  -1.729674e+01   1.068735e-08   2.299675e-03   9.922898e-02   8.984713e-01
  5.879237e+00  -2.646371e+00  -1.729675e+01   1.305996e-08   2.622032e-03   1.055625e-01   8.918155e-01
  5.849137e+00  -2.617081e+00  -1.729675e+01   1.595134e-08   2.988085e-03   1.122443e-01   8.847676e-01
  5.819036e+00  -2.587849e+00  -1.729675e+01   1.947253e-08   3.403437e-03   1.192858e-01   8.773107e-01
  5.788936e+00  -2.558680e+00  -1.729675e+01   2.375765e-08   3.874347e-03   1.266978e-01   8.694278e-01
  5.758836e+00  -2.529577e+00  -1.729675e+01   2.896847e-08   4.407784e-03   1.344902e-01   8.611020e-01
  5.728735e+00  -2.500547e+00  -1.729675e+01   3.529986e-08   5.011496e-03   1.426716e-01   8.523169e-01
  5.698635e+00  -2.471593e+00  -1.729676e+01   4.298626e-08   5.694082e-03   1.512493e-01   8.430566e-01
  5.668535e+00  -2.442722e+00  -1.729676e+01   5.230923e-08   6.465053e-03   1.602291e-01   8.333058e-01
  5.638434e+00  -2.413939e+00  -1.729676e+01   6.360647e-08   7.334908e-03   1.696148e-01   8.230503e-01
  5.608334e+00  -2.385250e+00  -1.729676e+01   7.728228e-08   8.315206e-03   1.794079e-01   8.122768e-01
  5.578234e+00  -2.356662e+00  -1.729677e+01   9.381992e-08   9.418631e-03   1.896078e-01   8.009735e-01
  5.548133e+00  -2.328183e+00  -1.729677e+01   1.137959e-07   1.065906e-02   2.002106e-01   7.891303e-01
  5.518033e+00  -2.299818e+00  -1.729678e+01   1.378967e-07   1.205163e-02   2.112095e-01   7.767387e-01
  5.487933e+00  -2.271577e+00  -1.729678e+01   1.669381e-07   1.361279e-02   2.225945e-01   7.637926e-01
  5.457832e+00  -2.243468e+00  -1.729679e+01   2.018873e-07   1.536032e-02   2.343513e-01   7.502882e-01
  5.427732e+00  -2.215499e+00  -1.729679e+01   2.438889e-07   1.731343e-02   2.464619e-01   7.362244e-01
  5.397632e+00  -2.187680e+00  -1.729680e+01   2.942940e-07   1.949270e-02   2.589038e-01   7.216032e-01
  5.367531e+00  -2.160021e+00  -1.729681e+01   3.546932e-07   2.192014e-02   2.716497e-01   7.064298e-01
  5.337431e+00  -2.132532e+00  -1.729682e+01   4.269553e-07   2.461911e-02   2.846676e-01   6.907128e-01
  5.307331e+00  -2.105224e+00  -1.729683e+01   5.132691e-07   2.761435e-02   2.979203e-01   6.744648e-01
  5.277230e+00  -2.078108e+00  -1.729684e+01   6.161920e-07   3.093182e-02   3.113654e-01   6.577021e-01
  5.247130e+00  -2.051197e+00  -1.729685e+01   7.387030e-07   3.459863e-02   3.249552e-01   6.404454e-01
  5.217030e+00  -2.024503e+00  -1.729686e+01   8.842623e-07   3.864291e-02   3.386368e-01   6.227194e-01
  5.186929e+00  -1.998038e+00  -1.729688e+01   1.056877e-06   4.309359e-02   3.523519e-01   6.045534e-01
  5.156829e+00  -1.971817e+00  -1.729689e+01   1.261171e-06   4.798021e-02   3.660376e-01   5.859809e-01
  5.126728e+00  -1.945853e+00  -1.729691e+01   1.502467e-06   5.333260e-02   3.796261e-01   5.670398e-01
  5.096628e+00  -1.920160e+00  -1.729693e+01   1.786868e-06   5.918066e-02   3.930454e-01   5.477721e-01
  5.066528e+00  -1.894753e+00  -1.729695e+01   2.121346e-06   6.555391e-02   4.062199e-01   5.282241e-01
  5.036427e+00  -1.869647e+00  -1.729697e+01   2.513845e-06   7.248118e-02   4.190709e-01   5.084454e-01
  5.006327e+00  -1.844857e+00  -1.729700e+01   2.973378e-06   7.999016e-02   4.315176e-01   4.884893e-01
  4.976227e+00  -1.820399e+00  -1.729702e+01   3.510136e-06   8.810692e-02   4.434775e-01   4.684120e-01
  4.946126e+00  -1.796288e+00  -1.729705e+01   4.135600e-06   9.685550e-02   4.548682e-01   4.482722e-01
  4.916026e+00  -1.772539e+00  -1.729708e+01   4.862656e-06   1.062573e-01   4.656074e-01   4.281304e-01
  4.885926e+00  -1.749169e+00  -1.729711e+01   5.705713e-06   1.163309e-01   4.756151e-01   4.080484e-01
  4.855825e+00  -1.726192e+00  -1.729715e+01   6.680823e-06   1.270910e-01   4.848137e-01   3.880886e-01
  4.825725e+00  -1.703624e+00  -1.729718e+01   7.805798e-06   1.385485e-01   4.931302e-01   3.683135e-01
  4.795625e+00  -1.681479e+00  -1.729722e+01   9.100337e-06   1.507098e-01   5.004966e-01   3.487845e-01
  4.765524e+00  -1.659773e+00  -1.729726e+01   1.058614e-05   1.635766e-01   5.068512e-01   3.295616e-01
  4.735424e+00  -1.638517e+00  -1.729731e+01   1.228701e-05   1.771453e-01   5.121398e-01   3.107026e-01
  4.705324e+00  -1.617727e+00  -1.729735e+01   1.422900e-05   1.914069e-01   5.163166e-01   2.922623e-01
  4.675223e+00  -1.597414e+00  -1.729740e+01   1.644050e-05   2.063468e-01   5.193450e-01   2.742918e-01
  4.645123e+00  -1.577589e+00  -1.729745e+01   1.895232e-05   2.219447e-01   5.211979e-01   2.568384e-01
  4.615023e+00  -1.558264e+00  -1.729751e+01   2.179784e-05   2.381747e-01   5.218589e-01   2.399446e-01
  4.584922e+00  -1.539447e+00  -1.729756e+01   2.501308e-05   2.550051e-01   5.213221e-01   2.236478e-01
  4.554822e+00  -1.521148e+00  -1.729762e+01   2.863679e-05   2.723991e-01   5.195921e-01   2.079801e-01
  4.524722e+00  -1.503373e+00  -1.729767e+01   3.271055e-05   2.903146e-01   5.166845e-01   1.929681e-01
  4.494621e+00  -1.486128e+00  -1.729773e+01   3.727888e-05   3.087049e-01   5.126251e-01   1.786327e-01
  4.464521e+00  -1.469418e+00  -1.729779e+01   4.238932e-05   3.275192e-01   5.074494e-01   1.649890e-01
  4.434421e+00  -1.453245e+00  -1.729786e+01   4.809251e-05   3.467029e-01   5.012023e-01   1.520466e-01
  4.404320e+00  -1.437613e+00  -1.729792e+01   5.444236e-05   3.661985e-01   4.939374e-01   1.398097e-01
  4.374220e+00  -1.422521e+00  -1.729798e+01   6.149608e-05   3.859462e-01   4.857152e-01   1.282770e-01
  4.344120e+00  -1.407968e+00  -1.729805e+01   6.931441e-05   4.058846e-01   4.766034e-01   1.174428e-01
  4.314019e+00  -1.393953e+00  -1.729811e+01   7.796166e-05   4.259511e-01   4.666744e-01   1.072965e-01
  4.283919e+00  -1.380471e+00  -1.729818e+01   8.750598e-05   4.460834e-01   4.560054e-01   9.782366e-02
  4.253819e+00  -1.367518e+00  -1.729824e+01   9.801947e-05   4.662194e-01   4.446763e-01   8.900628e-02
  4.223718e+00  -1.355087e+00  -1.729831e+01   1.095784e-04   4.862984e-01   4.327689e-01   8.082317e-02
  4.193618e+00  -1.343172e+00  -1.729837e+01   1.222636e-04   5.062612e-01   4.203660e-01   7.325055e-02
  4.163518e+00  -1.331763e+00  -1.729844e+01   1.361605e-04   5.260514e-01   4.075499e-01   6.626252e-02
  4.133417e+00  -1.320852e+00  -1.729850e+01   1.513596e-04   5.456154e-01   3.944017e-01   5.983154e-02
  4.103317e+00  -1.310428e+00  -1.729856e+01   1.679567e-04   5.649027e-01   3.810005e-01   5.392890e-02
  4.073217e+00  -1.300479e+00  -1.729862e+01   1.860534e-04   5.838667e-01   3.674221e-01   4.852510e-02
  4.043116e+00  -1.290994e+00  -1.729868e+01   2.057577e-04   6.024649e-01   3.537390e-01   4.359028e-02
  4.013016e+00  -1.281960e+00  -1.729874e+01   2.271839e-04   6.206588e-01   3.400195e-01   3.909458e-02
  3.982916e+00  -1.273364e+00  -1.729880e+01   2.504537e-04   6.384141e-01   3.263270e-01   3.500842e-02
  3.952815e+00  -1.265193e+00  -1.729886e+01   2.756965e-04   6.557012e-01   3.127204e-01   3.130277e-02
  3.922715e+00  -1.257432e+00  -1.729891e+01   3.030501e-04   6.724944e-01   2.992531e-01   2.794944e-02
  3.892615e+00  -1.250066e+00  -1.729896e+01   3.326611e-04   6.887728e-01   2.859733e-01   2.492118e-02
  3.862514e+00  -1.243082e+00  -1.729901e+01   3.646861e-04   7.045192e-01   2.729242e-01   2.219190e-02
  3.832414e+00  -1.236465e+00  -1.729906e+01   3.992920e-04   7.197206e-01   2.601434e-01   1.973673e-02
  3.802314e+00  -1.230200e+00  -1.729911e+01   4.366571e-04   7.343676e-01   2.476635e-01   1.753216e-02
  3.772213e+00  -1.224273e+00  -1.729916e+01   4.769719e-04   7.484546e-01   2.355124e-01   1.555603e-02
  3.742113e+00  -1.218668e+00  -1.729920e+01   5.204401e-04   7.619791e-01   2.237129e-01   1.378760e-02
  3.712013e+00  -1.213373e+00  -1.729924e+01   5.672793e-04   7.749416e-01   2.122836e-01   1.220753e-02
  3.681912e+00  -1.208371e+00  -1.729928e+01   6.177227e-04   7.873453e-01   2.012391e-01   1.079788e-02
  3.651812e+00  -1.203650e+00  -1.729932e+01   6.720196e-04   7.991959e-01   1.905900e-01   9.542064e-03
  3.621712e+00  -1.199196e+00  -1.729936e+01   7.304370e-04   8.105013e-01   1.803434e-01   8.424802e-03
  3.591611e+00  -1.194996e+00  -1.729939e+01   7.932608e-04   8.212713e-01   1.705033e-01   7.432087e-03
  3.561511e+00  -1.191036e+00  -1.729943e+01   8.607973e-04   8.315172e-01   1.610709e-01   6.551111e-03
  3.531411e+00  -1.187304e+00  -1.729946e+01   9.333745e-04   8.412517e-01   1.520448e-01   5.770199e-03
  3.501310e+00  -1.183787e+00  -1.729949e+01   1.011344e-03   8.504886e-01   1.434213e-01   5.078741e-03
  3.471210e+00  -1.180475e+00  -1.729952e+01   1.095082e-03   8.592428e-01   1.351950e-01   4.467123e-03
  3.441110e+00  -1.177355e+00  -1.729955e+01   1.184992e-03   8.675296e-01   1.273588e-01   3.926654e-03
  3.411009e+00  -1.174417e+00  -1.729957e+01   1.281506e-03   8.753651e-01   1.199039e-01   3.449497e-03
  3.380909e+00  -1.171649e+00  -1.729960e+01   1.385087e-03   8.827655e-01   1.128208e-01   3.028603e-03
  3.350809e+00  -1.169042e+00  -1.729962e+01   1.496231e-03   8.897474e-01   1.060987e-01   2.657642e-03
  3.320708e+00  -1.166587e+00  -1.729964e+01   1.615470e-03   8.963273e-01   9.972633e-02   2.330942e-03
  3.290608e+00  -1.164273e+00  -1.729966e+01   1.743373e-03   9.025216e-01   9.369157e-02   2.043432e-03
  3.260508e+00  -1.162091e+00  -1.729968e+01   1.880549e-03   9.083468e-01   8.798208e-02   1.790584e-03
  3.230407e+00  -1.160034e+00  -1.729970e+01   2.027652e-03   9.138188e-01   8.258521e-02   1.568363e-03
  3.200307e+00  -1.158093e+00  -1.729972e+01   2.185381e-03   9.189533e-01   7.748815e-02   1.373178e-03
  3.170207e+00  -1.156260e+00  -1.729973e+01   2.354484e-03   9.237656e-01   7.267806e-02   1.201836e-03
  3.140106e+00  -1.154527e+00  -1.729975e+01   2.535765e-03   9.282706e-01   6.814214e-02   1.051506e-03
  3.110006e+00  -1.152888e+00  -1.729976e+01   2.730080e-03   9.324825e-01   6.386774e-02   9.196776e-04
  3.079906e+00  -1.151336e+00  -1.729977e+01   2.938349e-03   9.364151e-01   5.984239e-02   8.041281e-04
  3.049805e+00  -1.149863e+00  -1.729979e+01   3.161556e-03   9.400817e-01   5.605389e-02   7.028923e-04
  3.019705e+00  -1.148464e+00  -1.729980e+01   3.400753e-03   9.434947e-01   5.249033e-02   6.142341e-04
  2.989605e+00  -1.147133e+00  -1.729981e+01   3.657067e-03   9.466662e-01   4.914014e-02   5.366210e-04
  2.959504e+00  -1.145864e+00  -1.729982e+01   3.931701e-03   9.496075e-01   4.599211e-02   4.687021e-04
  2.929404e+00  -1.144651e+00  -1.729983e+01   4.225945e-03   9.523293e-01   4.303542e-02   4.092868e-04
  2.899304e+00  -1.143490e+00  -1.729984e+01   4.541177e-03   9.548418e-01   4.025965e-02   3.573273e-04
  2.869203e+00  -1.142374e+00  -1.729985e+01   4.878872e-03   9.571544e-01   3.765479e-02   3.119016e-04
  2.839103e+00  -1.141299e+00  -1.729986e+01   5.240603e-03   9.592759e-01   3.521125e-02   2.721995e-04
  2.809003e+00  -1.140261e+00  -1.729986e+01   5.628056e-03   9.612146e-01   3.291985e-02   2.375090e-04
  2.778902e+00  -1.139254e+00  -1.729987e+01   6.043029e-03   9.629779e-01   3.077184e-02   2.072051e-04
  2.748802e+00  -1.138274e+00  -1.729988e+01   6.487446e-03   9.645729e-01   2.875888e-02   1.807392e-04
  2.718702e+00  -1.137317e+00  -1.729988e+01   6.963360e-03   9.660060e-01   2.687301e-02   1.576303e-04
  2.688601e+00  -1.136378e+00  -1.729989e+01   7.472964e-03   9.672829e-01   2.510670e-02   1.374568e-04
  2.658501e+00  -1.135453e+00  -1.729990e+01   8.018598e-03   9.684088e-01   2.345279e-02   1.198493e-04
  2.628401e+00  -1.134538e+00  -1.729990e+01   8.602760e-03   9.693883e-01   2.190450e-02   1.044840e-04
  2.598300e+00  -1.133629e+00  -1.729991e+01   9.228116e-03   9.702254e-01   2.045539e-02   9.107786e-05
  2.568200e+00  -1.132721e+00  -1.729991e+01   9.897507e-03   9.709237e-01   1.909941e-02   7.938285e-05
  2.538100e+00  -1.131812e+00  -1.729991e+01   1.061396e-02   9.714860e-01   1.783081e-02   6.918212e-05
  2.507999e+00  -1.130896e+00  -1.729992e+01   1.138072e-02   9.719148e-01   1.664418e-02   6.028601e-05
  2.477899e+00  -1.129969e+00  -1.729992e+01   1.220120e-02   9.722119e-01   1.553441e-02   5.252870e-05
  2.447799e+00  -1.129029e+00  -1.729992e+01   1.307909e-02   9.723785e-01   1.449669e-02   4.576526e-05
  2.417698e+00  -1.128070e+00  -1.729993e+01   1.401826e-02   9.724154e-01   1.352649e-02   3.986906e-05
  2.387598e+00  -1.127088e+00  -1.729993e+01   1.502288e-02   9.723229e-01   1.261953e-02   3.472949e-05
  2.357498e+00  -1.126079e+00  -1.729993e+01   1.609735e-02   9.721006e-01   1.177182e-02   3.024991e-05
  2.327397e+00  -1.125040e+00  -1.729994e+01   1.724634e-02   9.717477e-01   1.097958e-02   2.634598e-05
  2.297297e+00  -1.123965e+00  -1.729994e+01   1.847483e-02   9.712630e-01   1.023926e-02   2.294404e-05
  2.267197e+00  -1.122851e+00  -1.729994e+01   1.978810e-02   9.706444e-01   9.547544e-03   1.997982e-05
  2.237096e+00  -1.121692e+00  -1.729994e+01   2.119174e-02   9.698896e-01   8.901300e-03   1.739723e-05
  2.206996e+00  -1.120484e+00  -1.729994e+01   2.269167e-02   9.689956e-01   8.297603e-03   1.514731e-05
  2.176896e+00  -1.119223e+00  -1.729995e+01   2.429417e-02   9.679589e-01   7.733702e-03   1.318738e-05
  2.146795e+00  -1.117904e+00  -1.729995e+01   2.600585e-02   9.667756e-01   7.207022e-03   1.148019e-05
  2.116695e+00  -1.116521e+00  -1.729995e+01   2.783374e-02   9.654411e-01   6.715149e-03   9.993254e-06
  2.086595e+00  -1.115070e+00  -1.729995e+01   2.978521e-02   9.639503e-01   6.255818e-03   8.698256e-06
  2.056494e+00  -1.113546e+00  -1.729995e+01   3.186807e-02   9.622974e-01   5.826913e-03   7.570497e-06
  2.026394e+00  -1.111943e+00  -1.729995e+01   3.409051e-02   9.604765e-01   5.426447e-03   6.588447e-06
  1.996294e+00  -1.110256e+00  -1.729996e+01   3.646115e-02   9.584806e-01   5.052564e-03   5.733339e-06
  1.966193e+00  -1.108479e+00  -1.729996e+01   3.898905e-02   9.563024e-01   4.703525e-03   4.988813e-06
  1.936093e+00  -1.106607e+00  -1.729996e+01   4.168369e-02   9.539343e-01   4.377703e-03   4.340612e-06
  1.905993e+00  -1.104634e+00  -1.729996e+01   4.455500e-02   9.513676e-01   4.073576e-03   3.776310e-06
  1.875892e+00  -1.102555e+00  -1.729996e+01   4.761334e-02   9.485937e-01   3.789722e-03   3.285081e-06
  1.845792e+00  -1.100363e+00  -1.729996e+01   5.086950e-02   9.456028e-01   3.524809e-03   2.857490e-06
  1.815692e+00  -1.098052e+00  -1.729996e+01   5.433473e-02   9.423852e-01   3.277592e-03   2.485318e-06
  1.785591e+00  -1.095618e+00  -1.729996e+01   5.802067e-02   9.389303e-01   3.046909e-03   2.161405e-06
  1.755491e+00  -1.093053e+00  -1.729996e+01   6.193937e-02   9.352271e-01   2.831672e-03   1.879512e-06
  1.725391e+00  -1.090353e+00  -1.729996e+01   6.610328e-02   9.312642e-01   2.630864e-03   1.634205e-06
  1.695290e+00  -1.087511e+00  -1.729996e+01   7.052517e-02   9.270299e-01   2.443537e-03   1.420752e-06
  1.665190e+00  -1.084522e+00  -1.729996e+01   7.521816e-02   9.225118e-01   2.268803e-03   1.235031e-06
  1.635090e+00  -1.081380e+00  -1.729996e+01   8.019561e-02   9.176975e-01   2.105833e-03   1.073450e-06
  1.604989e+00  -1.078081e+00  -1.729997e+01   8.547115e-02   9.125741e-01   1.953855e-03   9.328844e-07
  1.574889e+00  -1.074619e+00  -1.729997e+01   9.105852e-02   9.071285e-01   1.812144e-03   8.106102e-07
  1.544789e+00  -1.070990e+00  -1.729997e+01   9.697157e-02   9.013477e-01   1.680025e-03   7.042570e-07
  1.514688e+00  -1.067191e+00  -1.729997e+01   1.032242e-01   8.952184e-01   1.556869e-03   6.117603e-07
  1.484588e+00  -1.063216e+00  -1.729997e+01   1.098301e-01   8.887273e-01   1.442087e-03   5.313227e-07
  1.454488e+00  -1.059064e+00  -1.729997e+01   1.168029e-01   8.818615e-01   1.335128e-03   4.613792e-07
  1.424387e+00  -1.054731e+00  -1.729997e+01   1.241558e-01   8.746083e-01   1.235480e-03   4.005674e-07
  1.394287e+00  -1.050216e+00  -1.729997e+01   1.319017e-01   8.669553e-01   1.142664e-03   3.477010e-07
  1.364187e+00  -1.045519e+00  -1.729997e+01   1.400528e-01   8.588906e-01   1.056232e-03   3.017478e-07
  1.334086e+00  -1.040638e+00  -1.729997e+01   1.486207e-01   8.504033e-01   9.757668e-04   2.618087e-07
  1.303986e+00  -1.035574e+00  -1.729997e+01   1.576159e-01   8.414830e-01   9.008783e-04   2.271016e-07
  1.273886e+00  -1.030329e+00  -1.729997e+01   1.670480e-01   8.321206e-01   8.312023e-04   1.969454e-07
  1.243785e+00  -1.024906e+00  -1.729997e+01   1.769253e-01   8.223081e-01   7.663986e-04   1.707476e-07
  1.213685e+00  -1.019308e+00  -1.729997e+01   1.872547e-01   8.120390e-01   7.061496e-04   1.479923e-07
  1.183585e+00  -1.013540e+00  -1.729997e+01   1.980413e-01   8.013084e-01   6.501584e-04   1.282307e-07
  1.153484e+00  -1.007607e+00  -1.729997e+01   2.092887e-01   7.901131e-01   5.981476e-04   1.110723e-07
  1.123384e+00  -1.001517e+00  -1.729997e+01   2.209981e-01   7.784519e-01   5.498581e-04   9.617707e-08
  1.093284e+00  -9.952779e-01  -1.729997e+01   2.331689e-01   7.663260e-01   5.050472e-04   8.324938e-08
  1.063183e+00  -9.888981e-01  -1.729997e+01   2.457979e-01   7.537385e-01   4.634884e-04   7.203190e-08
  1.033083e+00  -9.823881e-01  -1.729997e+01   2.588794e-01   7.406956e-01   4.249693e-04   6.230081e-08
  1.002983e+00  -9.757591e-01  -1.729997e+01   2.724051e-01   7.272055e-01   3.892912e-04   5.386139e-08
  9.728823e-01  -9.690231e-01  -1.729997e+01   2.863639e-01   7.132797e-01   3.562682e-04   4.654424e-08
  9.427820e-01  -9.621931e-01  -1.729997e+01   3.007419e-01   6.989324e-01   3.257256e-04   4.020205e-08
  9.126817e-01  -9.552829e-01  -1.729997e+01   3.155221e-01   6.841804e-01   2.975001e-04   3.470668e-08
  8.825813e-01  -9.483070e-01  -1.729997e+01   3.306847e-01   6.690439e-01   2.714380e-04   2.994669e-08
  8.524810e-01  -9.412804e-01  -1.729997e+01   3.462069e-01   6.535457e-01   2.473955e-04   2.582520e-08
  8.223807e-01  -9.342185e-01  -1.729997e+01   3.620632e-01   6.377115e-01   2.252370e-04   2.225796e-08
  7.922803e-01  -9.271371e-01  -1.729997e+01   3.782252e-01   6.215700e-01   2.048355e-04   1.917171e-08
  7.621800e-01  -9.200523e-01  -1.729997e+01   3.946619e-01   6.051520e-01   1.860712e-04   1.650280e-08
  7.320797e-01  -9.129800e-01  -1.729997e+01   4.113401e-01   5.884911e-01   1.688318e-04   1.419587e-08
  7.019793e-01  -9.059362e-01  -1.729997e+01   4.282241e-01   5.716229e-01   1.530114e-04   1.220283e-08
  6.718790e-01  -8.989364e-01  -1.729997e+01   4.452766e-01   5.545849e-01   1.385102e-04   1.048190e-08
  6.417787e-01  -8.919960e-01  -1.729997e+01   4.624586e-01   5.374162e-01   1.252346e-04   8.996762e-09
  6.116783e-01  -8.851297e-01  -1.729997e+01   4.797300e-01   5.201569e-01   1.130961e-04   7.715879e-09
  5.815780e-01  -8.783518e-01  -1.729997e+01   4.970497e-01   5.028483e-01   1.020117e-04   6.611862e-09
  5.514777e-01  -8.716755e-01  -1.729997e+01   5.143762e-01   4.855319e-01   9.190311e-05   5.660926e-09
  5.213773e-01  -8.651136e-01  -1.729997e+01   5.316680e-01   4.682493e-01   8.269690e-05   4.842424e-09
  4.912770e-01  -8.586776e-01  -1.729997e+01   5.488839e-01   4.510417e-01   7.432390e-05   4.138437e-09
  4.611767e-01  -8.523784e-01  -1.729997e+01   5.659834e-01   4.339499e-01   6.671923e-05   3.533417e-09
  4.310763e-01  -8.462255e-01  -1.729997e+01   5.829270e-01   4.170131e-01   5.982199e-05   3.013879e-09
  4.009760e-01  -8.402275e-01  -1.729997e+01   5.996769e-01   4.002695e-01   5.357514e-05   2.568128e-09
  3.708757e-01  -8.343920e-01  -1.729997e+01   6.161968e-01   3.837552e-01   4.792529e-05   2.186028e-09
  3.407753e-01  -8.287254e-01  -1.729997e+01   6.324527e-01   3.675045e-01   4.282257e-05   1.858796e-09
  3.106750e-01  -8.232330e-01  -1.729997e+01   6.484128e-01   3.515489e-01   3.822043e-05   1.578828e-09
  2.805747e-01  -8.179190e-01  -1.729997e+01   6.640479e-01   3.359180e-01   3.407554e-05   1.339537e-09
  2.504743e-01  -8.127866e-01  -1.729997e+01   6.793315e-01   3.206382e-01   3.034760e-05   1.135229e-09
  2.203740e-01  -8.078381e-01  -1.729997e+01   6.942397e-01   3.057333e-01   2.699923e-05   9.609772e-10
  1.902736e-01  -8.030746e-01  -1.729997e+01   7.087520e-01   2.912240e-01   2.399582e-05   8.125252e-10
  1.601733e-01  -7.984965e-01  -1.729997e+01   7.228504e-01   2.771283e-01   2.130537e-05   6.861978e-10
  1.300730e-01  -7.941033e-01  -1.729997e+01   7.365199e-01   2.634612e-01   1.889837e-05   5.788234e-10
  9.997265e-02  -7.898937e-01  -1.729997e+01   7.497486e-01   2.502347e-01   1.674769e-05   4.876677e-10
  6.987231e-02  -7.858657e-01  -1.729997e+01   7.625272e-01   2.374580e-01   1.482839e-05   4.103751e-10
  3.977198e-02  -7.820168e-01  -1.729997e+01   7.748491e-01   2.251378e-01   1.311762e-05   3.449185e-10
  9.671642e-03  -7.783437e-01  -1.729997e+01   7.867105e-01   2.132779e-01   1.159451e-05   2.895549e-10
 -2.042869e-02  -7.748427e-01  -1.729997e+01   7.981098e-01   2.018799e-01   1.023998e-05   2.427874e-10
 -5.052903e-02  -7.715098e-01  -1.729997e+01   8.090477e-01   1.909433e-01   9.036704e-06   2.033316e-10
 -8.062936e-02  -7.683404e-01  -1.729997e+01   8.195270e-01   1.804651e-01   7.968903e-06   1.700872e-10
 -1.107297e-01  -7.653299e-01  -1.729997e+01   8.295523e-01   1.704407e-01   7.022284e-06   1.421123e-10
 -1.408300e-01  -7.624731e-01  -1.729997e+01   8.391300e-01   1.608638e-01   6.183910e-06   1.186019e-10
 -1.709304e-01  -7.597650e-01  -1.729997e+01   8.482679e-01   1.517267e-01   5.442097e-06   9.886868e-11
 -2.010307e-01  -7.572000e-01  -1.729997e+01   8.569752e-01   1.430200e-01   4.786310e-06   8.232687e-11
 -2.311310e-01  -7.547729e-01  -1.729997e+01   8.652622e-01   1.347336e-01   4.207069e-06   6.847778e-11
 -2.612314e-01  -7.524781e-01  -1.729997e+01   8.731401e-01   1.268562e-01   3.695857e-06   5.689751e-11
 -2.913317e-01  -7.503102e-01  -1.729997e+01   8.806209e-01   1.193759e-01   3.245036e-06   4.722622e-11
 -3.214320e-01  -7.482636e-01  -1.729997e+01   8.877173e-01   1.122799e-01   2.847768e-06   3.915898e-11
 -3.515324e-01  -7.463330e-01  -1.729997e+01   8.944424e-01   1.055551e-01   2.497938e-06   3.243769e-11
 -3.816327e-01  -7.445129e-01  -1.729997e+01   9.008097e-01   9.918810e-02   2.190088e-06   2.684426e-11
 -4.117330e-01  -7.427982e-01  -1.729997e+01   9.068329e-01   9.316514e-02   1.919355e-06   2.219470e-11
 -4.418334e-01  -7.411837e-01  -1.729997e+01   9.125259e-01   8.747240e-02   1.681405e-06   1.833398e-11
 -4.719337e-01  -7.396645e-01  -1.729997e+01   9.179025e-01   8.209601e-02   1.472391e-06   1.513169e-11
 -5.020340e-01  -7.382356e-01  -1.729997e+01   9.229765e-01   7.702218e-02   1.288892e-06   1.247830e-11
 -5.321344e-01  -7.368923e-01  -1.729997e+01   9.277616e-01   7.223726e-02   1.127877e-06   1.028193e-11
 -5.622347e-01  -7.356302e-01  -1.729997e+01   9.322712e-01   6.772777e-02   9.866585e-07   8.465612e-12
 -5.923350e-01  -7.344448e-01  -1.729997e+01   9.365186e-01   6.348054e-02   8.628600e-07   6.964999e-12
 -6.224354e-01  -7.333320e-01  -1.729997e+01   9.405166e-01   5.948265e-02   7.543792e-07   5.726328e-12
 -6.525357e-01  -7.322877e-01  -1.729997e+01   9.442778e-01   5.572156e-02   6.593596e-07   4.704761e-12
 -6.826361e-01  -7.313080e-01  -1.729997e+01   9.478143e-01   5.218509e-02   5.761627e-07   3.862942e-12
 -7.127364e-01  -7.303893e-01  -1.729997e+01   9.511380e-01   4.886145e-02   5.033439e-07   3.169796e-12
 -7.428367e-01  -7.295281e-01  -1.729997e+01   9.542603e-01   4.573928e-02   4.396301e-07   2.599500e-12
 -7.729371e-01  -7.287210e-01  -1.729997e+01   9.571920e-01   4.280763e-02   3.839007e-07   2.130620e-12
 -8.030374e-01  -7.279648e-01  -1.729997e+01   9.599437e-01   4.005600e-02   3.351699e-07   1.745388e-12
 -8.331377e-01  -7.272565e-01  -1.729997e+01   9.625254e-01   3.747431e-02   2.925706e-07   1.429090e-12
 -8.632381e-01  -7.265932e-01  -1.729997e+01   9.649468e-01   3.505295e-02   2.553414e-07   1.169553e-12
 -8.933384e-01  -7.259722e-01  -1.729997e+01   9.672171e-01   3.278270e-02   2.228133e-07   9.567190e-13
 -9.234387e-01  -7.253910e-01  -1.729997e+01   9.693450e-01   3.065483e-02   1.943994e-07   7.822816e-13
 -9.535391e-01  -7.248471e-01  -1.729997e+01   9.713389e-01   2.866097e-02   1.695847e-07   6.393907e-13
 -9.836394e-01  -7.243383e-01  -1.729997e+01   9.732066e-01   2.679322e-02   1.479177e-07   5.224007e-13
 -1.013740e+00  -7.238622e-01  -1.729997e+01   9.749558e-01   2.504404e-02   1.290029e-07   4.266627e-13
 -1.043840e+00  -7.234170e-01  -1.729997e+01   9.765936e-01   2.340631e-02   1.124936e-07   3.483517e-13
 -1.073940e+00  -7.230006e-01  -1.729997e+01   9.781266e-01   2.187328e-02   9.808628e-08   2.843230e-13
 -1.104041e+00  -7.226114e-01  -1.729997e+01   9.795614e-01   2.043855e-02   8.551537e-08   2.319930e-13
 -1.134141e+00  -7.222474e-01  -1.729997e+01   9.809038e-01   1.909610e-02   7.454839e-08   1.892406e-13
 -1.164241e+00  -7.219072e-01  -1.729997e+01   9.821597e-01   1.784021e-02   6.498204e-08   1.543255e-13
 -1.194342e+00  -7.215893e-01  -1.729997e+01   9.833344e-01   1.666551e-02   5.663850e-08   1.258205e-13
 -1.224442e+00  -7.212921e-01  -1.729997e+01   9.844330e-01   1.556694e-02   4.936237e-08   1.025564e-13
 -1.254542e+00  -7.210145e-01  -1.729997e+01   9.854602e-01   1.453972e-02   4.301781e-08   8.357525e-14
 -1.284643e+00  -7.207550e-01  -1.729997e+01   9.864206e-01   1.357934e-02   3.748613e-08   6.809290e-14
 -1.314743e+00  -7.205126e-01  -1.729997e+01   9.873184e-01   1.268158e-02   3.266368e-08   5.546780e-14
 -1.344843e+00  -7.202862e-01  -1.729997e+01   9.881575e-01   1.184246e-02   2.845990e-08   4.517521e-14
 -1.374944e+00  -7.200747e-01  -1.729997e+01   9.889417e-01   1.105824e-02   2.479575e-08   3.678617e-14
 -1.405044e+00  -7.198772e-01  -1.729997e+01   9.896746e-01   1.032542e-02   2.160221e-08   2.995013e-14
 -1.435144e+00  -7.196927e-01  -1.729997e+01   9.903593e-01   9.640678e-03   1.881906e-08   2.438075e-14
 -1.465245e+00  -7.195204e-01  -1.729997e+01   9.909990e-01   9.000937e-03   1.639373e-08   1.984420e-14
 -1.495345e+00  -7.193594e-01  -1.729997e+01   9.915967e-01   8.403287e-03   1.428035e-08   1.614962e-14
 -1.525445e+00  -7.192092e-01  -1.729997e+01   9.921550e-01   7.845007e-03   1.243892e-08   1.314126e-14
 -1.555546e+00  -7.190689e-01  -1.729997e+01   9.926764e-01   7.323542e-03   1.083453e-08   1.069205e-14
 -1.585646e+00  -7.189379e-01  -1.729997e+01   9.931635e-01   6.836501e-03   9.436753e-09   8.698365e-15
 -1.615746e+00  -7.188156e-01  -1.729997e+01   9.936184e-01   6.381642e-03   8.219034e-09   7.075706e-15
 -1.645847e+00  -7.187014e-01  -1.729997e+01   9.940431e-01   5.956864e-03   7.158231e-09   5.755199e-15
 -1.675947e+00  -7.185948e-01  -1.729997e+01   9.944398e-01   5.560203e-03   6.234165e-09   4.680713e-15
 -1.706047e+00  -7.184953e-01  -1.729997e+01   9.948102e-01   5.189817e-03   5.429244e-09   3.806513e-15
 -1.736148e+00  -7.184024e-01  -1.729997e+01   9.951560e-01   4.843983e-03   4.728133e-09   3.095342e-15
 -1.766248e+00  -7.183157e-01  -1.729997e+01   9.954789e-01   4.521090e-03   4.117465e-09   2.516854e-15
 -1.796348e+00  -7.182347e-01  -1.729997e+01   9.957804e-01   4.219630e-03   3.585591e-09   2.046340e-15
 -1.826449e+00  -7.181592e-01  -1.729997e+01   9.960618e-01   3.938191e-03   3.122359e-09   1.663680e-15
 -1.856549e+00  -7.180886e-01  -1.729997e+01   9.963245e-01   3.675454e-03   2.718921e-09   1.352495e-15
 -1.886649e+00  -7.180228e-01  -1.729997e+01   9.965698e-01   3.430185e-03   2.367570e-09   1.099455e-15
 -1.916750e+00  -7.179614e-01  -1.729997e+01   9.967988e-01   3.201231e-03   2.061588e-09   8.937093e-16
 -1.946850e+00  -7.179040e-01  -1.729997e+01   9.970125e-01   2.987512e-03   1.795124e-09   7.264304e-16
 -1.976950e+00  -7.178505e-01  -1.729997e+01   9.972120e-01   2.788022e-03   1.563078e-09   5.904348e-16
 -2.007051e+00  -7.178006e-01  -1.729997e+01   9.973982e-01   2.601819e-03   1.361009e-09   4.798785e-16
 -2.037151e+00  -7.177539e-01  -1.729997e+01   9.975720e-01   2.428021e-03   1.185048e-09   3.900079e-16
 -2.067251e+00  -7.177104e-01  -1.729997e+01   9.977342e-01   2.265806e-03   1.031825e-09   3.169563e-16
 -2.097352e+00  -7.176698e-01  -1.729997e+01   9.978856e-01   2.114405e-03   8.984030e-10   2.575789e-16
 -2.127452e+00  -7.176320e-01  -1.729997e+01   9.980269e-01   1.973101e-03   7.822256e-10   2.093182e-16
 -2.157552e+00  -7.175966e-01  -1.729997e+01   9.981588e-01   1.841223e-03   6.810653e-10   1.700946e-16
 -2.187653e+00  -7.175636e-01  -1.729997e+01   9.982819e-01   1.718144e-03   5.929822e-10   1.382171e-16
 -2.217753e+00  -7.175328e-01  -1.729997e+01   9.983967e-01   1.603280e-03   5.162867e-10   1.123109e-16
 -2.247853e+00  -7.175041e-01  -1.729997e+01   9.985039e-01   1.496083e-03   4.495074e-10   9.125798e-17
 -2.277954e+00  -7.174773e-01  -1.729997e+01   9.986040e-01   1.396043e-03   3.913630e-10   7.414980e-17
 -2.308054e+00  -7.174522e-01  -1.729997e+01   9.986973e-01   1.302684e-03   3.407373e-10   6.024760e-17
 -2.338154e+00  -7.174289e-01  -1.729997e+01   9.987844e-01   1.215560e-03   2.966586e-10   4.895091e-17
 -2.368255e+00  -7.174071e-01  -1.729997e+01   9.988657e-01   1.134257e-03   2.582805e-10   3.977166e-17
 -2.398355e+00  -7.173868e-01  -1.729997e+01   9.989416e-01   1.058386e-03   2.248660e-10   3.231313e-17
 -2.428455e+00  -7.173678e-01  -1.729997e+01   9.990124e-01   9.875854e-04   1.957735e-10   2.625290e-17
 -2.458556e+00  -7.173501e-01  -1.729997e+01   9.990785e-01   9.215163e-04   1.704441e-10   2.132892e-17
 -2.488656e+00  -7.173336e-01  -1.729997e+01   9.991401e-01   8.598635e-04   1.483912e-10   1.732823e-17
 -2.518756e+00  -7.173182e-01  -1.729997e+01   9.991977e-01   8.023321e-04   1.291911e-10   1.407777e-17
 -2.548857e+00  -7.173038e-01  -1.729997e+01   9.992514e-01   7.486472e-04   1.124748e-10   1.143689e-17
 -2.578957e+00  -7.172904e-01  -1.729997e+01   9.993014e-01   6.985518e-04   9.792110e-11   9.291318e-18
 -2.609057e+00  -7.172778e-01  -1.729997e+01   9.993482e-01   6.518064e-04   8.525030e-11   7.548174e-18
 -2.639158e+00  -7.172662e-01  -1.729997e+01   9.993918e-01   6.081871e-04   7.421885e-11   6.131998e-18
 -2.669258e+00  -7.172553e-01  -1.729997e+01   9.994325e-01   5.674852e-04   6.461468e-11   4.981477e-18
 -2.699358e+00  -7.172451e-01  -1.729997e+01   9.994705e-01   5.295058e-04   5.625318e-11   4.046787e-18
 -2.729459e+00  -7.172356e-01  -1.729997e+01   9.995059e-01   4.940669e-04   4.897357e-11   3.287449e-18
