# ngamma, nT
50 30
# T_centers_log10(K): 
1.100000e+00 1.300000e+00 1.500000e+00 1.700000e+00 1.900000e+00 2.100000e+00 2.300000e+00 2.500000e+00 2.700000e+00 2.900000e+00 3.100000e+00 3.300000e+00 3.500000e+00 3.700000e+00 3.900000e+00 4.100000e+00 4.300000e+00 4.500000e+00 4.700000e+00 4.900000e+00 5.100000e+00 5.300000e+00 5.500000e+00 5.700000e+00 5.900000e+00 6.100000e+00 6.300000e+00 6.500000e+00 6.700000e+00 6.900000e+00
# gamma_centers_log10(K**0.5 cm**-3):
-4.000000e+00 -3.795918e+00 -3.591837e+00 -3.387755e+00 -3.183673e+00 -2.979592e+00 -2.775510e+00 -2.571429e+00 -2.367347e+00 -2.163265e+00 -1.959184e+00 -1.755102e+00 -1.551020e+00 -1.346939e+00 -1.142857e+00 -9.387755e-01 -7.346939e-01 -5.306122e-01 -3.265306e-01 -1.224490e-01 8.163265e-02 2.857143e-01 4.897959e-01 6.938776e-01 8.979592e-01 1.102041e+00 1.306122e+00 1.510204e+00 1.714286e+00 1.918367e+00 2.122449e+00 2.326531e+00 2.530612e+00 2.734694e+00 2.938776e+00 3.142857e+00 3.346939e+00 3.551020e+00 3.755102e+00 3.959184e+00 4.163265e+00 4.367347e+00 4.571429e+00 4.775510e+00 4.979592e+00 5.183673e+00 5.387755e+00 5.591837e+00 5.795918e+00 6.000000e+00
# Columns: median values for each T bin from left to right
3.540606e-03 2.927665e-03 2.818674e-03 9.309113e-02 7.256770e-01 3.190743e+00 3.193180e-01 7.116507e-02 1.979485e-02 1.244325e-02 6.883661e-03 4.175953e-03 2.902133e-03 1.973793e-03 1.525395e-03 1.199911e-03 9.897088e-04 6.606745e-04 5.496716e-04 4.617897e-04 3.507016e-04 2.638704e-04 2.075528e-04 1.762406e-04 1.336997e-04 1.167146e-04 8.861205e-05 6.695732e-05 5.854704e-05 4.438087e-05
4.633767e-03 3.980450e-03 3.618280e-03 4.517353e-02 8.219282e-01 2.720520e+00 3.851397e-01 1.038972e-01 2.800473e-02 1.452351e-02 6.671568e-03 4.753758e-03 3.387136e-03 2.291079e-03 1.772253e-03 1.399388e-03 1.115424e-03 8.979192e-04 6.455100e-04 5.245413e-04 4.093095e-04 3.327069e-04 2.606154e-04 2.290845e-04 1.659770e-04 1.271623e-04 1.042821e-04 8.127298e-05 6.833119e-05 5.573665e-05
6.063492e-03 4.645624e-03 4.314983e-03 1.875816e-02 5.228276e-01 2.199687e+00 1.412125e+00 7.798593e-02 4.769389e-02 1.836934e-02 9.000596e-03 5.922526e-03 3.855809e-03 2.944911e-03 2.440644e-03 1.764004e-03 1.306230e-03 1.050340e-03 7.850680e-04 6.795627e-04 5.489022e-04 4.195010e-04 3.383835e-04 2.753835e-04 1.970707e-04 1.603354e-04 1.397055e-04 1.068837e-04 8.615692e-05 6.739453e-05
7.086873e-03 6.094449e-03 5.762789e-03 4.353033e-02 5.949619e-01 1.982697e+00 3.163259e+00 1.447823e-01 3.972499e-02 2.040549e-02 1.228052e-02 7.402770e-03 5.547987e-03 3.713176e-03 2.833030e-03 2.224188e-03 1.768642e-03 1.311505e-03 1.101836e-03 9.224318e-04 6.559902e-04 5.501825e-04 4.303253e-04 3.298491e-04 2.684419e-04 2.084452e-04 1.703392e-04 1.247457e-04 1.086329e-04 9.107107e-05
8.948219e-03 7.249124e-03 7.409668e-03 3.752615e-02 2.878887e-01 1.622542e+00 3.151210e+00 2.153313e-01 7.400424e-02 2.634820e-02 1.678021e-02 1.001127e-02 7.165390e-03 4.592617e-03 3.891758e-03 2.595891e-03 2.230035e-03 1.786483e-03 1.335784e-03 1.163069e-03 9.145655e-04 6.199413e-04 5.065782e-04 4.250619e-04 3.384710e-04 2.730567e-04 2.221038e-04 1.622251e-04 1.369742e-04 1.103949e-04
1.128210e-02 1.005969e-02 8.645522e-03 1.145417e-02 2.343893e-01 1.473980e+00 4.247253e+00 2.373634e-01 7.107171e-02 4.107155e-02 1.877164e-02 1.176988e-02 9.249228e-03 5.903324e-03 4.499750e-03 3.536937e-03 2.811798e-03 2.094675e-03 1.757104e-03 1.421719e-03 1.026370e-03 8.374197e-04 6.614308e-04 5.154053e-04 4.231252e-04 3.313860e-04 2.800445e-04 2.142521e-04 1.727045e-04 1.356139e-04
1.422435e-02 1.223486e-02 1.090033e-02 2.448276e-02 3.603110e-01 1.759178e+00 5.588781e+00 2.823000e-01 6.843190e-02 4.290965e-02 2.367344e-02 1.515235e-02 9.992372e-03 7.931463e-03 6.129484e-03 4.296661e-03 3.055979e-03 2.840162e-03 2.215488e-03 1.595424e-03 1.387331e-03 1.064756e-03 8.626022e-04 7.020647e-04 5.335069e-04 4.514009e-04 3.309542e-04 2.500571e-04 2.095999e-04 1.839668e-04
1.855510e-02 1.480218e-02 1.401633e-02 1.412017e-02 3.276690e-01 1.174810e+00 3.168266e+00 3.382176e-01 1.138363e-01 5.416054e-02 2.985881e-02 1.832348e-02 1.259983e-02 9.206626e-03 6.856722e-03 6.074869e-03 4.482029e-03 3.464182e-03 2.593776e-03 2.244740e-03 1.749250e-03 1.325790e-03 1.087632e-03 7.990993e-04 6.474742e-04 5.863138e-04 4.414987e-04 3.378451e-04 2.756767e-04 2.248505e-04
2.260777e-02 1.869674e-02 1.801412e-02 2.087398e-02 2.333882e-01 9.939804e-01 5.022894e+00 5.625379e-01 1.927240e-01 7.395482e-02 3.918817e-02 2.310802e-02 1.854504e-02 1.214163e-02 9.049389e-03 7.089270e-03 5.442621e-03 4.043120e-03 3.636442e-03 2.740171e-03 2.065563e-03 1.699878e-03 1.383212e-03 1.074646e-03 9.163041e-04 6.901405e-04 5.566736e-04 4.272518e-04 3.740022e-04 2.835078e-04
2.849801e-02 2.357011e-02 2.185737e-02 2.132595e-02 2.841260e-01 8.659867e-01 3.815775e+00 6.757796e-01 2.279027e-01 9.353862e-02 4.945469e-02 3.039386e-02 2.409634e-02 1.639905e-02 1.092542e-02 8.946751e-03 7.107006e-03 4.925846e-03 4.283390e-03 3.455021e-03 2.780968e-03 1.983957e-03 1.852105e-03 1.407315e-03 9.984365e-04 8.775763e-04 7.137289e-04 5.755062e-04 4.365040e-04 3.518073e-04
3.581397e-02 3.203269e-02 2.753549e-02 2.660984e-02 1.631979e-01 7.842495e-01 4.745275e+00 1.137028e+00 3.665220e-01 1.283378e-01 5.336357e-02 4.028621e-02 2.526854e-02 2.005307e-02 1.443450e-02 1.127279e-02 8.945252e-03 7.178705e-03 5.400865e-03 4.356370e-03 3.520048e-03 2.871098e-03 2.199036e-03 1.707970e-03 1.444263e-03 1.092540e-03 9.560932e-04 6.772222e-04 5.548310e-04 4.435841e-04
4.423830e-02 4.040654e-02 3.338978e-02 3.098893e-02 1.323757e-01 8.528037e-01 2.377371e+00 9.870382e-01 3.082291e-01 1.415610e-01 7.878209e-02 4.477391e-02 3.367759e-02 2.564147e-02 1.814417e-02 1.421097e-02 1.129956e-02 8.460579e-03 6.767883e-03 5.892745e-03 4.421232e-03 3.154112e-03 2.772712e-03 2.326534e-03 1.700188e-03 1.547738e-03 1.050313e-03 8.539026e-04 6.995712e-04 5.260432e-04
5.896464e-02 4.901864e-02 4.373457e-02 4.083341e-02 5.801343e-02 5.982256e-01 2.074068e+00 3.342087e+00 5.026280e-01 2.090418e-01 1.078662e-01 7.139337e-02 4.956541e-02 3.234281e-02 2.472202e-02 1.795170e-02 1.374541e-02 1.061354e-02 8.508033e-03 7.430148e-03 5.842491e-03 4.296441e-03 3.496051e-03 2.845626e-03 2.081795e-03 1.751722e-03 1.418815e-03 1.157068e-03 8.679308e-04 7.080404e-04
7.745932e-02 6.927884e-02 6.179207e-02 5.210802e-02 8.838885e-02 6.749808e-01 1.595961e+00 6.924619e+00 5.045618e-01 2.949719e-01 1.317670e-01 8.387901e-02 5.781080e-02 4.409438e-02 3.108230e-02 2.441683e-02 1.943741e-02 1.345205e-02 1.165983e-02 9.434629e-03 7.197597e-03 5.586337e-03 5.057275e-03 3.587867e-03 2.714607e-03 2.355913e-03 1.796437e-03 1.466569e-03 1.191874e-03 9.721920e-04
1.006584e-01 8.380431e-02 7.779979e-02 6.677763e-02 8.315997e-02 4.251545e-01 2.049733e+00 6.418016e+00 9.581725e-01 3.057013e-01 1.822234e-01 1.111297e-01 6.927281e-02 5.489323e-02 4.237307e-02 3.079703e-02 2.443725e-02 1.896719e-02 1.360903e-02 1.181341e-02 9.612225e-03 6.830666e-03 5.953561e-03 4.563139e-03 4.260412e-03 2.995884e-03 2.457244e-03 1.907698e-03 1.402316e-03 1.211206e-03
1.217920e-01 1.014712e-01 9.601225e-02 8.088335e-02 8.935765e-02 2.120489e-01 1.543339e+00 5.738253e+00 3.107629e+00 4.177761e-01 2.440288e-01 1.411054e-01 9.236393e-02 6.503149e-02 4.752533e-02 3.885717e-02 2.857831e-02 2.311196e-02 1.859986e-02 1.560214e-02 1.171265e-02 9.226793e-03 8.109468e-03 6.109519e-03 4.334229e-03 3.745459e-03 3.046909e-03 2.350692e-03 1.894844e-03 1.551747e-03
1.470613e-01 1.270107e-01 1.226916e-01 1.016662e-01 1.003553e-01 3.452576e-01 1.349024e+00 4.071998e+00 6.167635e+00 6.736789e-01 3.332652e-01 1.753549e-01 1.185441e-01 8.889435e-02 6.288644e-02 4.904256e-02 3.905764e-02 2.886706e-02 2.251172e-02 1.885091e-02 1.431405e-02 1.076906e-02 8.836700e-03 7.736646e-03 6.269686e-03 4.762995e-03 3.874119e-03 2.927781e-03 2.229408e-03 1.941037e-03
1.834139e-01 1.709540e-01 1.480673e-01 1.300240e-01 1.219718e-01 2.285589e-01 1.041305e+00 3.589087e+00 6.566215e+00 1.251195e+00 3.653094e-01 2.382346e-01 1.447674e-01 1.125900e-01 7.895823e-02 6.196825e-02 4.928973e-02 3.677253e-02 2.949077e-02 2.385679e-02 1.919882e-02 1.467060e-02 1.203778e-02 9.068807e-03 7.380785e-03 5.980081e-03 4.864426e-03 3.706737e-03 3.228189e-03 2.427915e-03
2.347168e-01 2.051920e-01 1.782255e-01 1.538632e-01 1.452411e-01 2.584387e-01 8.077563e-01 2.729192e+00 6.798817e+00 1.978304e+00 4.275339e-01 3.049259e-01 2.119010e-01 1.442609e-01 9.968037e-02 8.467990e-02 6.206969e-02 4.628216e-02 3.744122e-02 3.020016e-02 2.421238e-02 1.850004e-02 1.502503e-02 1.214215e-02 9.386672e-03 7.572338e-03 5.748933e-03 4.536920e-03 4.070359e-03 3.061301e-03
2.700175e-01 2.487517e-01 2.208930e-01 1.990730e-01 1.868152e-01 2.079940e-01 5.161473e-01 2.247367e+00 5.591311e+00 4.469400e+00 6.579041e-01 3.969462e-01 2.408168e-01 1.680653e-01 1.215576e-01 9.915493e-02 7.829246e-02 5.827662e-02 4.694498e-02 3.654038e-02 2.848385e-02 2.510261e-02 1.914178e-02 1.441983e-02 1.183599e-02 1.022786e-02 7.309204e-03 5.941457e-03 4.750610e-03 3.630388e-03
3.314499e-01 3.135793e-01 2.961665e-01 2.462233e-01 2.162346e-01 2.270451e-01 5.606123e-01 1.494314e+00 4.902595e+00 7.035347e+00 8.801941e-01 5.429590e-01 3.277260e-01 2.120993e-01 1.748684e-01 1.159148e-01 9.915307e-02 7.345102e-02 5.964800e-02 4.756586e-02 3.622118e-02 2.918201e-02 2.414041e-02 1.882934e-02 1.479740e-02 1.158818e-02 9.874471e-03 7.369794e-03 6.523832e-03 5.279014e-03
3.876937e-01 3.609951e-01 3.415009e-01 3.026654e-01 2.836640e-01 2.740461e-01 4.043718e-01 1.209464e+00 3.720704e+00 6.266737e+00 1.885449e+00 8.314109e-01 4.234925e-01 2.785129e-01 2.076719e-01 1.599454e-01 1.261783e-01 9.314158e-02 8.047499e-02 6.005220e-02 4.899660e-02 3.712124e-02 3.031754e-02 2.653721e-02 1.866040e-02 1.518156e-02 1.162109e-02 9.292659e-03 8.159570e-03 6.210650e-03
4.545508e-01 4.255203e-01 4.161123e-01 3.645789e-01 3.458287e-01 2.999483e-01 4.672626e-01 7.767444e-01 2.348477e+00 5.846548e+00 7.395246e+00 1.098264e+00 6.370730e-01 3.662536e-01 2.442105e-01 2.221142e-01 1.605354e-01 1.183000e-01 9.442524e-02 7.641379e-02 5.977232e-02 4.723990e-02 3.775633e-02 3.221704e-02 2.333075e-02 1.898232e-02 1.544025e-02 1.100965e-02 9.241077e-03 7.862199e-03
5.132378e-01 4.914223e-01 4.676694e-01 4.543501e-01 4.044736e-01 3.840123e-01 3.954157e-01 7.439649e-01 1.678425e+00 4.657083e+00 7.492280e+00 1.765296e+00 7.869309e-01 5.673334e-01 3.325938e-01 2.635138e-01 2.047858e-01 1.499475e-01 1.208225e-01 1.038473e-01 7.317667e-02 5.963965e-02 4.805613e-02 3.777354e-02 2.942629e-02 2.597530e-02 1.897487e-02 1.596285e-02 1.220409e-02 9.795756e-03
5.517346e-01 5.455247e-01 5.126928e-01 5.273140e-01 4.533316e-01 4.492584e-01 4.663369e-01 7.357828e-01 1.194091e+00 3.244630e+00 6.984882e+00 7.828260e+00 1.687045e+00 8.343832e-01 4.732607e-01 3.148300e-01 2.427929e-01 1.905338e-01 1.536078e-01 1.182892e-01 9.292850e-02 7.408664e-02 6.041250e-02 4.623748e-02 3.776613e-02 3.071190e-02 2.311137e-02 2.013006e-02 1.412992e-02 1.329109e-02
5.774000e-01 5.838659e-01 5.838713e-01 5.596111e-01 5.560908e-01 5.292164e-01 5.159275e-01 5.890863e-01 1.033437e+00 1.798688e+00 6.010604e+00 7.899479e+00 4.514564e+00 1.377596e+00 6.605195e-01 4.633745e-01 3.454275e-01 2.451537e-01 2.033744e-01 1.564209e-01 1.244165e-01 9.491020e-02 7.376185e-02 5.423976e-02 4.684210e-02 3.697362e-02 3.097217e-02 2.349747e-02 1.940634e-02 1.563806e-02
5.983838e-01 6.163993e-01 6.275591e-01 6.474037e-01 6.219379e-01 6.124221e-01 6.020404e-01 6.474763e-01 9.038811e-01 1.691432e+00 4.132013e+00 6.654872e+00 7.634813e+00 2.007637e+00 1.006940e+00 6.509299e-01 3.826838e-01 3.231756e-01 2.510470e-01 2.007431e-01 1.483861e-01 1.202853e-01 9.656522e-02 7.406397e-02 5.913617e-02 4.486064e-02 3.907344e-02 2.765617e-02 2.437584e-02 1.987785e-02
6.452227e-01 6.704904e-01 6.620146e-01 7.085310e-01 6.863825e-01 6.978787e-01 7.293769e-01 6.939681e-01 8.578122e-01 1.168064e+00 2.647482e+00 6.378068e+00 7.289936e+00 7.601323e+00 1.905978e+00 9.267685e-01 6.535778e-01 4.253863e-01 3.276566e-01 2.779579e-01 2.058084e-01 1.586137e-01 1.218659e-01 8.932686e-02 7.503879e-02 6.068763e-02 4.678843e-02 3.800634e-02 3.037373e-02 2.487000e-02
7.225359e-01 7.411542e-01 7.604883e-01 7.659464e-01 7.940372e-01 7.985860e-01 8.048042e-01 8.135207e-01 8.917104e-01 1.140088e+00 1.993894e+00 5.121064e+00 6.579270e+00 7.865348e+00 4.208419e+00 1.849429e+00 1.002698e+00 5.924841e-01 4.374458e-01 3.208709e-01 2.437180e-01 1.807187e-01 1.629046e-01 1.314653e-01 1.026931e-01 7.507766e-02 5.906825e-02 4.768328e-02 3.863011e-02 3.362384e-02
8.629483e-01 8.783808e-01 8.826438e-01 8.962716e-01 9.728966e-01 9.340723e-01 9.527455e-01 9.571967e-01 9.822879e-01 1.101663e+00 1.330899e+00 2.736107e+00 5.788831e+00 7.044394e+00 7.319060e+00 6.961126e+00 1.492728e+00 8.820084e-01 6.079327e-01 4.739478e-01 3.174425e-01 2.481308e-01 1.927931e-01 1.666630e-01 1.302623e-01 9.415571e-02 7.934625e-02 6.055221e-02 4.874931e-02 3.989207e-02
1.078858e+00 1.008957e+00 1.090973e+00 1.103241e+00 1.117769e+00 1.171431e+00 1.145450e+00 1.164556e+00 1.180580e+00 1.258622e+00 1.451275e+00 1.866878e+00 3.693602e+00 6.048647e+00 7.091248e+00 7.999942e+00 4.780382e+00 1.930980e+00 9.118471e-01 6.345944e-01 5.151890e-01 3.236075e-01 2.601783e-01 1.900457e-01 1.522424e-01 1.145891e-01 9.360102e-02 7.300708e-02 6.155133e-02 4.994339e-02
1.380845e+00 1.387215e+00 1.389390e+00 1.399217e+00 1.350626e+00 1.360426e+00 1.479451e+00 1.436627e+00 1.441188e+00 1.470468e+00 1.550130e+00 1.763586e+00 2.357998e+00 5.091850e+00 6.821195e+00 7.051058e+00 8.008299e+00 3.646473e+00 2.039620e+00 9.572669e-01 5.553281e-01 4.314830e-01 3.220334e-01 2.480502e-01 1.980972e-01 1.591943e-01 1.262322e-01 9.598908e-02 7.777552e-02 6.255622e-02
1.921454e+00 1.776776e+00 1.777982e+00 1.644746e+00 1.647402e+00 1.788070e+00 1.793481e+00 1.938773e+00 1.746294e+00 1.820387e+00 1.968681e+00 1.912724e+00 2.081352e+00 2.576548e+00 5.464810e+00 6.678005e+00 7.685323e+00 7.672506e+00 3.964445e+00 1.735580e+00 8.651882e-01 6.059728e-01 4.564201e-01 3.234984e-01 2.343153e-01 1.999229e-01 1.500977e-01 1.216669e-01 9.921591e-02 8.033968e-02
2.381167e+00 2.228299e+00 2.228883e+00 2.382620e+00 2.307575e+00 2.232200e+00 2.236146e+00 2.239118e+00 2.245505e+00 2.329760e+00 2.193530e+00 2.437748e+00 2.227156e+00 2.575106e+00 3.379287e+00 5.601958e+00 6.951557e+00 7.409420e+00 7.983300e+00 4.382379e+00 1.488325e+00 9.081781e-01 5.912547e-01 4.617466e-01 3.335875e-01 2.493794e-01 1.908198e-01 1.560279e-01 1.247613e-01 1.016720e-01
2.671223e+00 2.800971e+00 2.671663e+00 2.531556e+00 2.673535e+00 2.675253e+00 2.678069e+00 2.682613e+00 2.813220e+00 2.627668e+00 2.831845e+00 2.726989e+00 2.765087e+00 2.949291e+00 3.058454e+00 3.316525e+00 5.643555e+00 6.997981e+00 7.405354e+00 7.945520e+00 4.647838e+00 1.303593e+00 8.284102e-01 6.572807e-01 4.462548e-01 3.387465e-01 2.652169e-01 1.994472e-01 1.706730e-01 1.278968e-01
3.012644e+00 3.052219e+00 3.052517e+00 3.013948e+00 3.005310e+00 3.016220e+00 3.056782e+00 3.022873e+00 3.029666e+00 3.040692e+00 3.062354e+00 2.992002e+00 3.107978e+00 3.225361e+00 3.304520e+00 3.516441e+00 4.073498e+00 6.279191e+00 7.085218e+00 7.397754e+00 8.076096e+00 2.822956e+00 1.736109e+00 8.117010e-01 5.535548e-01 4.513569e-01 3.492608e-01 2.571112e-01 2.011990e-01 1.513733e-01
3.192142e+00 3.151139e+00 3.204917e+00 3.193171e+00 3.194097e+00 3.195898e+00 3.197308e+00 3.200786e+00 3.204562e+00 3.217622e+00 3.237195e+00 3.244087e+00 3.300546e+00 3.351366e+00 3.421634e+00 3.589129e+00 3.894509e+00 4.711771e+00 5.677749e+00 7.033653e+00 7.508796e+00 8.054987e+00 6.211246e+00 1.949164e+00 9.242279e-01 6.778434e-01 3.943190e-01 3.167349e-01 2.521077e-01 2.083032e-01
3.209175e+00 3.209288e+00 3.223388e+00 3.210202e+00 3.217571e+00 3.211580e+00 3.227068e+00 3.231642e+00 3.221579e+00 3.233266e+00 3.246755e+00 3.264940e+00 3.258428e+00 3.349027e+00 3.396550e+00 3.533119e+00 3.716099e+00 4.035273e+00 4.897968e+00 6.264119e+00 7.033821e+00 7.315643e+00 7.984651e+00 4.832217e+00 1.645144e+00 1.063861e+00 6.570495e-01 4.943804e-01 3.460960e-01 2.690606e-01
3.122882e+00 3.083671e+00 3.123258e+00 3.123641e+00 3.084871e+00 3.124497e+00 3.125455e+00 3.127548e+00 3.111825e+00 3.133953e+00 3.148733e+00 3.159686e+00 3.210786e+00 3.191766e+00 3.281822e+00 3.319237e+00 3.490743e+00 3.688466e+00 4.031825e+00 5.028117e+00 6.332574e+00 7.013662e+00 7.450500e+00 7.584348e+00 5.072948e+00 3.169528e+00 1.207279e+00 7.135358e-01 5.115850e-01 3.722888e-01
2.973390e+00 2.996954e+00 2.973595e+00 2.996334e+00 3.020252e+00 2.998332e+00 2.999993e+00 3.000488e+00 3.026042e+00 3.008281e+00 3.016916e+00 3.027372e+00 3.012173e+00 3.050082e+00 3.062041e+00 3.136397e+00 3.271532e+00 3.378386e+00 3.508933e+00 3.867405e+00 4.969381e+00 6.429927e+00 6.924961e+00 7.366576e+00 8.018900e+00 5.583066e+00 2.035138e+00 1.108426e+00 7.337267e-01 5.264354e-01
2.851604e+00 2.851668e+00 2.901559e+00 2.901717e+00 2.877270e+00 2.877554e+00 2.853949e+00 2.855492e+00 2.805371e+00 2.858482e+00 2.866559e+00 2.848149e+00 2.888466e+00 2.860448e+00 2.935610e+00 2.961769e+00 3.039659e+00 3.168707e+00 3.347877e+00 3.532641e+00 3.860191e+00 4.756895e+00 6.509036e+00 6.904950e+00 7.396083e+00 7.605678e+00 5.724895e+00 2.266313e+00 1.174254e+00 8.707489e-01
2.697498e+00 2.697573e+00 2.697704e+00 2.697750e+00 2.698105e+00 2.698473e+00 2.725307e+00 2.700681e+00 2.727536e+00 2.651860e+00 2.710591e+00 2.739013e+00 2.700628e+00 2.732091e+00 2.775932e+00 2.784980e+00 2.819400e+00 2.922081e+00 3.034921e+00 3.256589e+00 3.485414e+00 3.919849e+00 4.309087e+00 6.916744e+00 7.033250e+00 7.451589e+00 8.077042e+00 5.314640e+00 1.869261e+00 1.503296e+00
2.540755e+00 2.540828e+00 2.540938e+00 2.541129e+00 2.541196e+00 2.541581e+00 2.542370e+00 2.490898e+00 2.544071e+00 2.519657e+00 2.549838e+00 2.530899e+00 2.536177e+00 2.606225e+00 2.594294e+00 2.683637e+00 2.667617e+00 2.804057e+00 2.845543e+00 2.944528e+00 3.101388e+00 3.470878e+00 3.849554e+00 4.805412e+00 6.454022e+00 7.012346e+00 7.415208e+00 7.964276e+00 8.130195e+00 2.033418e+00
2.385702e+00 2.385743e+00 2.385824e+00 2.385965e+00 2.386175e+00 2.412067e+00 2.438145e+00 2.362244e+00 2.388710e+00 2.391000e+00 2.393773e+00 2.448249e+00 2.407046e+00 2.413804e+00 2.437839e+00 2.503884e+00 2.507964e+00 2.543378e+00 2.645931e+00 2.749458e+00 2.922060e+00 3.245256e+00 3.404213e+00 3.889914e+00 4.461117e+00 5.794468e+00 7.113415e+00 7.385129e+00 7.859961e+00 7.312922e+00
2.235381e+00 2.235438e+00 2.235502e+00 2.235562e+00 2.260479e+00 2.235884e+00 2.236629e+00 2.237052e+00 2.237781e+00 2.239319e+00 2.242815e+00 2.247461e+00 2.249259e+00 2.286979e+00 2.297321e+00 2.306295e+00 2.333864e+00 2.332526e+00 2.455732e+00 2.582976e+00 2.688972e+00 2.856819e+00 3.103273e+00 3.515787e+00 4.015007e+00 4.500157e+00 6.373289e+00 7.042607e+00 7.343177e+00 7.762701e+00
2.091630e+00 2.091673e+00 2.045429e+00 2.115360e+00 2.139040e+00 2.092191e+00 2.092443e+00 2.140072e+00 2.093570e+00 2.118717e+00 2.051490e+00 2.099567e+00 2.103671e+00 2.115597e+00 2.127663e+00 2.170625e+00 2.182517e+00 2.224383e+00 2.316299e+00 2.317679e+00 2.485615e+00 2.699188e+00 2.818636e+00 3.111040e+00 3.377028e+00 3.855683e+00 4.666699e+00 6.941170e+00 7.014897e+00 7.366061e+00
1.955159e+00 1.955194e+00 1.999897e+00 1.977658e+00 1.933526e+00 1.933673e+00 1.955868e+00 2.000983e+00 1.957417e+00 1.958611e+00 1.959132e+00 1.962634e+00 1.965713e+00 1.976169e+00 1.982749e+00 2.009063e+00 2.025184e+00 2.071516e+00 2.088126e+00 2.178679e+00 2.328227e+00 2.394966e+00 2.634080e+00 2.784201e+00 3.049836e+00 3.344618e+00 3.712232e+00 4.597521e+00 6.607097e+00 7.072947e+00
1.868232e+00 1.826016e+00 1.826436e+00 1.826124e+00 1.826186e+00 1.805660e+00 1.785309e+00 1.826951e+00 1.827710e+00 1.828280e+00 1.831335e+00 1.854860e+00 1.838304e+00 1.882955e+00 1.850421e+00 1.890031e+00 1.906186e+00 1.929063e+00 1.944838e+00 2.010912e+00 2.085703e+00 2.272768e+00 2.433329e+00 2.533349e+00 2.865162e+00 3.022359e+00 3.314063e+00 3.805009e+00 4.473896e+00 7.172989e+00
1.684276e+00 1.743823e+00 1.703920e+00 1.664836e+00 1.724055e+00 1.684625e+00 1.744337e+00 1.704732e+00 1.705529e+00 1.706593e+00 1.707244e+00 1.709369e+00 1.714882e+00 1.720503e+00 1.766463e+00 1.777754e+00 1.733908e+00 1.765299e+00 1.828963e+00 1.901597e+00 1.961601e+00 2.094396e+00 2.185900e+00 2.403452e+00 2.559029e+00 2.833648e+00 3.063370e+00 3.257577e+00 3.765555e+00 4.317438e+00
1.626253e+00 1.607444e+00 1.588647e+00 1.588699e+00 1.607624e+00 1.626543e+00 1.626708e+00 1.589628e+00 1.627511e+00 1.628470e+00 1.592892e+00 1.595130e+00 1.597862e+00 1.638045e+00 1.608257e+00 1.658947e+00 1.682381e+00 1.682500e+00 1.749816e+00 1.776530e+00 1.854600e+00 1.931728e+00 2.051006e+00 2.239834e+00 2.380150e+00 2.535512e+00 2.804562e+00 3.090179e+00 3.334714e+00 3.847778e+00
