# ngamma, nT
50 30
# T_centers_log10(K): 
1.100000e+00 1.300000e+00 1.500000e+00 1.700000e+00 1.900000e+00 2.100000e+00 2.300000e+00 2.500000e+00 2.700000e+00 2.900000e+00 3.100000e+00 3.300000e+00 3.500000e+00 3.700000e+00 3.900000e+00 4.100000e+00 4.300000e+00 4.500000e+00 4.700000e+00 4.900000e+00 5.100000e+00 5.300000e+00 5.500000e+00 5.700000e+00 5.900000e+00 6.100000e+00 6.300000e+00 6.500000e+00 6.700000e+00 6.900000e+00
# gamma_centers_log10(K**0.5 cm**-3):
-4.000000e+00 -3.795918e+00 -3.591837e+00 -3.387755e+00 -3.183673e+00 -2.979592e+00 -2.775510e+00 -2.571429e+00 -2.367347e+00 -2.163265e+00 -1.959184e+00 -1.755102e+00 -1.551020e+00 -1.346939e+00 -1.142857e+00 -9.387755e-01 -7.346939e-01 -5.306122e-01 -3.265306e-01 -1.224490e-01 8.163265e-02 2.857143e-01 4.897959e-01 6.938776e-01 8.979592e-01 1.102041e+00 1.306122e+00 1.510204e+00 1.714286e+00 1.918367e+00 2.122449e+00 2.326531e+00 2.530612e+00 2.734694e+00 2.938776e+00 3.142857e+00 3.346939e+00 3.551020e+00 3.755102e+00 3.959184e+00 4.163265e+00 4.367347e+00 4.571429e+00 4.775510e+00 4.979592e+00 5.183673e+00 5.387755e+00 5.591837e+00 5.795918e+00 6.000000e+00
# Columns: median values for each T bin from left to right
1.414573e+00 6.960710e-01 1.950322e-01 4.526215e-02 2.168068e-02 1.244435e-02 7.652723e-03 5.450048e-03 3.704258e-03 3.111369e-03 2.341527e-03 1.781989e-03 1.427412e-03 1.067505e-03 8.613912e-04 6.918119e-04 5.822190e-04 3.968524e-04 3.309501e-04 2.787728e-04 2.117087e-04 1.590239e-04 1.247363e-04 1.055919e-04 7.987207e-05 6.959126e-05 5.269822e-05 3.974678e-05 3.471611e-05 2.627847e-05
1.177431e+00 2.491303e+01 4.228900e-01 6.953678e-02 2.484807e-02 1.569216e-02 8.931806e-03 6.713212e-03 4.384046e-03 3.631342e-03 2.621110e-03 2.082684e-03 1.669301e-03 1.249343e-03 1.005344e-03 8.181388e-04 6.623858e-04 5.380096e-04 3.891106e-04 3.167972e-04 2.470886e-04 2.005088e-04 1.566915e-04 1.373771e-04 9.927263e-05 7.576774e-05 6.198227e-05 4.824520e-05 4.051774e-05 3.300770e-05
1.037212e+00 2.581474e+01 5.522196e-01 9.042573e-02 3.716723e-02 2.137974e-02 1.183357e-02 7.821682e-03 6.075234e-03 4.428520e-03 3.306805e-03 2.526548e-03 1.952172e-03 1.579600e-03 1.361251e-03 1.028147e-03 7.785497e-04 6.309159e-04 4.734822e-04 4.102379e-04 3.315159e-04 2.528160e-04 2.036184e-04 1.652826e-04 1.176797e-04 9.553345e-05 8.313358e-05 6.343268e-05 5.108769e-05 3.991808e-05
9.770306e-01 3.179866e+01 8.823631e-01 9.876230e-02 4.027426e-02 2.495677e-02 1.534285e-02 1.042100e-02 7.197788e-03 5.735168e-03 4.176939e-03 3.306471e-03 2.639343e-03 1.991677e-03 1.598487e-03 1.283645e-03 1.045749e-03 7.841125e-04 6.634009e-04 5.567256e-04 3.958234e-04 3.315723e-04 2.587273e-04 1.974532e-04 1.602985e-04 1.242905e-04 1.013310e-04 7.403331e-05 6.441506e-05 5.396047e-05
1.221772e+00 2.375409e+01 2.172016e+00 1.156714e-01 6.349401e-02 3.401321e-02 1.881702e-02 1.314040e-02 1.034624e-02 7.231456e-03 5.487245e-03 4.184005e-03 3.461558e-03 2.511257e-03 2.170586e-03 1.518043e-03 1.318557e-03 1.068087e-03 8.042782e-04 7.019601e-04 5.522339e-04 3.734752e-04 3.043106e-04 2.549005e-04 2.021160e-04 1.628104e-04 1.321657e-04 9.632483e-05 8.122116e-05 6.541002e-05
5.429870e-01 1.293607e+01 8.014368e-01 2.195102e-01 8.024773e-02 3.971398e-02 2.406582e-02 1.657005e-02 1.180624e-02 9.587695e-03 6.634747e-03 5.260370e-03 4.533159e-03 3.157692e-03 2.540982e-03 2.054101e-03 1.662533e-03 1.255570e-03 1.058446e-03 8.583471e-04 6.197876e-04 5.048441e-04 3.975106e-04 3.090684e-04 2.528676e-04 1.975970e-04 1.666441e-04 1.271530e-04 1.024070e-04 8.031215e-05
9.493446e-01 1.488555e+01 7.542137e-01 1.957944e-01 9.132486e-02 4.488156e-02 2.920809e-02 2.027849e-02 1.275495e-02 1.071297e-02 8.694085e-03 6.628151e-03 4.914414e-03 4.278340e-03 3.440545e-03 2.493257e-03 1.821441e-03 1.698048e-03 1.334566e-03 9.633415e-04 8.378943e-04 6.414477e-04 5.186277e-04 4.210007e-04 3.188338e-04 2.691588e-04 1.967649e-04 1.484023e-04 1.242877e-04 1.089667e-04
8.139763e-01 4.845394e+00 9.956534e+00 3.112610e-01 1.026868e-01 5.854985e-02 3.444989e-02 2.367087e-02 1.762091e-02 1.350860e-02 1.096262e-02 8.357469e-03 6.221413e-03 4.993353e-03 3.901118e-03 3.527968e-03 2.661588e-03 2.075820e-03 1.563511e-03 1.354790e-03 1.056478e-03 7.995260e-04 6.539234e-04 4.785683e-04 3.869577e-04 3.498464e-04 2.628854e-04 2.005972e-04 1.634333e-04 1.331368e-04
4.998693e-01 6.548940e+00 2.615839e+01 3.147259e-01 1.529713e-01 7.998784e-02 4.022428e-02 3.324274e-02 2.616482e-02 1.840375e-02 1.435744e-02 1.053814e-02 9.087435e-03 6.531878e-03 5.063123e-03 4.131320e-03 3.230498e-03 2.422726e-03 2.188029e-03 1.654552e-03 1.247117e-03 1.023692e-03 8.309194e-04 6.444226e-04 5.476004e-04 4.114971e-04 3.314650e-04 2.536828e-04 2.217687e-04 1.678685e-04
6.079474e-01 2.417730e+00 1.888692e+01 6.095780e-01 1.689778e-01 1.053926e-01 6.187032e-02 4.019342e-02 3.054494e-02 2.320941e-02 1.678803e-02 1.333575e-02 1.145865e-02 8.554225e-03 6.222104e-03 5.191778e-03 4.202052e-03 2.958803e-03 2.582031e-03 2.086182e-03 1.679591e-03 1.194768e-03 1.114481e-03 8.439108e-04 5.962104e-04 5.228903e-04 4.244595e-04 3.418815e-04 2.588298e-04 2.084491e-04
3.685964e-01 1.672830e+00 3.133683e+01 6.566481e-01 2.312711e-01 1.284105e-01 7.374500e-02 5.136676e-02 4.199877e-02 3.162949e-02 1.956059e-02 1.675636e-02 1.247249e-02 1.073395e-02 8.148447e-03 6.590006e-03 5.261990e-03 4.291817e-03 3.255624e-03 2.630416e-03 2.125786e-03 1.731427e-03 1.320996e-03 1.024231e-03 8.638277e-04 6.516657e-04 5.692946e-04 4.021039e-04 3.288638e-04 2.628277e-04
2.841832e-01 1.351709e+00 1.622162e+01 1.988205e+00 3.021688e-01 1.447991e-01 1.040582e-01 6.000812e-02 4.753956e-02 3.680662e-02 2.670108e-02 1.962875e-02 1.626485e-02 1.353506e-02 1.024281e-02 8.200540e-03 6.680598e-03 5.081861e-03 4.074846e-03 3.556442e-03 2.670224e-03 1.899445e-03 1.665610e-03 1.395168e-03 1.016063e-03 9.231890e-04 6.246282e-04 5.070141e-04 4.146553e-04 3.114767e-04
2.358574e-01 1.263891e+00 7.846308e+00 2.067262e+00 4.899645e-01 2.093302e-01 1.219207e-01 8.319039e-02 6.488155e-02 5.002777e-02 3.650939e-02 3.111241e-02 2.403219e-02 1.724058e-02 1.395360e-02 1.047748e-02 8.136548e-03 6.361444e-03 5.119056e-03 4.484253e-03 3.527747e-03 2.587357e-03 2.100125e-03 1.704904e-03 1.243128e-03 1.044098e-03 8.442833e-04 6.873601e-04 5.148644e-04 4.194476e-04
1.944011e-01 9.169419e-01 2.328301e+00 3.457406e+01 6.164421e-01 2.700916e-01 1.731966e-01 1.094770e-01 7.892465e-02 6.874889e-02 4.588197e-02 3.638977e-02 2.908305e-02 2.325490e-02 1.765028e-02 1.408636e-02 1.151512e-02 8.079456e-03 7.024502e-03 5.696473e-03 4.342882e-03 3.366537e-03 3.043110e-03 2.149599e-03 1.621646e-03 1.405740e-03 1.068670e-03 8.707811e-04 7.067342e-04 5.757396e-04
1.848400e-01 7.126464e-01 2.329430e+00 1.572088e+01 9.397312e-01 3.556106e-01 1.952533e-01 1.390067e-01 9.731980e-02 7.983830e-02 6.261101e-02 4.583617e-02 3.409029e-02 2.933081e-02 2.390016e-02 1.787952e-02 1.437041e-02 1.136316e-02 8.198556e-03 7.129280e-03 5.804620e-03 4.113420e-03 3.579346e-03 2.731537e-03 2.548169e-03 1.786290e-03 1.461335e-03 1.133273e-03 8.311910e-04 7.176504e-04
1.879088e-01 8.747148e-01 1.348249e+00 3.968710e+01 1.575124e+00 6.172240e-01 2.638278e-01 1.677338e-01 1.447965e-01 9.402507e-02 7.919811e-02 5.786505e-02 4.613432e-02 3.459033e-02 2.694167e-02 2.269881e-02 1.688901e-02 1.387831e-02 1.120978e-02 9.418238e-03 7.071755e-03 5.560321e-03 4.875512e-03 3.663539e-03 2.588130e-03 2.234851e-03 1.814237e-03 1.395069e-03 1.123566e-03 9.188075e-04
2.261988e-01 4.525663e-01 1.066120e+00 6.873336e+00 4.379153e+01 6.827541e-01 3.288665e-01 2.284058e-01 1.702599e-01 1.290438e-01 1.043426e-01 7.315562e-02 5.856501e-02 4.691979e-02 3.541385e-02 2.825348e-02 2.317223e-02 1.725000e-02 1.355917e-02 1.137745e-02 8.639910e-03 6.489613e-03 5.308110e-03 4.637151e-03 3.749875e-03 2.839934e-03 2.305323e-03 1.738811e-03 1.321428e-03 1.149682e-03
2.748485e-01 3.621434e-01 1.097202e+00 7.964467e+00 4.311845e+01 1.504785e+00 4.658736e-01 3.043177e-01 2.224345e-01 1.658105e-01 1.172914e-01 1.000342e-01 7.120871e-02 5.894739e-02 4.440816e-02 3.575773e-02 2.922647e-02 2.207022e-02 1.775888e-02 1.440013e-02 1.159276e-02 8.840211e-03 7.230671e-03 5.433165e-03 4.410749e-03 3.566853e-03 2.895507e-03 2.200875e-03 1.914980e-03 1.438557e-03
3.073289e-01 4.163915e-01 8.459273e-01 3.106732e+00 4.288532e+01 1.989183e+00 7.524691e-01 4.056417e-01 2.783607e-01 2.104147e-01 1.488533e-01 1.223281e-01 1.006951e-01 7.466054e-02 5.588938e-02 4.860117e-02 3.661268e-02 2.773515e-02 2.256195e-02 1.822729e-02 1.461815e-02 1.114689e-02 9.036378e-03 7.286944e-03 5.604893e-03 4.514858e-03 3.418862e-03 2.692508e-03 2.414550e-03 1.813839e-03
3.663703e-01 4.153546e-01 9.352608e-01 1.381329e+00 3.176930e+01 1.168784e+01 1.431769e+00 5.359274e-01 3.962822e-01 2.607634e-01 1.902319e-01 1.491435e-01 1.138782e-01 8.799183e-02 6.837895e-02 5.714563e-02 4.588238e-02 3.485937e-02 2.824664e-02 2.204296e-02 1.719190e-02 1.512748e-02 1.149623e-02 8.638316e-03 7.067186e-03 6.102451e-03 4.344234e-03 3.526021e-03 2.818066e-03 2.149580e-03
4.307459e-01 4.657236e-01 6.289146e-01 1.056696e+00 6.155068e+00 4.354949e+01 3.088078e+00 8.460500e-01 5.072999e-01 3.576979e-01 2.447468e-01 1.904945e-01 1.504802e-01 1.114511e-01 9.628150e-02 6.722428e-02 5.812476e-02 4.382666e-02 3.589685e-02 2.866861e-02 2.184675e-02 1.758929e-02 1.449641e-02 1.128398e-02 8.842016e-03 6.909160e-03 5.872063e-03 4.377906e-03 3.868276e-03 3.127268e-03
4.976072e-01 5.093670e-01 5.685272e-01 1.182218e+00 3.369472e+00 3.898248e+01 4.530198e+01 1.420916e+00 7.786960e-01 5.437208e-01 3.194763e-01 2.670779e-01 1.922459e-01 1.423617e-01 1.134419e-01 9.130364e-02 7.420973e-02 5.552531e-02 4.823240e-02 3.616496e-02 2.954427e-02 2.235270e-02 1.820988e-02 1.590647e-02 1.114950e-02 9.050742e-03 6.906659e-03 5.520043e-03 4.840133e-03 3.677909e-03
5.948321e-01 5.892484e-01 6.531264e-01 1.024005e+00 2.757451e+00 9.347811e+00 4.466456e+01 5.701554e+00 1.483909e+00 6.997136e-01 4.761446e-01 3.203815e-01 2.466442e-01 1.810965e-01 1.330115e-01 1.252554e-01 9.387198e-02 7.039082e-02 5.654896e-02 4.597764e-02 3.600569e-02 2.841003e-02 2.269971e-02 1.930756e-02 1.394970e-02 1.132401e-02 9.192365e-03 6.535098e-03 5.479446e-03 4.655127e-03
6.890522e-01 6.838809e-01 7.039429e-01 8.983556e-01 1.540763e+00 3.646703e+00 3.974417e+01 4.519232e+01 3.107072e+00 1.341390e+00 5.938843e-01 3.875974e-01 2.951712e-01 2.513726e-01 1.772380e-01 1.475214e-01 1.181241e-01 8.868516e-02 7.223678e-02 6.227216e-02 4.402199e-02 3.583846e-02 2.885246e-02 2.262255e-02 1.759081e-02 1.548701e-02 1.128599e-02 9.481293e-03 7.233035e-03 5.802723e-03
7.904839e-01 7.933002e-01 7.817828e-01 8.951959e-01 1.291703e+00 2.201755e+00 1.553610e+01 4.309681e+01 4.604657e+01 2.457721e+00 8.910382e-01 6.704844e-01 4.308316e-01 3.304691e-01 2.380862e-01 1.741238e-01 1.390574e-01 1.115134e-01 9.136085e-02 7.083640e-02 5.578229e-02 4.453041e-02 3.625674e-02 2.765422e-02 2.253205e-02 1.828857e-02 1.373995e-02 1.195533e-02 8.377450e-03 7.874230e-03
9.218017e-01 9.323226e-01 9.519874e-01 9.996903e-01 1.156586e+00 1.607151e+00 4.895695e+00 3.555739e+01 4.377897e+01 4.542641e+01 1.630216e+00 8.349323e-01 5.981195e-01 4.366908e-01 3.077724e-01 2.415412e-01 1.904157e-01 1.416294e-01 1.196035e-01 9.310862e-02 7.445318e-02 5.686779e-02 4.420224e-02 3.241040e-02 2.797907e-02 2.202780e-02 1.843110e-02 1.395399e-02 1.149999e-02 9.261159e-03
1.111768e+00 1.125609e+00 1.141014e+00 1.230248e+00 1.242273e+00 1.428846e+00 2.368135e+00 8.459539e+00 3.993223e+01 4.444030e+01 1.168983e+01 2.474163e+00 9.097950e-01 5.499065e-01 4.074843e-01 3.172603e-01 2.108560e-01 1.834656e-01 1.459766e-01 1.184500e-01 8.841816e-02 7.183950e-02 5.775666e-02 4.418780e-02 3.529430e-02 2.671509e-02 2.324392e-02 1.641320e-02 1.444574e-02 1.176703e-02
1.398115e+00 1.464463e+00 1.315765e+00 1.537764e+00 1.410803e+00 1.530282e+00 1.806535e+00 3.425491e+00 1.736505e+01 3.965829e+01 4.413993e+01 6.499826e+00 1.655915e+00 9.454131e-01 5.643061e-01 3.994145e-01 3.224430e-01 2.321309e-01 1.863499e-01 1.607329e-01 1.212436e-01 9.417611e-02 7.268201e-02 5.326111e-02 4.470889e-02 3.612980e-02 2.777208e-02 2.253558e-02 1.800767e-02 1.472495e-02
1.796632e+00 1.801539e+00 1.807730e+00 1.809906e+00 1.833075e+00 1.845493e+00 1.907048e+00 2.236840e+00 3.606232e+00 2.748591e+01 4.244618e+01 4.579766e+01 6.996770e+00 1.400420e+00 7.800594e-01 5.809187e-01 4.306503e-01 3.043479e-01 2.397090e-01 1.832423e-01 1.422580e-01 1.067717e-01 9.641779e-02 7.802204e-02 6.100470e-02 4.457880e-02 3.503297e-02 2.827320e-02 2.288496e-02 1.990846e-02
2.329431e+00 2.331272e+00 2.331857e+00 2.334066e+00 2.544782e+00 2.348156e+00 2.382677e+00 2.399196e+00 2.529749e+00 5.897736e+00 2.239764e+01 4.250607e+01 4.565446e+01 3.902416e+00 1.491671e+00 1.009319e+00 5.445755e-01 4.040603e-01 3.122684e-01 2.567646e-01 1.814826e-01 1.445262e-01 1.133720e-01 9.835218e-02 7.708758e-02 5.583620e-02 4.703391e-02 3.585483e-02 2.886391e-02 2.359726e-02
3.006329e+00 2.763796e+00 3.007129e+00 3.008330e+00 3.010609e+00 3.143480e+00 3.019208e+00 3.038530e+00 3.060682e+00 3.321055e+00 5.942819e+00 3.510279e+01 4.239115e+01 4.448219e+01 7.610982e+00 1.238675e+00 8.926833e-01 6.197530e-01 4.156474e-01 3.234739e-01 2.749826e-01 1.844540e-01 1.504474e-01 1.115271e-01 8.980649e-02 6.778161e-02 5.536742e-02 4.320710e-02 3.641247e-02 2.953597e-02
3.847709e+00 3.848186e+00 3.848398e+00 3.849698e+00 3.700427e+00 3.702760e+00 4.017027e+00 3.864769e+00 3.868051e+00 3.891313e+00 4.006595e+00 5.788189e+00 3.481159e+01 4.309889e+01 4.741883e+01 1.116225e+01 1.625344e+00 8.101014e-01 6.417874e-01 4.300532e-01 2.915480e-01 2.371762e-01 1.830285e-01 1.433738e-01 1.156018e-01 9.342682e-02 7.444161e-02 5.667300e-02 4.594620e-02 3.697551e-02
5.260177e+00 4.876304e+00 4.876598e+00 4.513763e+00 4.514525e+00 4.880691e+00 4.884101e+00 5.272042e+00 4.717887e+00 4.908699e+00 5.306238e+00 4.995496e+00 5.819118e+00 3.419315e+01 4.311395e+01 4.550935e+01 2.418298e+00 1.452870e+00 8.509599e-01 5.984714e-01 4.025225e-01 3.115605e-01 2.475464e-01 1.829484e-01 1.355677e-01 1.165283e-01 8.808939e-02 7.159250e-02 5.845387e-02 4.738102e-02
6.509320e+00 6.081385e+00 6.081934e+00 6.511386e+00 6.299025e+00 6.085971e+00 6.091806e+00 6.096513e+00 6.107040e+00 6.337471e+00 5.931663e+00 6.615167e+00 5.847312e+00 7.264915e+00 3.834927e+01 4.280465e+01 4.472709e+01 4.327458e+00 1.486037e+00 8.964674e-01 5.538177e-01 4.146086e-01 3.048694e-01 2.496985e-01 1.875590e-01 1.434909e-01 1.111334e-01 9.125243e-02 7.328083e-02 5.982039e-02
7.369366e+00 7.782930e+00 7.370357e+00 6.943259e+00 7.374712e+00 7.378767e+00 7.385450e+00 7.396247e+00 7.816766e+00 7.211694e+00 7.863548e+00 7.498469e+00 7.585342e+00 8.148647e+00 8.403825e+00 2.791506e+01 4.260507e+01 4.652444e+01 5.268320e+00 1.910544e+00 9.248505e-01 5.144016e-01 3.887259e-01 3.291940e-01 2.413257e-01 1.899134e-01 1.517425e-01 1.156204e-01 9.949589e-02 7.500295e-02
8.523088e+00 8.678028e+00 8.678907e+00 8.526857e+00 8.506708e+00 8.533427e+00 8.691567e+00 8.552648e+00 8.572240e+00 8.603965e+00 8.666028e+00 8.376997e+00 8.795549e+00 9.235928e+00 9.334915e+00 1.009725e+01 3.753327e+01 4.325693e+01 4.512248e+01 7.178898e+00 1.772862e+00 7.386894e-01 5.940568e-01 3.817536e-01 2.873940e-01 2.434201e-01 1.947106e-01 1.469249e-01 1.165367e-01 8.839784e-02
9.289113e+00 9.089858e+00 9.367637e+00 9.292692e+00 9.295909e+00 9.302142e+00 9.307008e+00 9.318963e+00 9.331873e+00 9.376108e+00 9.441694e+00 9.464687e+00 9.713294e+00 9.725462e+00 1.014228e+01 1.071920e+01 1.182113e+01 3.985440e+01 4.208502e+01 4.583603e+01 4.501645e+00 1.475664e+00 1.040172e+00 6.237174e-01 4.147187e-01 3.343151e-01 2.161426e-01 1.779651e-01 1.440832e-01 1.202664e-01
9.593378e+00 9.600580e+00 9.588336e+00 9.596866e+00 9.596163e+00 9.601546e+00 9.604660e+00 9.610659e+00 9.635546e+00 9.662593e+00 9.672670e+00 9.745188e+00 9.838608e+00 1.004533e+01 1.022726e+01 1.074149e+01 1.162686e+01 1.301318e+01 3.965541e+01 4.280662e+01 4.564857e+01 2.898557e+01 2.128950e+00 9.313068e-01 5.734415e-01 4.506621e-01 3.263303e-01 2.609053e-01 1.922703e-01 1.529303e-01
9.475724e+00 9.395587e+00 9.477108e+00 9.478514e+00 9.399954e+00 9.481666e+00 9.485189e+00 9.492891e+00 9.466956e+00 9.516492e+00 9.571084e+00 9.611676e+00 9.738740e+00 9.749217e+00 1.007207e+01 1.024524e+01 1.089878e+01 1.173098e+01 1.334313e+01 3.956258e+01 4.259754e+01 4.528410e+01 7.115071e+00 2.412915e+00 9.295449e-01 7.599478e-01 4.847184e-01 3.450626e-01 2.678021e-01 2.047625e-01
9.156454e+00 9.207585e+00 9.157182e+00 9.206954e+00 9.259378e+00 9.212506e+00 9.218438e+00 9.220207e+00 9.280214e+00 9.248073e+00 9.279010e+00 9.316563e+00 9.294496e+00 9.398470e+00 9.505085e+00 9.714404e+00 1.022765e+01 1.071215e+01 1.125415e+01 1.291626e+01 3.600615e+01 4.241892e+01 4.456364e+01 1.075796e+01 1.935106e+00 9.681649e-01 6.280233e-01 4.596565e-01 3.515853e-01 2.737014e-01
8.897119e+00 8.897335e+00 8.994091e+00 8.994705e+00 8.948062e+00 8.949127e+00 8.905085e+00 8.910326e+00 8.806977e+00 8.920492e+00 8.947975e+00 8.918454e+00 9.022721e+00 8.991885e+00 9.173438e+00 9.272411e+00 9.548816e+00 1.001700e+01 1.064875e+01 1.148085e+01 1.307012e+01 2.530196e+01 4.229432e+01 4.386747e+01 1.048478e+01 3.362465e+00 9.716750e-01 6.561923e-01 4.743918e-01 3.946164e-01
8.580308e+00 8.580553e+00 8.580982e+00 8.581132e+00 8.582295e+00 8.583499e+00 8.639435e+00 8.590715e+00 8.646756e+00 8.494214e+00 8.623110e+00 8.684465e+00 8.621877e+00 8.693369e+00 8.836721e+00 8.896677e+00 9.009732e+00 9.353865e+00 9.755495e+00 1.045741e+01 1.145805e+01 1.361362e+01 1.658955e+01 4.321645e+01 4.537926e+01 7.150585e+00 1.824931e+00 9.366087e-01 6.014923e-01 5.412268e-01
8.252283e+00 8.252523e+00 8.252880e+00 8.253503e+00 8.253722e+00 8.254974e+00 8.257544e+00 8.146132e+00 8.263081e+00 8.211691e+00 8.280549e+00 8.248281e+00 8.265436e+00 8.435580e+00 8.425802e+00 8.656624e+00 8.661078e+00 9.052196e+00 9.227881e+00 9.592372e+00 1.008911e+01 1.149925e+01 1.334351e+01 3.381270e+01 4.221812e+01 4.498426e+01 9.162405e+00 2.063869e+00 1.262690e+00 6.237092e-01
7.906952e+00 7.907089e+00 7.907355e+00 7.907821e+00 7.908510e+00 7.967744e+00 8.027581e+00 7.854202e+00 7.916854e+00 7.924386e+00 7.933502e+00 8.060668e+00 7.977050e+00 7.999165e+00 8.076023e+00 8.241433e+00 8.303615e+00 8.416445e+00 8.716541e+00 9.060325e+00 9.633428e+00 1.066798e+01 1.131993e+01 1.377304e+01 2.063788e+01 4.163042e+01 4.566142e+01 1.078535e+01 2.519369e+00 1.099284e+00
7.549708e+00 7.549899e+00 7.550111e+00 7.550312e+00 7.610924e+00 7.551389e+00 7.553874e+00 7.555283e+00 7.557716e+00 7.562844e+00 7.574489e+00 7.589953e+00 7.595932e+00 7.698851e+00 7.732956e+00 7.784083e+00 7.874005e+00 7.908632e+00 8.264243e+00 8.660305e+00 9.013931e+00 9.519417e+00 1.025318e+01 1.186717e+01 1.467907e+01 2.102447e+01 4.211017e+01 4.540340e+01 1.169144e+01 2.460241e+00
7.187360e+00 7.187506e+00 7.066560e+00 7.248462e+00 7.309390e+00 7.189259e+00 7.190114e+00 7.312867e+00 7.193932e+00 7.259804e+00 7.087190e+00 7.214220e+00 7.228086e+00 7.268279e+00 7.308802e+00 7.433740e+00 7.491234e+00 7.628574e+00 7.892145e+00 7.944038e+00 8.438629e+00 9.096298e+00 9.451276e+00 1.036723e+01 1.136081e+01 1.372964e+01 3.142930e+01 4.260571e+01 4.509914e+01 2.562836e+01
6.823461e+00 6.823584e+00 6.945177e+00 6.884767e+00 6.763530e+00 6.764039e+00 6.825914e+00 6.948902e+00 6.831267e+00 6.835390e+00 6.837191e+00 6.849273e+00 6.859884e+00 6.895826e+00 6.918371e+00 7.008014e+00 7.062538e+00 7.217694e+00 7.285929e+00 7.577649e+00 8.030407e+00 8.248271e+00 8.946012e+00 9.387909e+00 1.022474e+01 1.125925e+01 1.294365e+01 2.688263e+01 4.232031e+01 4.572718e+01
6.579170e+00 6.456857e+00 6.457014e+00 6.457242e+00 6.457460e+00 6.397040e+00 6.337253e+00 6.460176e+00 6.462870e+00 6.464893e+00 6.475723e+00 6.545339e+00 6.500392e+00 6.630890e+00 6.543138e+00 6.668647e+00 6.737505e+00 6.816084e+00 6.892149e+00 7.106395e+00 7.337010e+00 7.911338e+00 8.418180e+00 8.721551e+00 9.681056e+00 1.015884e+01 1.116292e+01 1.350705e+01 2.142969e+01 4.286602e+01
6.030516e+00 6.212445e+00 6.091099e+00 5.970670e+00 6.152435e+00 6.031778e+00 6.214293e+00 6.094034e+00 6.096915e+00 6.100759e+00 6.103108e+00 6.110779e+00 6.130661e+00 6.150899e+00 6.293571e+00 6.333824e+00 6.219160e+00 6.330501e+00 6.534844e+00 6.783075e+00 6.986146e+00 7.409631e+00 7.718244e+00 8.355782e+00 8.824485e+00 9.612074e+00 1.031783e+01 1.098370e+01 1.330153e+01 1.820565e+01
5.850146e+00 5.790748e+00 5.731395e+00 5.731587e+00 5.791406e+00 5.851203e+00 5.851808e+00 5.734988e+00 5.854734e+00 5.858232e+00 5.746942e+00 5.755130e+00 5.765121e+00 5.893104e+00 5.803069e+00 5.968916e+00 6.053360e+00 6.071150e+00 6.293582e+00 6.403158e+00 6.657531e+00 6.931069e+00 7.306110e+00 7.895121e+00 8.326053e+00 8.773508e+00 9.546005e+00 1.041638e+01 1.128999e+01 1.383689e+01
