# ngamma, nT
50 30
# T_centers_log10(K): 
1.100000e+00 1.300000e+00 1.500000e+00 1.700000e+00 1.900000e+00 2.100000e+00 2.300000e+00 2.500000e+00 2.700000e+00 2.900000e+00 3.100000e+00 3.300000e+00 3.500000e+00 3.700000e+00 3.900000e+00 4.100000e+00 4.300000e+00 4.500000e+00 4.700000e+00 4.900000e+00 5.100000e+00 5.300000e+00 5.500000e+00 5.700000e+00 5.900000e+00 6.100000e+00 6.300000e+00 6.500000e+00 6.700000e+00 6.900000e+00
# gamma_centers_log10(K**0.5 cm**-3):
-4.000000e+00 -3.795918e+00 -3.591837e+00 -3.387755e+00 -3.183673e+00 -2.979592e+00 -2.775510e+00 -2.571429e+00 -2.367347e+00 -2.163265e+00 -1.959184e+00 -1.755102e+00 -1.551020e+00 -1.346939e+00 -1.142857e+00 -9.387755e-01 -7.346939e-01 -5.306122e-01 -3.265306e-01 -1.224490e-01 8.163265e-02 2.857143e-01 4.897959e-01 6.938776e-01 8.979592e-01 1.102041e+00 1.306122e+00 1.510204e+00 1.714286e+00 1.918367e+00 2.122449e+00 2.326531e+00 2.530612e+00 2.734694e+00 2.938776e+00 3.142857e+00 3.346939e+00 3.551020e+00 3.755102e+00 3.959184e+00 4.163265e+00 4.367347e+00 4.571429e+00 4.775510e+00 4.979592e+00 5.183673e+00 5.387755e+00 5.591837e+00 5.795918e+00 6.000000e+00
# Columns: median values for each T bin from left to right
-9.999875e-01 -9.999914e-01 -9.999927e-01 -1.008723e+00 -2.070453e+00 -1.653736e+01 -1.099064e+02 -1.099950e+02 -1.099996e+02 -1.099998e+02 -1.100000e+02 -1.100000e+02 -1.100000e+02 -1.100000e+02 -1.100000e+02 -1.100000e+02 -1.100000e+02 -1.100000e+02 -1.100000e+02 -1.100000e+02 -1.100000e+02 -1.100000e+02 -1.100000e+02 -1.100000e+02 -1.100000e+02 -1.100000e+02 -1.100000e+02 -1.100000e+02 -1.100000e+02 -1.100000e+02
-9.999785e-01 -9.999842e-01 -9.999874e-01 -1.002582e+00 -2.389864e+00 -1.249421e+01 -1.098683e+02 -1.099891e+02 -1.099992e+02 -1.099998e+02 -1.100000e+02 -1.100000e+02 -1.100000e+02 -1.100000e+02 -1.100000e+02 -1.100000e+02 -1.100000e+02 -1.100000e+02 -1.100000e+02 -1.100000e+02 -1.100000e+02 -1.100000e+02 -1.100000e+02 -1.100000e+02 -1.100000e+02 -1.100000e+02 -1.100000e+02 -1.100000e+02 -1.100000e+02 -1.100000e+02
-9.999632e-01 -9.999784e-01 -9.999814e-01 -1.000327e+00 -1.423371e+00 -8.769299e+00 -1.089575e+02 -1.099940e+02 -1.099977e+02 -1.099997e+02 -1.099999e+02 -1.100000e+02 -1.100000e+02 -1.100000e+02 -1.100000e+02 -1.100000e+02 -1.100000e+02 -1.100000e+02 -1.100000e+02 -1.100000e+02 -1.100000e+02 -1.100000e+02 -1.100000e+02 -1.100000e+02 -1.100000e+02 -1.100000e+02 -1.100000e+02 -1.100000e+02 -1.100000e+02 -1.100000e+02
-9.999498e-01 -9.999629e-01 -9.999668e-01 -1.001847e+00 -1.526802e+00 -7.419351e+00 -1.067878e+02 -1.099794e+02 -1.099984e+02 -1.099996e+02 -1.099998e+02 -1.099999e+02 -1.100000e+02 -1.100000e+02 -1.100000e+02 -1.100000e+02 -1.100000e+02 -1.100000e+02 -1.100000e+02 -1.100000e+02 -1.100000e+02 -1.100000e+02 -1.100000e+02 -1.100000e+02 -1.100000e+02 -1.100000e+02 -1.100000e+02 -1.100000e+02 -1.100000e+02 -1.100000e+02
-9.999199e-01 -9.999474e-01 -9.999450e-01 -1.001341e+00 -1.089014e+00 -5.420984e+00 -1.009896e+02 -1.099548e+02 -1.099945e+02 -1.099993e+02 -1.099997e+02 -1.099999e+02 -1.099999e+02 -1.100000e+02 -1.100000e+02 -1.100000e+02 -1.100000e+02 -1.100000e+02 -1.100000e+02 -1.100000e+02 -1.100000e+02 -1.100000e+02 -1.100000e+02 -1.100000e+02 -1.100000e+02 -1.100000e+02 -1.100000e+02 -1.100000e+02 -1.100000e+02 -1.100000e+02
-9.998727e-01 -9.998988e-01 -9.999253e-01 -9.999928e-01 -1.057452e+00 -4.681033e+00 -6.982945e+01 -1.099464e+02 -1.099950e+02 -1.099983e+02 -1.099996e+02 -1.099999e+02 -1.099999e+02 -1.100000e+02 -1.100000e+02 -1.100000e+02 -1.100000e+02 -1.100000e+02 -1.100000e+02 -1.100000e+02 -1.100000e+02 -1.100000e+02 -1.100000e+02 -1.100000e+02 -1.100000e+02 -1.100000e+02 -1.100000e+02 -1.100000e+02 -1.100000e+02 -1.100000e+02
-9.997976e-01 -9.998501e-01 -9.998812e-01 -1.000411e+00 -1.144632e+00 -6.035452e+00 -7.514932e+01 -1.099256e+02 -1.099953e+02 -1.099982e+02 -1.099994e+02 -1.099998e+02 -1.099999e+02 -1.099999e+02 -1.100000e+02 -1.100000e+02 -1.100000e+02 -1.100000e+02 -1.100000e+02 -1.100000e+02 -1.100000e+02 -1.100000e+02 -1.100000e+02 -1.100000e+02 -1.100000e+02 -1.100000e+02 -1.100000e+02 -1.100000e+02 -1.100000e+02 -1.100000e+02
-9.996556e-01 -9.997809e-01 -9.998035e-01 -9.999050e-01 -1.116902e+00 -3.335845e+00 -8.219784e+01 -1.098960e+02 -1.099872e+02 -1.099971e+02 -1.099991e+02 -1.099997e+02 -1.099998e+02 -1.099999e+02 -1.100000e+02 -1.100000e+02 -1.100000e+02 -1.100000e+02 -1.100000e+02 -1.100000e+02 -1.100000e+02 -1.100000e+02 -1.100000e+02 -1.100000e+02 -1.100000e+02 -1.100000e+02 -1.100000e+02 -1.100000e+02 -1.100000e+02 -1.100000e+02
-9.994887e-01 -9.996503e-01 -9.996755e-01 -9.999953e-01 -1.056372e+00 -2.612186e+00 -1.031460e+02 -1.097453e+02 -1.099637e+02 -1.099946e+02 -1.099985e+02 -1.099995e+02 -1.099997e+02 -1.099999e+02 -1.099999e+02 -1.099999e+02 -1.100000e+02 -1.100000e+02 -1.100000e+02 -1.100000e+02 -1.100000e+02 -1.100000e+02 -1.100000e+02 -1.100000e+02 -1.100000e+02 -1.100000e+02 -1.100000e+02 -1.100000e+02 -1.100000e+02 -1.100000e+02
-9.991873e-01 -9.994442e-01 -9.995214e-01 -9.996695e-01 -1.094317e+00 -2.146683e+00 -1.804374e+01 -1.096550e+02 -1.099499e+02 -1.099913e+02 -1.099976e+02 -1.099991e+02 -1.099994e+02 -1.099997e+02 -1.099999e+02 -1.099999e+02 -1.099999e+02 -1.100000e+02 -1.100000e+02 -1.100000e+02 -1.100000e+02 -1.100000e+02 -1.100000e+02 -1.100000e+02 -1.100000e+02 -1.100000e+02 -1.100000e+02 -1.100000e+02 -1.100000e+02 -1.100000e+02
-9.987159e-01 -9.989730e-01 -9.992413e-01 -9.994679e-01 -1.026274e+00 -1.882637e+00 -2.696214e+01 -1.092369e+02 -1.098796e+02 -1.099838e+02 -1.099972e+02 -1.099984e+02 -1.099994e+02 -1.099996e+02 -1.099998e+02 -1.099999e+02 -1.099999e+02 -1.099999e+02 -1.100000e+02 -1.100000e+02 -1.100000e+02 -1.100000e+02 -1.100000e+02 -1.100000e+02 -1.100000e+02 -1.100000e+02 -1.100000e+02 -1.100000e+02 -1.100000e+02 -1.100000e+02
-9.980387e-01 -9.983650e-01 -9.988841e-01 -9.990812e-01 -1.016414e+00 -2.055330e+00 -7.785635e+00 -1.093803e+02 -1.099124e+02 -1.099803e+02 -1.099938e+02 -1.099980e+02 -1.099989e+02 -1.099993e+02 -1.099997e+02 -1.099998e+02 -1.099999e+02 -1.099999e+02 -1.100000e+02 -1.100000e+02 -1.100000e+02 -1.100000e+02 -1.100000e+02 -1.100000e+02 -1.100000e+02 -1.100000e+02 -1.100000e+02 -1.100000e+02 -1.100000e+02 -1.100000e+02
-9.965123e-01 -9.975888e-01 -9.980843e-01 -9.983884e-01 -1.001313e+00 -1.437575e+00 -6.257523e+00 -1.063483e+02 -1.097897e+02 -1.099580e+02 -1.099885e+02 -1.099949e+02 -1.099975e+02 -1.099990e+02 -1.099994e+02 -1.099997e+02 -1.099998e+02 -1.099999e+02 -1.099999e+02 -1.099999e+02 -1.100000e+02 -1.100000e+02 -1.100000e+02 -1.100000e+02 -1.100000e+02 -1.100000e+02 -1.100000e+02 -1.100000e+02 -1.100000e+02 -1.100000e+02
-9.939683e-01 -9.951809e-01 -9.961696e-01 -9.972872e-01 -1.003729e+00 -1.554934e+00 -4.193816e+00 -7.499513e+01 -1.097880e+02 -1.099193e+02 -1.099829e+02 -1.099930e+02 -1.099967e+02 -1.099981e+02 -1.099990e+02 -1.099994e+02 -1.099996e+02 -1.099998e+02 -1.099999e+02 -1.099999e+02 -1.099999e+02 -1.100000e+02 -1.100000e+02 -1.100000e+02 -1.100000e+02 -1.100000e+02 -1.100000e+02 -1.100000e+02 -1.100000e+02 -1.100000e+02
-9.897741e-01 -9.929343e-01 -9.939171e-01 -9.956228e-01 -1.000379e+00 -1.194465e+00 -5.707868e+00 -5.350858e+01 -1.094075e+02 -1.099137e+02 -1.099678e+02 -1.099878e+02 -1.099952e+02 -1.099970e+02 -1.099982e+02 -1.099991e+02 -1.099994e+02 -1.099996e+02 -1.099998e+02 -1.099999e+02 -1.099999e+02 -1.100000e+02 -1.100000e+02 -1.100000e+02 -1.100000e+02 -1.100000e+02 -1.100000e+02 -1.100000e+02 -1.100000e+02 -1.100000e+02
-9.849659e-01 -9.896130e-01 -9.907085e-01 -9.934399e-01 -9.976722e-01 -1.038433e+00 -3.732516e+00 -3.628399e+01 -1.069234e+02 -1.098477e+02 -1.099435e+02 -1.099805e+02 -1.099915e+02 -1.099958e+02 -1.099977e+02 -1.099985e+02 -1.099992e+02 -1.099995e+02 -1.099997e+02 -1.099998e+02 -1.099999e+02 -1.099999e+02 -1.099999e+02 -1.100000e+02 -1.100000e+02 -1.100000e+02 -1.100000e+02 -1.100000e+02 -1.100000e+02 -1.100000e+02
-9.779452e-01 -9.836378e-01 -9.847546e-01 -9.895789e-01 -9.913679e-01 -1.116591e+00 -3.087567e+00 -1.687845e+01 -1.002130e+02 -1.096574e+02 -1.098987e+02 -1.099701e+02 -1.099861e+02 -1.099922e+02 -1.099961e+02 -1.099976e+02 -1.099985e+02 -1.099992e+02 -1.099995e+02 -1.099996e+02 -1.099998e+02 -1.099999e+02 -1.099999e+02 -1.099999e+02 -1.100000e+02 -1.100000e+02 -1.100000e+02 -1.100000e+02 -1.100000e+02 -1.100000e+02
-9.652524e-01 -9.700014e-01 -9.776711e-01 -9.828864e-01 -9.887406e-01 -1.031031e+00 -2.210941e+00 -1.189730e+01 -6.536732e+01 -1.091262e+02 -1.098802e+02 -1.099461e+02 -1.099794e+02 -1.099875e+02 -1.099938e+02 -1.099962e+02 -1.099976e+02 -1.099986e+02 -1.099991e+02 -1.099994e+02 -1.099996e+02 -1.099998e+02 -1.099999e+02 -1.099999e+02 -1.099999e+02 -1.100000e+02 -1.100000e+02 -1.100000e+02 -1.100000e+02 -1.100000e+02
-9.419262e-01 -9.562775e-01 -9.673890e-01 -9.758842e-01 -9.804773e-01 -1.041331e+00 -1.685529e+00 -7.410066e+00 -5.795752e+01 -1.083538e+02 -1.098414e+02 -1.099141e+02 -1.099569e+02 -1.099796e+02 -1.099902e+02 -1.099929e+02 -1.099962e+02 -1.099979e+02 -1.099986e+02 -1.099991e+02 -1.099994e+02 -1.099997e+02 -1.099998e+02 -1.099999e+02 -1.099999e+02 -1.099999e+02 -1.100000e+02 -1.100000e+02 -1.100000e+02 -1.100000e+02
-9.218114e-01 -9.344497e-01 -9.490760e-01 -9.591294e-01 -9.663915e-01 -9.991509e-01 -1.241802e+00 -5.402665e+00 -2.775965e+01 -1.044018e+02 -1.096704e+02 -1.098610e+02 -1.099449e+02 -1.099725e+02 -1.099854e+02 -1.099903e+02 -1.099939e+02 -1.099966e+02 -1.099978e+02 -1.099987e+02 -1.099992e+02 -1.099994e+02 -1.099996e+02 -1.099998e+02 -1.099999e+02 -1.099999e+02 -1.099999e+02 -1.100000e+02 -1.100000e+02 -1.100000e+02
-8.768940e-01 -8.917461e-01 -9.051087e-01 -9.362211e-01 -9.526589e-01 -9.748431e-01 -1.259339e+00 -3.025530e+00 -1.920329e+01 -7.682008e+01 -1.094792e+02 -1.097602e+02 -1.099019e+02 -1.099568e+02 -1.099703e+02 -1.099867e+02 -1.099903e+02 -1.099946e+02 -1.099965e+02 -1.099977e+02 -1.099987e+02 -1.099991e+02 -1.099994e+02 -1.099996e+02 -1.099998e+02 -1.099999e+02 -1.099999e+02 -1.099999e+02 -1.100000e+02 -1.100000e+02
-8.221866e-01 -8.516526e-01 -8.699336e-01 -9.012503e-01 -9.151498e-01 -9.464624e-01 -1.081936e+00 -2.317089e+00 -1.074965e+01 -3.761190e+01 -1.084600e+02 -1.095228e+02 -1.098441e+02 -1.099275e+02 -1.099585e+02 -1.099750e+02 -1.099843e+02 -1.099914e+02 -1.099936e+02 -1.099964e+02 -1.099976e+02 -1.099986e+02 -1.099991e+02 -1.099993e+02 -1.099997e+02 -1.099998e+02 -1.099999e+02 -1.099999e+02 -1.099999e+02 -1.100000e+02
-7.322832e-01 -7.798200e-01 -7.926693e-01 -8.500085e-01 -8.688360e-01 -9.099567e-01 -1.098932e+00 -1.500922e+00 -4.904975e+00 -2.740158e+01 -7.773004e+01 -1.092760e+02 -1.096873e+02 -1.098798e+02 -1.099435e+02 -1.099528e+02 -1.099748e+02 -1.099862e+02 -1.099912e+02 -1.099942e+02 -1.099964e+02 -1.099978e+02 -1.099986e+02 -1.099990e+02 -1.099995e+02 -1.099996e+02 -1.099998e+02 -1.099999e+02 -1.099999e+02 -1.099999e+02
-6.131510e-01 -6.743479e-01 -7.231309e-01 -7.460585e-01 -8.141332e-01 -8.441711e-01 -9.448539e-01 -1.336869e+00 -3.052435e+00 -1.437758e+01 -6.853765e+01 -1.085927e+02 -1.095619e+02 -1.097418e+02 -1.098991e+02 -1.099347e+02 -1.099596e+02 -1.099780e+02 -1.099856e+02 -1.099893e+02 -1.099947e+02 -1.099965e+02 -1.099977e+02 -1.099986e+02 -1.099991e+02 -1.099993e+02 -1.099996e+02 -1.099997e+02 -1.099999e+02 -1.099999e+02
-4.845903e-01 -5.398261e-01 -6.400768e-01 -6.309732e-01 -7.572513e-01 -7.725495e-01 -8.458790e-01 -1.241750e+00 -2.007002e+00 -7.087705e+00 -5.241161e+01 -8.375498e+01 -1.086770e+02 -1.095203e+02 -1.098105e+02 -1.099089e+02 -1.099441e+02 -1.099649e+02 -1.099769e+02 -1.099862e+02 -1.099914e+02 -1.099945e+02 -1.099964e+02 -1.099979e+02 -1.099986e+02 -1.099991e+02 -1.099995e+02 -1.099996e+02 -1.099998e+02 -1.099998e+02
-3.130083e-01 -3.914558e-01 -4.325731e-01 -5.455700e-01 -5.899346e-01 -6.615074e-01 -7.722747e-01 -9.350676e-01 -1.577520e+00 -3.036365e+00 -2.624267e+01 -7.760733e+01 -1.044730e+02 -1.090006e+02 -1.096684e+02 -1.098174e+02 -1.098920e+02 -1.099430e+02 -1.099601e+02 -1.099761e+02 -1.099847e+02 -1.099911e+02 -1.099946e+02 -1.099971e+02 -1.099978e+02 -1.099986e+02 -1.099990e+02 -1.099994e+02 -1.099996e+02 -1.099998e+02
-1.793600e-01 -2.244824e-01 -2.942217e-01 -3.070349e-01 -4.625557e-01 -5.102878e-01 -6.052584e-01 -7.764523e-01 -1.217669e+00 -2.623130e+00 -9.688777e+00 -3.920838e+01 -8.703890e+01 -1.083260e+02 -1.093631e+02 -1.096761e+02 -1.098699e+02 -1.099044e+02 -1.099404e+02 -1.099612e+02 -1.099784e+02 -1.099857e+02 -1.099908e+02 -1.099945e+02 -1.099965e+02 -1.099980e+02 -1.099985e+02 -1.099992e+02 -1.099994e+02 -1.099996e+02
7.385181e-03 -1.746093e-03 -1.376346e-01 -9.048644e-02 -2.723620e-01 -3.376994e-01 -3.707577e-01 -5.883245e-01 -9.041728e-01 -1.431153e+00 -4.369790e+00 -2.888568e+01 -5.869442e+01 -9.388778e+01 -1.084399e+02 -1.094365e+02 -1.096740e+02 -1.098428e+02 -1.099019e+02 -1.099278e+02 -1.099593e+02 -1.099754e+02 -1.099854e+02 -1.099921e+02 -1.099944e+02 -1.099963e+02 -1.099978e+02 -1.099986e+02 -1.099991e+02 -1.099994e+02
2.395663e-01 1.751987e-01 1.325787e-01 1.165369e-01 -2.049293e-03 -3.852104e-02 -1.365257e-01 -2.987596e-01 -5.000286e-01 -1.106885e+00 -2.782802e+00 -1.308531e+01 -3.269558e+01 -7.234826e+01 -1.049555e+02 -1.085025e+02 -1.093671e+02 -1.097225e+02 -1.098349e+02 -1.099056e+02 -1.099437e+02 -1.099683e+02 -1.099741e+02 -1.099830e+02 -1.099896e+02 -1.099944e+02 -1.099965e+02 -1.099977e+02 -1.099985e+02 -1.099989e+02
5.087544e-01 4.812154e-01 4.671199e-01 3.910305e-01 4.959066e-01 2.949104e-01 2.448486e-01 6.805855e-02 -1.141475e-01 -6.029678e-01 -1.072989e+00 -3.991658e+00 -1.732203e+01 -4.645861e+01 -7.553595e+01 -9.772844e+01 -1.088832e+02 -1.094779e+02 -1.097105e+02 -1.098099e+02 -1.099075e+02 -1.099417e+02 -1.099640e+02 -1.099729e+02 -1.099833e+02 -1.099912e+02 -1.099937e+02 -1.099963e+02 -1.099976e+02 -1.099984e+02
9.414250e-01 7.638474e-01 9.139122e-01 8.904832e-01 8.329388e-01 8.898593e-01 7.035162e-01 5.415052e-01 4.311086e-01 6.668616e-02 -3.930519e-01 -1.647947e+00 -5.694417e+00 -1.934848e+01 -4.613480e+01 -8.800401e+01 -1.038240e+02 -1.084130e+02 -1.094509e+02 -1.096893e+02 -1.097807e+02 -1.099042e+02 -1.099362e+02 -1.099651e+02 -1.099773e+02 -1.099870e+02 -1.099913e+02 -1.099947e+02 -1.099962e+02 -1.099975e+02
1.642079e+00 1.629032e+00 1.616309e+00 1.605278e+00 1.423464e+00 1.375257e+00 1.626330e+00 1.319628e+00 1.275340e+00 9.265917e-01 8.184196e-01 -1.517044e-01 -1.665913e+00 -1.011753e+01 -3.484166e+01 -4.274944e+01 -7.720034e+01 -1.061528e+02 -1.082916e+02 -1.094094e+02 -1.097507e+02 -1.098388e+02 -1.099049e+02 -1.099418e+02 -1.099621e+02 -1.099753e+02 -1.099843e+02 -1.099909e+02 -1.099940e+02 -1.099961e+02
3.315983e+00 2.781161e+00 2.771455e+00 2.315378e+00 2.286088e+00 2.705924e+00 2.669019e+00 3.070466e+00 2.208146e+00 2.334100e+00 2.551445e+00 1.354582e+00 2.297548e-01 -1.464862e+00 -1.045471e+01 -2.808953e+01 -6.637926e+01 -8.462961e+01 -1.056151e+02 -1.086274e+02 -1.094931e+02 -1.097120e+02 -1.098221e+02 -1.099042e+02 -1.099477e+02 -1.099615e+02 -1.099779e+02 -1.099854e+02 -1.099902e+02 -1.099936e+02
5.469425e+00 4.645011e+00 4.638363e+00 5.446499e+00 5.021591e+00 4.574725e+00 4.548295e+00 4.438945e+00 4.345684e+00 4.604025e+00 3.617301e+00 4.265732e+00 1.902788e+00 1.116083e+00 -1.678192e+00 -9.897164e+00 -3.410434e+01 -5.649186e+01 -8.377540e+01 -1.048038e+02 -1.088884e+02 -1.094544e+02 -1.097232e+02 -1.098185e+02 -1.098987e+02 -1.099411e+02 -1.099648e+02 -1.099762e+02 -1.099847e+02 -1.099898e+02
7.448378e+00 8.602410e+00 7.439998e+00 6.385987e+00 7.409076e+00 7.384331e+00 7.339037e+00 7.301120e+00 8.316343e+00 6.478675e+00 7.819171e+00 6.346617e+00 5.869170e+00 5.526489e+00 3.386298e+00 9.045455e-01 -8.836059e+00 -3.308619e+01 -5.436936e+01 -7.475873e+01 -1.041949e+02 -1.090762e+02 -1.095258e+02 -1.096711e+02 -1.098290e+02 -1.098958e+02 -1.099339e+02 -1.099616e+02 -1.099717e+02 -1.099839e+02
1.123075e+01 1.194645e+01 1.194215e+01 1.121002e+01 1.124001e+01 1.117965e+01 1.187284e+01 1.108548e+01 1.097237e+01 1.093272e+01 1.070460e+01 9.013737e+00 9.905918e+00 9.978385e+00 6.737355e+00 5.595668e+00 7.753071e-01 -1.225896e+01 -3.372125e+01 -5.095459e+01 -7.667183e+01 -1.073463e+02 -1.086275e+02 -1.095400e+02 -1.097524e+02 -1.098256e+02 -1.098898e+02 -1.099377e+02 -1.099610e+02 -1.099776e+02
1.573522e+01 1.417652e+01 1.652026e+01 1.572399e+01 1.570893e+01 1.568650e+01 1.565327e+01 1.562568e+01 1.557876e+01 1.545888e+01 1.524907e+01 1.509087e+01 1.620271e+01 1.230590e+01 1.309307e+01 9.750515e+00 7.820602e+00 1.898863e+00 -3.634579e+00 -2.858144e+01 -5.570787e+01 -8.397195e+01 -1.003933e+02 -1.083951e+02 -1.094399e+02 -1.096540e+02 -1.098627e+02 -1.099078e+02 -1.099399e+02 -1.099583e+02
2.213299e+01 2.213163e+01 2.052808e+01 2.212070e+01 2.131511e+01 2.210422e+01 2.048404e+01 2.042936e+01 2.198479e+01 2.112765e+01 2.024909e+01 2.003304e+01 2.286086e+01 1.756465e+01 1.849911e+01 1.743595e+01 1.774943e+01 1.338160e+01 5.887896e+00 -5.669256e+00 -2.541209e+01 -4.153932e+01 -6.985930e+01 -1.037155e+02 -1.087250e+02 -1.093093e+02 -1.096713e+02 -1.097957e+02 -1.098916e+02 -1.099321e+02
2.679448e+01 2.828223e+01 2.678992e+01 2.678528e+01 2.826763e+01 2.677489e+01 2.676327e+01 2.673789e+01 2.743453e+01 2.666025e+01 2.648130e+01 2.634886e+01 2.463115e+01 2.596197e+01 2.488506e+01 2.444248e+01 2.182415e+01 2.027377e+01 1.581181e+01 9.171806e+00 -2.377503e+00 -2.117253e+01 -4.967351e+01 -6.597758e+01 -1.031662e+02 -1.068808e+02 -1.091717e+02 -1.096247e+02 -1.097834e+02 -1.098761e+02
3.182556e+01 3.114109e+01 3.182301e+01 3.111483e+01 3.042600e+01 3.112403e+01 3.110347e+01 3.109734e+01 3.035456e+01 3.100089e+01 3.089402e+01 3.076460e+01 3.134441e+01 3.048357e+01 3.111314e+01 2.941718e+01 2.775462e+01 2.720668e+01 2.564773e+01 2.129277e+01 1.126967e+01 6.028802e-01 -1.512656e+01 -4.298141e+01 -7.186121e+01 -1.018915e+02 -1.082991e+02 -1.092675e+02 -1.096077e+02 -1.097725e+02
3.511058e+01 3.510978e+01 3.382965e+01 3.382768e+01 3.446154e+01 3.445799e+01 3.508133e+01 3.506209e+01 3.628886e+01 3.502478e+01 3.492393e+01 3.545425e+01 3.464994e+01 3.559944e+01 3.405823e+01 3.372886e+01 3.274497e+01 3.111118e+01 2.846054e+01 2.659271e+01 2.283912e+01 1.490113e+01 2.626675e+00 -9.147508e+00 -4.474245e+01 -5.818949e+01 -1.017925e+02 -1.080338e+02 -1.092039e+02 -1.094882e+02
3.868155e+01 3.868062e+01 3.867900e+01 3.867843e+01 3.867403e+01 3.866947e+01 3.808547e+01 3.864213e+01 3.805781e+01 3.970356e+01 3.851922e+01 3.791515e+01 3.887080e+01 3.825169e+01 3.770257e+01 3.781291e+01 3.759770e+01 3.584188e+01 3.480217e+01 3.105361e+01 2.874917e+01 2.343591e+01 1.954387e+01 -3.159540e+00 -1.967661e+01 -4.847742e+01 -7.304335e+01 -1.025986e+02 -1.084835e+02 -1.088735e+02
4.186295e+01 4.186206e+01 4.186073e+01 4.185840e+01 4.185758e+01 4.185291e+01 4.184331e+01 4.281385e+01 4.182262e+01 4.229193e+01 4.173324e+01 4.215532e+01 4.209118e+01 4.087125e+01 4.120703e+01 3.972183e+01 4.029328e+01 3.819311e+01 3.801081e+01 3.701174e+01 3.476083e+01 2.972204e+01 2.494508e+01 1.629160e+01 5.759083e+00 -1.624418e+01 -4.567710e+01 -6.875016e+01 -8.930202e+01 -1.083011e+02
4.467611e+01 4.467562e+01 4.467466e+01 4.467299e+01 4.467051e+01 4.421826e+01 4.376376e+01 4.508394e+01 4.464045e+01 4.461327e+01 4.458034e+01 4.364267e+01 4.442224e+01 4.434148e+01 4.403736e+01 4.296889e+01 4.319733e+01 4.275823e+01 4.132928e+01 4.011794e+01 3.802432e+01 3.320188e+01 3.126088e+01 2.530224e+01 1.950825e+01 1.094575e+01 -2.094678e+01 -4.340396e+01 -6.662489e+01 -9.630874e+01
4.715084e+01 4.715019e+01 4.714945e+01 4.714876e+01 4.675180e+01 4.714505e+01 4.713648e+01 4.713162e+01 4.712322e+01 4.710551e+01 4.706523e+01 4.701158e+01 4.699080e+01 4.644406e+01 4.632276e+01 4.632408e+01 4.599662e+01 4.619909e+01 4.451168e+01 4.289977e+01 4.166918e+01 3.939945e+01 3.570906e+01 3.014975e+01 2.410831e+01 1.937759e+01 8.125371e+00 -1.888604e+01 -4.030192e+01 -6.376473e+01
4.932058e+01 4.932010e+01 4.998058e+01 4.897299e+01 4.862595e+01 4.931435e+01 4.931155e+01 4.861435e+01 4.929902e+01 4.893547e+01 4.991401e+01 4.923226e+01 4.918647e+01 4.905293e+01 4.891710e+01 4.834819e+01 4.829081e+01 4.780330e+01 4.655961e+01 4.675276e+01 4.458437e+01 4.178334e+01 4.015644e+01 3.607586e+01 3.243633e+01 2.618397e+01 1.826158e+01 4.422958e+00 -1.647063e+01 -4.213048e+01
5.121818e+01 5.121780e+01 5.061320e+01 5.091430e+01 5.150379e+01 5.150224e+01 5.121061e+01 5.060144e+01 5.119408e+01 5.118133e+01 5.117576e+01 5.113831e+01 5.110532e+01 5.099291e+01 5.092188e+01 5.063548e+01 5.045822e+01 4.994133e+01 4.980213e+01 4.870495e+01 4.684617e+01 4.605673e+01 4.284924e+01 4.080851e+01 3.720921e+01 3.300148e+01 2.808969e+01 1.886513e+01 7.193682e+00 -2.093671e+01
5.234765e+01 5.287440e+01 5.286231e+01 5.287330e+01 5.287267e+01 5.312235e+01 5.337029e+01 5.286488e+01 5.285716e+01 5.285135e+01 5.282020e+01 5.253152e+01 5.274893e+01 5.219477e+01 5.262437e+01 5.216592e+01 5.204023e+01 5.179555e+01 5.170047e+01 5.093263e+01 5.004612e+01 4.773962e+01 4.577029e+01 4.448142e+01 3.991029e+01 3.768645e+01 3.351563e+01 2.703290e+01 1.998530e+01 2.576738e+00
5.453769e+01 5.385908e+01 5.431797e+01 5.475547e+01 5.408673e+01 5.453436e+01 5.385402e+01 5.431013e+01 5.430243e+01 5.429215e+01 5.428586e+01 5.426530e+01 5.421181e+01 5.415710e+01 5.363504e+01 5.352216e+01 5.408660e+01 5.377310e+01 5.306417e+01 5.229430e+01 5.163713e+01 5.009295e+01 4.906240e+01 4.625099e+01 4.423527e+01 4.043867e+01 3.720297e+01 3.442638e+01 2.756651e+01 2.148948e+01
5.517537e+01 5.537473e+01 5.557399e+01 5.557351e+01 5.537308e+01 5.517268e+01 5.517114e+01 5.556505e+01 5.516368e+01 5.515476e+01 5.553525e+01 5.551478e+01 5.548975e+01 5.506538e+01 5.539410e+01 5.486827e+01 5.464376e+01 5.469145e+01 5.398044e+01 5.375379e+01 5.289597e+01 5.209664e+01 5.070580e+01 4.843029e+01 4.667506e+01 4.460552e+01 4.090771e+01 3.684926e+01 3.337429e+01 2.660172e+01
