# ngamma, nT
50 30
# T_centers_log10(K): 
1.100000e+00 1.300000e+00 1.500000e+00 1.700000e+00 1.900000e+00 2.100000e+00 2.300000e+00 2.500000e+00 2.700000e+00 2.900000e+00 3.100000e+00 3.300000e+00 3.500000e+00 3.700000e+00 3.900000e+00 4.100000e+00 4.300000e+00 4.500000e+00 4.700000e+00 4.900000e+00 5.100000e+00 5.300000e+00 5.500000e+00 5.700000e+00 5.900000e+00 6.100000e+00 6.300000e+00 6.500000e+00 6.700000e+00 6.900000e+00
# gamma_centers_log10(K**0.5 cm**-3):
-4.000000e+00 -3.795918e+00 -3.591837e+00 -3.387755e+00 -3.183673e+00 -2.979592e+00 -2.775510e+00 -2.571429e+00 -2.367347e+00 -2.163265e+00 -1.959184e+00 -1.755102e+00 -1.551020e+00 -1.346939e+00 -1.142857e+00 -9.387755e-01 -7.346939e-01 -5.306122e-01 -3.265306e-01 -1.224490e-01 8.163265e-02 2.857143e-01 4.897959e-01 6.938776e-01 8.979592e-01 1.102041e+00 1.306122e+00 1.510204e+00 1.714286e+00 1.918367e+00 2.122449e+00 2.326531e+00 2.530612e+00 2.734694e+00 2.938776e+00 3.142857e+00 3.346939e+00 3.551020e+00 3.755102e+00 3.959184e+00 4.163265e+00 4.367347e+00 4.571429e+00 4.775510e+00 4.979592e+00 5.183673e+00 5.387755e+00 5.591837e+00 5.795918e+00 6.000000e+00
# Columns: median values for each T bin from left to right
-9.999939e-01 -9.999958e-01 -9.999961e-01 -9.999973e-01 -1.000134e+00 -1.197037e+00 -9.108976e+00 -3.384449e+01 -3.399809e+01 -3.399957e+01 -3.399993e+01 -3.399998e+01 -3.399999e+01 -3.400000e+01 -3.400000e+01 -3.400000e+01 -3.400000e+01 -3.400000e+01 -3.400000e+01 -3.400000e+01 -3.400000e+01 -3.400000e+01 -3.400000e+01 -3.400000e+01 -3.400000e+01 -3.400000e+01 -3.400000e+01 -3.400000e+01 -3.400000e+01 -3.400000e+01
-9.999896e-01 -9.999923e-01 -9.999938e-01 -9.999958e-01 -1.000757e+00 -1.131957e+00 -7.984404e+00 -3.318050e+01 -3.399459e+01 -3.399941e+01 -3.399994e+01 -3.399998e+01 -3.399999e+01 -3.400000e+01 -3.400000e+01 -3.400000e+01 -3.400000e+01 -3.400000e+01 -3.400000e+01 -3.400000e+01 -3.400000e+01 -3.400000e+01 -3.400000e+01 -3.400000e+01 -3.400000e+01 -3.400000e+01 -3.400000e+01 -3.400000e+01 -3.400000e+01 -3.400000e+01
-9.999822e-01 -9.999895e-01 -9.999909e-01 -9.999935e-01 -1.000023e+00 -1.074943e+00 -3.697003e+00 -3.389382e+01 -3.397633e+01 -3.399906e+01 -3.399989e+01 -3.399997e+01 -3.399999e+01 -3.399999e+01 -3.400000e+01 -3.400000e+01 -3.400000e+01 -3.400000e+01 -3.400000e+01 -3.400000e+01 -3.400000e+01 -3.400000e+01 -3.400000e+01 -3.400000e+01 -3.400000e+01 -3.400000e+01 -3.400000e+01 -3.400000e+01 -3.400000e+01 -3.400000e+01
-9.999756e-01 -9.999819e-01 -9.999837e-01 -9.999875e-01 -1.000032e+00 -1.055957e+00 -3.185271e+00 -3.302687e+01 -3.399229e+01 -3.399908e+01 -3.399977e+01 -3.399995e+01 -3.399998e+01 -3.399999e+01 -3.400000e+01 -3.400000e+01 -3.400000e+01 -3.400000e+01 -3.400000e+01 -3.400000e+01 -3.400000e+01 -3.400000e+01 -3.400000e+01 -3.400000e+01 -3.400000e+01 -3.400000e+01 -3.400000e+01 -3.400000e+01 -3.400000e+01 -3.400000e+01
-9.999610e-01 -9.999744e-01 -9.999731e-01 -9.999830e-01 -9.999885e-01 -1.030823e+00 -3.520697e+00 -2.605318e+01 -3.394848e+01 -3.399826e+01 -3.399957e+01 -3.399990e+01 -3.399996e+01 -3.399999e+01 -3.399999e+01 -3.400000e+01 -3.400000e+01 -3.400000e+01 -3.400000e+01 -3.400000e+01 -3.400000e+01 -3.400000e+01 -3.400000e+01 -3.400000e+01 -3.400000e+01 -3.400000e+01 -3.400000e+01 -3.400000e+01 -3.400000e+01 -3.400000e+01
-9.999381e-01 -9.999507e-01 -9.999634e-01 -9.999685e-01 -9.999807e-01 -1.022779e+00 -2.409743e+00 -2.805673e+01 -3.396450e+01 -3.399456e+01 -3.399954e+01 -3.399988e+01 -3.399994e+01 -3.399998e+01 -3.399999e+01 -3.399999e+01 -3.400000e+01 -3.400000e+01 -3.400000e+01 -3.400000e+01 -3.400000e+01 -3.400000e+01 -3.400000e+01 -3.400000e+01 -3.400000e+01 -3.400000e+01 -3.400000e+01 -3.400000e+01 -3.400000e+01 -3.400000e+01
-9.999016e-01 -9.999267e-01 -9.999417e-01 -9.999535e-01 -9.999707e-01 -1.059638e+00 -2.669839e+00 -2.417951e+01 -3.397694e+01 -3.399489e+01 -3.399926e+01 -3.399979e+01 -3.399993e+01 -3.399996e+01 -3.399998e+01 -3.399999e+01 -3.400000e+01 -3.400000e+01 -3.400000e+01 -3.400000e+01 -3.400000e+01 -3.400000e+01 -3.400000e+01 -3.400000e+01 -3.400000e+01 -3.400000e+01 -3.400000e+01 -3.400000e+01 -3.400000e+01 -3.400000e+01
-9.998331e-01 -9.998932e-01 -9.999035e-01 -9.999261e-01 -9.999596e-01 -1.010601e+00 -2.900205e+00 -2.034956e+01 -3.390583e+01 -3.399185e+01 -3.399883e+01 -3.399971e+01 -3.399988e+01 -3.399995e+01 -3.399997e+01 -3.399998e+01 -3.399999e+01 -3.399999e+01 -3.400000e+01 -3.400000e+01 -3.400000e+01 -3.400000e+01 -3.400000e+01 -3.400000e+01 -3.400000e+01 -3.400000e+01 -3.400000e+01 -3.400000e+01 -3.400000e+01 -3.400000e+01
-9.997512e-01 -9.998291e-01 -9.998405e-01 -9.998914e-01 -9.999019e-01 -1.005689e+00 -3.894497e+00 -1.315955e+01 -3.354647e+01 -3.398478e+01 -3.399766e+01 -3.399954e+01 -3.399974e+01 -3.399991e+01 -3.399995e+01 -3.399997e+01 -3.399998e+01 -3.399999e+01 -3.399999e+01 -3.400000e+01 -3.400000e+01 -3.400000e+01 -3.400000e+01 -3.400000e+01 -3.400000e+01 -3.400000e+01 -3.400000e+01 -3.400000e+01 -3.400000e+01 -3.400000e+01
-9.996046e-01 -9.997284e-01 -9.997653e-01 -9.998130e-01 -9.998772e-01 -1.003251e+00 -1.468173e+00 -1.158229e+01 -3.327390e+01 -3.397561e+01 -3.399627e+01 -3.399914e+01 -3.399954e+01 -3.399982e+01 -3.399993e+01 -3.399996e+01 -3.399997e+01 -3.399999e+01 -3.399999e+01 -3.399999e+01 -3.400000e+01 -3.400000e+01 -3.400000e+01 -3.400000e+01 -3.400000e+01 -3.400000e+01 -3.400000e+01 -3.400000e+01 -3.400000e+01 -3.400000e+01
-9.993767e-01 -9.994995e-01 -9.996279e-01 -9.997136e-01 -9.997827e-01 -1.002112e+00 -1.786061e+00 -8.568501e+00 -3.010485e+01 -3.395388e+01 -3.399666e+01 -3.399833e+01 -3.399952e+01 -3.399975e+01 -3.399988e+01 -3.399993e+01 -3.399996e+01 -3.399997e+01 -3.399999e+01 -3.399999e+01 -3.399999e+01 -3.400000e+01 -3.400000e+01 -3.400000e+01 -3.400000e+01 -3.400000e+01 -3.400000e+01 -3.400000e+01 -3.400000e+01 -3.400000e+01
-9.990482e-01 -9.992018e-01 -9.994526e-01 -9.995280e-01 -9.996575e-01 -1.005383e+00 -1.195094e+00 -1.158092e+01 -3.299558e+01 -3.394871e+01 -3.399188e+01 -3.399816e+01 -3.399912e+01 -3.399958e+01 -3.399981e+01 -3.399989e+01 -3.399993e+01 -3.399996e+01 -3.399998e+01 -3.399998e+01 -3.399999e+01 -3.399999e+01 -3.400000e+01 -3.400000e+01 -3.400000e+01 -3.400000e+01 -3.400000e+01 -3.400000e+01 -3.400000e+01 -3.400000e+01
-9.983073e-01 -9.988226e-01 -9.990600e-01 -9.991909e-01 -9.993037e-01 -1.000468e+00 -1.148015e+00 -6.803581e+00 -2.918270e+01 -3.387575e+01 -3.398484e+01 -3.399526e+01 -3.399811e+01 -3.399933e+01 -3.399965e+01 -3.399982e+01 -3.399990e+01 -3.399994e+01 -3.399996e+01 -3.399997e+01 -3.399998e+01 -3.399999e+01 -3.399999e+01 -3.400000e+01 -3.400000e+01 -3.400000e+01 -3.400000e+01 -3.400000e+01 -3.400000e+01 -3.400000e+01
-9.970585e-01 -9.976408e-01 -9.981224e-01 -9.986595e-01 -9.989758e-01 -1.001923e+00 -1.083103e+00 -4.070731e+00 -3.167098e+01 -3.374625e+01 -3.397541e+01 -3.399346e+01 -3.399765e+01 -3.399875e+01 -3.399945e+01 -3.399968e+01 -3.399980e+01 -3.399991e+01 -3.399993e+01 -3.399995e+01 -3.399997e+01 -3.399998e+01 -3.399999e+01 -3.399999e+01 -3.400000e+01 -3.400000e+01 -3.400000e+01 -3.400000e+01 -3.400000e+01 -3.400000e+01
-9.950219e-01 -9.965431e-01 -9.970102e-01 -9.977897e-01 -9.983722e-01 -9.992547e-01 -1.181518e+00 -3.247433e+00 -1.861504e+01 -3.379182e+01 -3.395012e+01 -3.398769e+01 -3.399644e+01 -3.399814e+01 -3.399898e+01 -3.399949e+01 -3.399968e+01 -3.399982e+01 -3.399991e+01 -3.399993e+01 -3.399995e+01 -3.399998e+01 -3.399998e+01 -3.399999e+01 -3.399999e+01 -3.400000e+01 -3.400000e+01 -3.400000e+01 -3.400000e+01 -3.400000e+01
-9.926574e-01 -9.949034e-01 -9.954235e-01 -9.967458e-01 -9.972093e-01 -9.981288e-01 -1.101732e+00 -2.628738e+00 -1.103977e+01 -3.352910e+01 -3.391182e+01 -3.397987e+01 -3.399404e+01 -3.399729e+01 -3.399872e+01 -3.399919e+01 -3.399957e+01 -3.399973e+01 -3.399982e+01 -3.399988e+01 -3.399993e+01 -3.399996e+01 -3.399997e+01 -3.399998e+01 -3.399999e+01 -3.399999e+01 -3.400000e+01 -3.400000e+01 -3.400000e+01 -3.400000e+01
-9.891829e-01 -9.919747e-01 -9.924930e-01 -9.948507e-01 -9.955651e-01 -9.972748e-01 -1.074981e+00 -1.854620e+00 -8.925575e+00 -3.238028e+01 -3.383894e+01 -3.397130e+01 -3.398996e+01 -3.399496e+01 -3.399770e+01 -3.399870e+01 -3.399921e+01 -3.399957e+01 -3.399974e+01 -3.399982e+01 -3.399990e+01 -3.399994e+01 -3.399996e+01 -3.399997e+01 -3.399998e+01 -3.399999e+01 -3.399999e+01 -3.400000e+01 -3.400000e+01 -3.400000e+01
-9.828616e-01 -9.852012e-01 -9.889566e-01 -9.915014e-01 -9.934838e-01 -9.948967e-01 -1.038635e+00 -1.717521e+00 -5.813386e+00 -2.761182e+01 -3.383857e+01 -3.394995e+01 -3.398518e+01 -3.399197e+01 -3.399647e+01 -3.399791e+01 -3.399874e+01 -3.399931e+01 -3.399956e+01 -3.399971e+01 -3.399981e+01 -3.399989e+01 -3.399993e+01 -3.399996e+01 -3.399997e+01 -3.399998e+01 -3.399999e+01 -3.399999e+01 -3.399999e+01 -3.400000e+01
-9.710875e-01 -9.782797e-01 -9.837815e-01 -9.879720e-01 -9.900536e-01 -9.927568e-01 -1.016168e+00 -1.488830e+00 -5.231467e+00 -2.275702e+01 -3.378967e+01 -3.391637e+01 -3.396822e+01 -3.398666e+01 -3.399445e+01 -3.399612e+01 -3.399798e+01 -3.399891e+01 -3.399929e+01 -3.399954e+01 -3.399970e+01 -3.399983e+01 -3.399988e+01 -3.399992e+01 -3.399995e+01 -3.399997e+01 -3.399998e+01 -3.399999e+01 -3.399999e+01 -3.400000e+01
-9.606604e-01 -9.671523e-01 -9.745656e-01 -9.795095e-01 -9.823677e-01 -9.870638e-01 -9.944553e-01 -1.367988e+00 -3.182285e+00 -1.700738e+01 -3.353990e+01 -3.386425e+01 -3.395950e+01 -3.398245e+01 -3.399180e+01 -3.399466e+01 -3.399680e+01 -3.399827e+01 -3.399888e+01 -3.399932e+01 -3.399959e+01 -3.399968e+01 -3.399981e+01 -3.399989e+01 -3.399993e+01 -3.399995e+01 -3.399997e+01 -3.399998e+01 -3.399999e+01 -3.399999e+01
-9.368661e-01 -9.447622e-01 -9.517032e-01 -9.678641e-01 -9.760975e-01 -9.787717e-01 -9.917934e-01 -1.186502e+00 -2.660159e+00 -1.109541e+01 -3.327731e+01 -3.376795e+01 -3.392881e+01 -3.397363e+01 -3.398323e+01 -3.399294e+01 -3.399491e+01 -3.399725e+01 -3.399820e+01 -3.399886e+01 -3.399933e+01 -3.399957e+01 -3.399970e+01 -3.399982e+01 -3.399989e+01 -3.399993e+01 -3.399995e+01 -3.399997e+01 -3.399998e+01 -3.399999e+01
-9.065287e-01 -9.229807e-01 -9.329208e-01 -9.495135e-01 -9.563739e-01 -9.652780e-01 -9.782863e-01 -1.119427e+00 -2.097837e+00 -4.949458e+00 -3.172723e+01 -3.355805e+01 -3.389533e+01 -3.395455e+01 -3.397615e+01 -3.398641e+01 -3.399190e+01 -3.399561e+01 -3.399673e+01 -3.399818e+01 -3.399879e+01 -3.399930e+01 -3.399953e+01 -3.399964e+01 -3.399982e+01 -3.399988e+01 -3.399993e+01 -3.399996e+01 -3.399997e+01 -3.399998e+01
-8.533483e-01 -8.822623e-01 -8.897680e-01 -9.220153e-01 -9.320302e-01 -9.529545e-01 -9.714186e-01 -1.015189e+00 -1.596735e+00 -4.512127e+00 -1.706703e+01 -3.341729e+01 -3.376932e+01 -3.392595e+01 -3.396847e+01 -3.397498e+01 -3.398707e+01 -3.399299e+01 -3.399552e+01 -3.399706e+01 -3.399819e+01 -3.399886e+01 -3.399927e+01 -3.399947e+01 -3.399972e+01 -3.399981e+01 -3.399988e+01 -3.399994e+01 -3.399996e+01 -3.399997e+01
-7.764694e-01 -8.180135e-01 -8.489928e-01 -8.629657e-01 -9.022909e-01 -9.152500e-01 -9.465057e-01 -9.945670e-01 -1.359721e+00 -3.145026e+00 -1.675205e+01 -3.292575e+01 -3.371071e+01 -3.384125e+01 -3.394544e+01 -3.396611e+01 -3.397924e+01 -3.398885e+01 -3.399275e+01 -3.399462e+01 -3.399730e+01 -3.399819e+01 -3.399882e+01 -3.399927e+01 -3.399955e+01 -3.399965e+01 -3.399981e+01 -3.399987e+01 -3.399992e+01 -3.399995e+01
-6.836559e-01 -7.281309e-01 -7.972240e-01 -7.942460e-01 -8.704204e-01 -8.786837e-01 -9.025694e-01 -9.764109e-01 -1.160726e+00 -2.287936e+00 -1.267324e+01 -2.492970e+01 -3.325204e+01 -3.372514e+01 -3.389753e+01 -3.395266e+01 -3.397157e+01 -3.398226e+01 -3.398842e+01 -3.399304e+01 -3.399566e+01 -3.399723e+01 -3.399814e+01 -3.399890e+01 -3.399926e+01 -3.399951e+01 -3.399972e+01 -3.399979e+01 -3.399990e+01 -3.399991e+01
-5.474079e-01 -6.200356e-01 -6.548533e-01 -7.377389e-01 -7.712342e-01 -8.163512e-01 -8.699561e-01 -9.058586e-01 -1.079786e+00 -1.503586e+00 -6.585675e+00 -2.577021e+01 -3.204803e+01 -3.351927e+01 -3.383492e+01 -3.391015e+01 -3.394599e+01 -3.397152e+01 -3.398014e+01 -3.398802e+01 -3.399232e+01 -3.399546e+01 -3.399723e+01 -3.399849e+01 -3.399887e+01 -3.399929e+01 -3.399950e+01 -3.399971e+01 -3.399980e+01 -3.399987e+01
-4.373087e-01 -4.911389e-01 -5.586187e-01 -5.814268e-01 -6.952595e-01 -7.281784e-01 -7.744599e-01 -8.409854e-01 -9.806457e-01 -1.488814e+00 -3.447018e+00 -1.315553e+01 -3.062907e+01 -3.340139e+01 -3.372346e+01 -3.384891e+01 -3.393660e+01 -3.395345e+01 -3.397061e+01 -3.398069e+01 -3.398916e+01 -3.399277e+01 -3.399529e+01 -3.399719e+01 -3.399820e+01 -3.399896e+01 -3.399921e+01 -3.399960e+01 -3.399969e+01 -3.399979e+01
-2.926451e-01 -3.226170e-01 -4.358010e-01 -4.359376e-01 -5.722032e-01 -6.287392e-01 -6.540822e-01 -7.603587e-01 -8.836514e-01 -1.109975e+00 -2.391711e+00 -1.078401e+01 -2.388573e+01 -3.201707e+01 -3.346796e+01 -3.375841e+01 -3.385258e+01 -3.392506e+01 -3.395253e+01 -3.396467e+01 -3.397971e+01 -3.398761e+01 -3.399256e+01 -3.399594e+01 -3.399712e+01 -3.399810e+01 -3.399886e+01 -3.399925e+01 -3.399952e+01 -3.399968e+01
-1.189941e-01 -2.119796e-01 -2.666254e-01 -2.859570e-01 -4.115026e-01 -4.447771e-01 -5.235505e-01 -6.176336e-01 -7.200952e-01 -1.025926e+00 -1.824632e+00 -6.310024e+00 -1.311459e+01 -2.949747e+01 -3.304128e+01 -3.351877e+01 -3.374621e+01 -3.387526e+01 -3.392257e+01 -3.395431e+01 -3.397216e+01 -3.398407e+01 -3.398690e+01 -3.399132e+01 -3.399464e+01 -3.399710e+01 -3.399819e+01 -3.399881e+01 -3.399922e+01 -3.399941e+01
6.187668e-03 -3.798207e-02 -5.933115e-02 -1.614970e-01 -1.315693e-01 -2.668484e-01 -3.165149e-01 -4.421537e-01 -5.442426e-01 -8.083322e-01 -1.081114e+00 -2.736440e+00 -9.130941e+00 -2.088118e+01 -3.074614e+01 -3.266852e+01 -3.362455e+01 -3.378784e+01 -3.387163e+01 -3.391209e+01 -3.395509e+01 -3.397116e+01 -3.398190e+01 -3.398626e+01 -3.399145e+01 -3.399546e+01 -3.399676e+01 -3.399810e+01 -3.399876e+01 -3.399917e+01
1.851362e-01 1.013993e-01 1.368865e-01 9.997473e-02 2.169897e-02 8.857665e-03 -1.151577e-01 -2.391350e-01 -3.099220e-01 -5.434332e-01 -8.938741e-01 -1.697355e+00 -4.469351e+00 -1.077436e+01 -2.308972e+01 -3.221317e+01 -3.306267e+01 -3.353679e+01 -3.378122e+01 -3.386382e+01 -3.389977e+01 -3.395343e+01 -3.396831e+01 -3.398233e+01 -3.398843e+01 -3.399332e+01 -3.399550e+01 -3.399724e+01 -3.399803e+01 -3.399870e+01
4.295474e-01 4.033012e-01 3.804436e-01 3.622420e-01 2.523114e-01 1.948425e-01 2.495125e-01 7.314040e-02 4.123589e-02 -1.947504e-01 -3.122986e-01 -1.029452e+00 -2.339153e+00 -7.701709e+00 -1.839677e+01 -2.250230e+01 -3.162941e+01 -3.326883e+01 -3.352317e+01 -3.376896e+01 -3.388749e+01 -3.392407e+01 -3.395354e+01 -3.397082e+01 -3.398078e+01 -3.398732e+01 -3.399191e+01 -3.399526e+01 -3.399687e+01 -3.399797e+01
9.223616e-01 7.541351e-01 7.379558e-01 5.920948e-01 5.509426e-01 6.560094e-01 6.192263e-01 6.837129e-01 3.602644e-01 3.669154e-01 3.333199e-01 -3.310767e-01 -1.065741e+00 -2.625822e+00 -8.987554e+00 -1.633384e+01 -3.055892e+01 -3.226228e+01 -3.323773e+01 -3.358362e+01 -3.379459e+01 -3.387168e+01 -3.391623e+01 -3.395287e+01 -3.397366e+01 -3.398043e+01 -3.398866e+01 -3.399245e+01 -3.399493e+01 -3.399666e+01
1.562856e+00 1.310678e+00 1.301564e+00 1.536717e+00 1.397215e+00 1.237440e+00 1.215235e+00 1.133046e+00 1.069323e+00 1.102025e+00 7.123983e-01 7.559732e-01 -3.796433e-01 -1.222622e+00 -4.031072e+00 -9.293842e+00 -1.997372e+01 -2.873672e+01 -3.222877e+01 -3.318181e+01 -3.363488e+01 -3.378126e+01 -3.387569e+01 -3.391454e+01 -3.395009e+01 -3.397036e+01 -3.398202e+01 -3.398774e+01 -3.399206e+01 -3.399468e+01
2.185281e+00 2.566695e+00 2.177172e+00 1.834178e+00 2.152132e+00 2.134001e+00 2.102554e+00 2.077219e+00 2.378403e+00 1.714957e+00 2.070923e+00 1.481141e+00 1.178578e+00 7.372047e-01 -5.950239e-01 -2.788981e+00 -9.258539e+00 -1.981963e+01 -2.832669e+01 -3.161342e+01 -3.313943e+01 -3.367608e+01 -3.380336e+01 -3.385466e+01 -3.391848e+01 -3.394866e+01 -3.396677e+01 -3.398038e+01 -3.398542e+01 -3.399165e+01
3.506968e+00 3.779921e+00 3.776980e+00 3.492506e+00 3.513398e+00 3.472567e+00 3.731960e+00 3.412664e+00 3.341807e+00 3.317064e+00 3.174932e+00 2.471657e+00 2.674234e+00 2.336794e+00 5.823346e-01 -2.483219e-01 -3.732385e+00 -1.119888e+01 -2.046811e+01 -2.742280e+01 -3.180451e+01 -3.339445e+01 -3.357788e+01 -3.380757e+01 -3.388592e+01 -3.391688e+01 -3.394571e+01 -3.396848e+01 -3.398004e+01 -3.398841e+01
5.324658e+00 4.665524e+00 5.669198e+00 5.317338e+00 5.307613e+00 5.293193e+00 5.271870e+00 5.254184e+00 5.224113e+00 5.147250e+00 5.012423e+00 4.910455e+00 5.296021e+00 3.464112e+00 3.597714e+00 1.761260e+00 -7.079205e-02 -4.370015e+00 -7.833026e+00 -1.828129e+01 -2.875623e+01 -3.224831e+01 -3.293456e+01 -3.353252e+01 -3.377319e+01 -3.384710e+01 -3.393311e+01 -3.395408e+01 -3.396953e+01 -3.397865e+01
8.308364e+00 8.307479e+00 7.521275e+00 8.300335e+00 7.904746e+00 8.289564e+00 7.492540e+00 7.456839e+00 8.211439e+00 7.782196e+00 7.338954e+00 7.197221e+00 8.542473e+00 5.866740e+00 6.175431e+00 5.449378e+00 4.996638e+00 2.128916e+00 -3.113136e+00 -9.025491e+00 -1.699025e+01 -2.388717e+01 -3.116020e+01 -3.308849e+01 -3.359200e+01 -3.373303e+01 -3.385317e+01 -3.390331e+01 -3.394627e+01 -3.396566e+01
1.070026e+01 1.149110e+01 1.069730e+01 1.069428e+01 1.148164e+01 1.068752e+01 1.067997e+01 1.066346e+01 1.102826e+01 1.061292e+01 1.049628e+01 1.040981e+01 9.484220e+00 1.015650e+01 9.445115e+00 9.149589e+00 7.493249e+00 6.243543e+00 3.188589e+00 -1.981176e+00 -7.826083e+00 -1.521144e+01 -2.694603e+01 -3.064750e+01 -3.306846e+01 -3.332964e+01 -3.369358e+01 -3.383482e+01 -3.389785e+01 -3.393898e+01
1.341749e+01 1.304041e+01 1.341585e+01 1.302944e+01 1.264954e+01 1.302944e+01 1.301623e+01 1.301229e+01 1.260350e+01 1.295024e+01 1.288145e+01 1.279809e+01 1.310832e+01 1.261682e+01 1.289661e+01 1.192557e+01 1.083480e+01 1.033160e+01 9.271635e+00 6.197454e+00 -1.157036e+00 -6.775930e+00 -1.278877e+01 -2.440334e+01 -3.132126e+01 -3.299439e+01 -3.350957e+01 -3.371870e+01 -3.382833e+01 -3.389313e+01
1.524549e+01 1.524498e+01 1.452765e+01 1.452639e+01 1.488111e+01 1.487885e+01 1.522689e+01 1.521466e+01 1.590660e+01 1.519093e+01 1.512679e+01 1.542015e+01 1.495240e+01 1.546925e+01 1.457523e+01 1.436492e+01 1.373485e+01 1.268102e+01 1.094050e+01 9.677191e+00 6.972748e+00 6.015302e-01 -6.075588e+00 -1.047201e+01 -2.508258e+01 -2.917270e+01 -3.296913e+01 -3.346591e+01 -3.370034e+01 -3.378618e+01
1.727354e+01 1.727295e+01 1.727193e+01 1.727157e+01 1.726879e+01 1.726592e+01 1.693151e+01 1.724870e+01 1.691405e+01 1.785637e+01 1.717126e+01 1.682402e+01 1.736245e+01 1.700266e+01 1.665637e+01 1.669615e+01 1.653175e+01 1.548035e+01 1.476498e+01 1.247938e+01 1.086615e+01 7.110311e+00 3.946819e+00 -8.293607e+00 -1.443676e+01 -2.637686e+01 -3.139353e+01 -3.302064e+01 -3.353935e+01 -3.361807e+01
1.910909e+01 1.910853e+01 1.910770e+01 1.910625e+01 1.910574e+01 1.910282e+01 1.909683e+01 1.966072e+01 1.908391e+01 1.935593e+01 1.902997e+01 1.927075e+01 1.923079e+01 1.851232e+01 1.869944e+01 1.781551e+01 1.812835e+01 1.685619e+01 1.669945e+01 1.603868e+01 1.463760e+01 1.140264e+01 8.092130e+00 9.739250e-01 -4.966974e+00 -1.302476e+01 -2.530990e+01 -3.091193e+01 -3.242168e+01 -3.350644e+01
2.074797e+01 2.074766e+01 2.074707e+01 2.074604e+01 2.074450e+01 2.048035e+01 2.021480e+01 2.098566e+01 2.072593e+01 2.070913e+01 2.068877e+01 2.013968e+01 2.059104e+01 2.054110e+01 2.035405e+01 1.972156e+01 1.983322e+01 1.956132e+01 1.868884e+01 1.792391e+01 1.660344e+01 1.360705e+01 1.233877e+01 8.217775e+00 3.489512e+00 -2.761336e+00 -1.483142e+01 -2.438243e+01 -3.027023e+01 -3.271870e+01
2.219550e+01 2.219510e+01 2.219466e+01 2.219423e+01 2.196188e+01 2.219197e+01 2.218673e+01 2.218376e+01 2.217863e+01 2.216781e+01 2.214320e+01 2.211042e+01 2.209772e+01 2.177352e+01 2.169914e+01 2.169006e+01 2.148967e+01 2.159711e+01 2.057962e+01 1.958950e+01 1.882155e+01 1.742269e+01 1.514500e+01 1.157915e+01 7.276000e+00 3.308649e+00 -4.201945e+00 -1.398042e+01 -2.305310e+01 -3.017298e+01
2.346415e+01 2.346386e+01 2.384931e+01 2.326103e+01 2.305824e+01 2.346039e+01 2.345870e+01 2.305121e+01 2.345114e+01 2.323835e+01 2.380931e+01 2.341085e+01 2.338321e+01 2.330260e+01 2.322059e+01 2.288308e+01 2.284208e+01 2.254709e+01 2.180354e+01 2.190604e+01 2.059221e+01 1.887859e+01 1.787926e+01 1.535246e+01 1.305317e+01 8.813802e+00 2.293293e+00 -5.690761e+00 -1.300906e+01 -2.333435e+01
2.457022e+01 2.456999e+01 2.421806e+01 2.439331e+01 2.473617e+01 2.473525e+01 2.456570e+01 2.421102e+01 2.455585e+01 2.454825e+01 2.454493e+01 2.452259e+01 2.450292e+01 2.443588e+01 2.439351e+01 2.422260e+01 2.411676e+01 2.380785e+01 2.372135e+01 2.306720e+01 2.195066e+01 2.147193e+01 1.952475e+01 1.827610e+01 1.605931e+01 1.341668e+01 1.017727e+01 2.805765e+00 -4.635618e+00 -1.473223e+01
2.522619e+01 2.553139e+01 2.552416e+01 2.553074e+01 2.553038e+01 2.567480e+01 2.581821e+01 2.552578e+01 2.552123e+01 2.551780e+01 2.549943e+01 2.533183e+01 2.545740e+01 2.513571e+01 2.538393e+01 2.511580e+01 2.503909e+01 2.489450e+01 2.483507e+01 2.438260e+01 2.385775e+01 2.248207e+01 2.129719e+01 2.051871e+01 1.772991e+01 1.635975e+01 1.374838e+01 9.444297e+00 3.779577e+00 -6.342487e+00
2.649184e+01 2.610063e+01 2.636530e+01 2.661726e+01 2.623192e+01 2.648990e+01 2.609767e+01 2.636072e+01 2.635622e+01 2.635022e+01 2.634655e+01 2.633454e+01 2.630330e+01 2.627134e+01 2.596937e+01 2.590321e+01 2.622757e+01 2.604475e+01 2.563221e+01 2.518094e+01 2.479487e+01 2.388370e+01 2.327431e+01 2.158974e+01 2.037536e+01 1.806109e+01 1.607154e+01 1.433684e+01 9.827968e+00 5.100371e+00
2.685876e+01 2.697327e+01 2.708771e+01 2.708743e+01 2.697231e+01 2.685720e+01 2.685631e+01 2.708253e+01 2.685198e+01 2.684679e+01 2.706526e+01 2.705341e+01 2.703891e+01 2.679488e+01 2.698349e+01 2.668039e+01 2.654993e+01 2.657622e+01 2.616419e+01 2.603181e+01 2.553210e+01 2.506566e+01 2.424798e+01 2.290043e+01 2.185425e+01 2.060517e+01 1.835619e+01 1.585671e+01 1.367877e+01 9.157334e+00
