# ngamma, nT
50 30
# T_centers_log10(K): 
1.100000e+00 1.300000e+00 1.500000e+00 1.700000e+00 1.900000e+00 2.100000e+00 2.300000e+00 2.500000e+00 2.700000e+00 2.900000e+00 3.100000e+00 3.300000e+00 3.500000e+00 3.700000e+00 3.900000e+00 4.100000e+00 4.300000e+00 4.500000e+00 4.700000e+00 4.900000e+00 5.100000e+00 5.300000e+00 5.500000e+00 5.700000e+00 5.900000e+00 6.100000e+00 6.300000e+00 6.500000e+00 6.700000e+00 6.900000e+00
# gamma_centers_log10(K**0.5 cm**-3):
-4.000000e+00 -3.795918e+00 -3.591837e+00 -3.387755e+00 -3.183673e+00 -2.979592e+00 -2.775510e+00 -2.571429e+00 -2.367347e+00 -2.163265e+00 -1.959184e+00 -1.755102e+00 -1.551020e+00 -1.346939e+00 -1.142857e+00 -9.387755e-01 -7.346939e-01 -5.306122e-01 -3.265306e-01 -1.224490e-01 8.163265e-02 2.857143e-01 4.897959e-01 6.938776e-01 8.979592e-01 1.102041e+00 1.306122e+00 1.510204e+00 1.714286e+00 1.918367e+00 2.122449e+00 2.326531e+00 2.530612e+00 2.734694e+00 2.938776e+00 3.142857e+00 3.346939e+00 3.551020e+00 3.755102e+00 3.959184e+00 4.163265e+00 4.367347e+00 4.571429e+00 4.775510e+00 4.979592e+00 5.183673e+00 5.387755e+00 5.591837e+00 5.795918e+00 6.000000e+00
# Columns: median values for each T bin from left to right
2.926164e-03 2.425056e-03 2.336664e-03 1.936359e-03 1.009404e-02 3.625547e-01 1.688813e+00 2.232229e-01 2.725631e-02 1.325304e-02 5.583327e-03 2.771848e-03 1.700098e-03 1.064614e-03 7.932563e-04 6.120331e-04 4.985201e-04 3.291661e-04 2.738657e-04 2.305003e-04 1.759556e-04 1.328897e-04 1.049377e-04 8.939601e-05 6.798641e-05 5.943638e-05 4.520690e-05 3.420044e-05 2.992546e-05 2.270477e-05
3.827079e-03 3.292006e-03 2.949981e-03 2.437383e-03 2.027431e-02 3.014006e-01 1.842527e+00 4.257338e-01 4.518671e-02 1.546875e-02 5.006021e-03 3.083119e-03 1.984214e-03 1.227154e-03 9.135560e-04 7.115501e-04 5.584395e-04 4.477056e-04 3.217335e-04 2.622190e-04 2.053606e-04 1.675570e-04 1.317006e-04 1.160960e-04 8.431763e-05 6.478940e-05 5.322122e-05 4.151235e-05 3.492649e-05 2.851143e-05
5.004795e-03 3.842139e-03 3.578860e-03 3.021154e-03 5.060324e-03 2.300467e-01 1.055053e+00 1.902985e-01 9.266410e-02 1.956507e-02 6.819139e-03 3.899052e-03 2.202255e-03 1.614607e-03 1.282406e-03 8.923110e-04 6.526512e-04 5.233081e-04 3.913946e-04 3.392007e-04 2.747146e-04 2.112680e-04 1.708144e-04 1.394412e-04 1.002444e-04 8.169117e-05 7.124435e-05 5.460227e-05 4.403785e-05 3.447143e-05
5.853291e-03 5.044188e-03 4.779393e-03 4.192476e-03 6.243566e-03 1.995927e-01 9.551598e-01 5.086867e-01 5.474772e-02 1.959042e-02 9.960344e-03 4.711558e-03 3.346434e-03 2.035817e-03 1.474545e-03 1.125091e-03 8.878071e-04 6.543474e-04 5.489733e-04 4.602157e-04 3.295449e-04 2.770814e-04 2.174626e-04 1.674436e-04 1.365490e-04 1.061460e-04 8.688461e-05 6.372720e-05 5.552611e-05 4.657173e-05
7.395453e-03 5.997604e-03 6.142863e-03 4.893061e-03 4.950046e-03 1.489571e-01 1.044724e+00 1.346769e+00 1.340668e-01 2.671179e-02 1.360924e-02 6.676903e-03 4.258225e-03 2.459882e-03 2.044861e-03 1.313112e-03 1.119412e-03 8.913263e-04 6.655370e-04 5.802733e-04 4.582732e-04 3.124002e-04 2.562597e-04 2.154138e-04 1.721708e-04 1.390528e-04 1.132642e-04 8.284701e-05 7.001190e-05 5.645351e-05
9.324445e-03 8.319973e-03 7.173700e-03 6.655044e-03 5.748442e-03 1.283226e-01 7.964427e-01 1.066051e+00 1.153489e-01 4.662608e-02 1.422031e-02 7.490672e-03 5.418020e-03 3.236559e-03 2.339991e-03 1.798420e-03 1.413773e-03 1.044124e-03 8.756651e-04 7.099956e-04 5.143063e-04 4.214800e-04 3.344163e-04 2.612128e-04 2.150967e-04 1.687509e-04 1.428117e-04 1.094521e-04 8.827536e-05 6.937143e-05
1.175638e-02 1.013475e-02 9.044877e-03 8.079815e-03 7.291573e-03 1.866324e-01 8.723378e-01 1.462126e+00 9.453003e-02 4.570781e-02 1.793200e-02 9.826108e-03 5.853285e-03 4.277854e-03 3.187457e-03 2.186394e-03 1.526896e-03 1.417031e-03 1.104102e-03 7.967117e-04 6.943309e-04 5.365507e-04 4.359112e-04 3.558138e-04 2.712095e-04 2.298658e-04 1.688736e-04 1.277433e-04 1.071322e-04 9.409539e-05
1.530758e-02 1.224264e-02 1.163557e-02 1.018728e-02 9.093133e-03 8.809869e-02 9.421052e-01 2.050916e+00 1.867450e-01 5.769696e-02 2.261399e-02 1.142913e-02 7.380387e-03 4.931003e-03 3.534373e-03 3.088824e-03 2.247621e-03 1.727192e-03 1.292777e-03 1.119933e-03 8.754629e-04 6.668670e-04 5.496284e-04 4.054875e-04 3.291306e-04 2.984158e-04 2.250494e-04 1.725382e-04 1.409255e-04 1.150310e-04
1.868665e-02 1.548814e-02 1.496192e-02 1.234714e-02 1.237265e-02 6.539433e-02 1.200220e+00 1.988706e+00 3.741162e-01 7.879810e-02 3.176856e-02 1.441172e-02 1.086152e-02 6.548231e-03 4.730253e-03 3.595257e-03 2.725880e-03 2.015836e-03 1.811583e-03 1.368362e-03 1.035691e-03 8.571083e-04 6.997163e-04 5.446413e-04 4.658051e-04 3.514508e-04 2.837585e-04 2.181984e-04 1.911657e-04 1.450395e-04
2.355702e-02 1.952607e-02 1.813797e-02 1.620249e-02 1.394912e-02 5.109711e-02 5.374264e-01 1.749742e+00 4.566422e-01 9.968770e-02 4.007829e-02 1.970217e-02 1.452942e-02 9.161600e-03 5.655315e-03 4.563169e-03 3.570406e-03 2.454148e-03 2.134909e-03 1.725332e-03 1.391812e-03 1.000345e-03 9.349319e-04 7.132410e-04 5.078768e-04 4.471263e-04 3.641205e-04 2.938166e-04 2.231126e-04 1.799064e-04
2.957020e-02 2.649878e-02 2.285166e-02 2.004642e-02 1.754475e-02 4.363265e-02 6.699164e-01 2.213287e+00 9.455367e-01 1.368478e-01 3.842289e-02 2.729977e-02 1.479654e-02 1.081313e-02 7.583340e-03 5.731379e-03 4.498054e-03 3.581530e-03 2.691855e-03 2.175427e-03 1.762781e-03 1.444144e-03 1.112409e-03 8.655670e-04 7.336956e-04 5.562205e-04 4.873583e-04 3.458587e-04 2.836633e-04 2.268390e-04
3.652184e-02 3.345635e-02 2.771286e-02 2.573562e-02 2.221671e-02 6.241538e-02 3.657746e-01 2.844073e+00 5.603059e-01 1.438157e-01 5.953034e-02 2.890586e-02 2.002253e-02 1.405220e-02 9.482563e-03 7.187496e-03 5.671537e-03 4.215072e-03 3.371900e-03 2.939910e-03 2.212708e-03 1.590350e-03 1.402607e-03 1.179042e-03 8.642927e-04 7.879561e-04 5.358342e-04 4.360859e-04 3.576632e-04 2.691179e-04
4.868449e-02 4.059327e-02 3.630389e-02 3.368507e-02 3.125404e-02 3.577078e-02 3.215842e-01 1.934490e+00 1.070056e+00 2.232928e-01 8.131922e-02 4.616909e-02 2.941047e-02 1.771999e-02 1.291772e-02 9.182974e-03 6.894690e-03 5.290068e-03 4.238303e-03 3.706870e-03 2.927501e-03 2.166317e-03 1.768511e-03 1.443371e-03 1.058948e-03 8.922796e-04 7.235392e-04 5.907246e-04 4.435132e-04 3.621149e-04
6.411082e-02 5.744676e-02 5.126920e-02 4.333250e-02 3.790302e-02 5.708336e-02 2.451575e-01 1.345675e+00 8.074112e-01 3.158311e-01 1.028090e-01 5.408836e-02 3.294639e-02 2.414362e-02 1.615273e-02 1.234578e-02 9.749747e-03 6.701292e-03 5.809460e-03 4.711099e-03 3.615668e-03 2.813154e-03 2.552842e-03 1.819887e-03 1.380406e-03 1.199083e-03 9.162960e-04 7.489785e-04 6.092083e-04 4.973131e-04
8.325523e-02 6.947440e-02 6.463822e-02 5.561550e-02 4.775611e-02 4.795307e-02 3.567879e-01 1.153980e+00 2.585829e+00 2.904409e-01 1.461117e-01 7.425218e-02 4.045594e-02 2.954638e-02 2.200728e-02 1.556779e-02 1.230379e-02 9.454350e-03 6.780395e-03 5.893297e-03 4.813359e-03 3.444032e-03 3.008461e-03 2.316383e-03 2.164294e-03 1.525630e-03 1.253598e-03 9.739462e-04 7.169483e-04 6.193834e-04
1.009123e-01 8.424503e-02 7.985518e-02 6.742899e-02 6.249908e-02 5.482321e-02 2.741221e-01 9.938591e-01 2.192044e+00 4.223831e-01 1.940141e-01 9.470606e-02 5.246039e-02 3.555229e-02 2.456278e-02 1.968521e-02 1.433697e-02 1.151050e-02 9.268240e-03 7.790212e-03 5.868422e-03 4.646485e-03 4.097881e-03 3.096216e-03 2.204673e-03 1.906305e-03 1.553120e-03 1.200862e-03 9.685195e-04 7.938555e-04
1.221284e-01 1.054505e-01 1.020462e-01 8.468843e-02 7.865271e-02 7.136496e-02 2.402798e-01 7.282893e-01 2.557866e+00 7.274295e-01 2.608269e-01 1.134748e-01 6.797035e-02 4.847757e-02 3.295099e-02 2.489350e-02 1.953324e-02 1.439382e-02 1.121330e-02 9.406902e-03 7.180636e-03 5.423028e-03 4.469915e-03 3.922506e-03 3.184959e-03 2.425458e-03 1.975628e-03 1.494973e-03 1.139805e-03 9.928125e-04
1.528039e-01 1.423910e-01 1.234239e-01 1.084930e-01 9.519660e-02 8.667347e-02 1.890554e-01 6.912648e-01 1.911240e+00 1.326867e+00 2.630834e-01 1.498730e-01 8.260433e-02 6.120431e-02 4.088010e-02 3.152064e-02 2.463333e-02 1.830294e-02 1.468575e-02 1.190849e-02 9.606041e-03 7.387213e-03 6.088841e-03 4.599773e-03 3.751892e-03 3.044429e-03 2.480089e-03 1.893020e-03 1.649595e-03 1.241576e-03
1.966139e-01 1.715338e-01 1.489677e-01 1.287744e-01 1.172966e-01 1.031880e-01 1.624181e-01 5.827246e-01 1.778949e+00 1.949049e+00 2.997675e-01 1.930128e-01 1.207740e-01 7.876448e-02 5.124948e-02 4.297096e-02 3.109641e-02 2.302845e-02 1.864713e-02 1.507910e-02 1.211263e-02 9.314621e-03 7.587128e-03 6.147552e-03 4.774437e-03 3.856019e-03 2.932844e-03 2.317682e-03 2.079932e-03 1.565471e-03
2.274050e-01 2.089464e-01 1.851114e-01 1.669616e-01 1.553154e-01 1.338018e-01 1.325935e-01 5.165911e-01 1.255136e+00 2.654785e+00 4.367084e-01 2.459945e-01 1.362131e-01 9.044035e-02 6.227471e-02 5.037910e-02 3.922927e-02 2.897701e-02 2.335478e-02 1.823016e-02 1.426460e-02 1.262855e-02 9.680563e-03 7.313033e-03 6.020034e-03 5.205277e-03 3.730167e-03 3.035156e-03 2.427526e-03 1.857249e-03
2.821916e-01 2.659585e-01 2.504618e-01 2.070957e-01 1.800540e-01 1.704377e-01 1.673804e-01 3.978648e-01 1.096143e+00 2.978985e+00 5.385810e-01 3.202349e-01 1.805827e-01 1.110738e-01 8.904994e-02 5.807480e-02 4.946580e-02 3.648620e-02 2.966032e-02 2.369216e-02 1.815598e-02 1.466935e-02 1.220661e-02 9.544340e-03 7.521103e-03 5.900446e-03 5.037270e-03 3.762399e-03 3.334459e-03 2.699806e-03
3.345421e-01 3.086815e-01 2.907293e-01 2.560864e-01 2.395430e-01 2.159114e-01 1.831231e-01 3.521480e-01 8.997546e-01 1.819081e+00 8.888022e-01 4.346735e-01 2.193969e-01 1.454898e-01 1.060091e-01 8.038888e-02 6.245493e-02 4.614696e-02 3.990254e-02 2.988229e-02 2.450896e-02 1.867619e-02 1.531850e-02 1.344248e-02 9.483494e-03 7.729855e-03 5.930338e-03 4.743943e-03 4.169348e-03 3.176897e-03
4.003477e-01 3.690430e-01 3.596056e-01 3.111417e-01 2.936253e-01 2.485898e-01 2.368374e-01 2.635261e-01 6.955336e-01 1.751493e+00 3.243526e+00 4.974225e-01 3.221153e-01 1.855914e-01 1.220817e-01 1.092117e-01 7.892060e-02 5.836325e-02 4.674306e-02 3.799747e-02 2.989171e-02 2.378071e-02 1.903952e-02 1.631473e-02 1.184754e-02 9.658907e-03 7.869151e-03 5.622940e-03 4.723072e-03 4.022036e-03
4.626893e-01 4.346695e-01 4.078304e-01 3.937301e-01 3.448241e-01 3.249954e-01 2.763726e-01 3.185155e-01 5.890527e-01 1.348398e+00 2.880265e+00 6.596301e-01 3.611627e-01 2.704918e-01 1.605847e-01 1.272697e-01 9.986036e-02 7.355676e-02 5.960693e-02 5.140904e-02 3.659573e-02 2.999408e-02 2.424433e-02 1.913057e-02 1.493943e-02 1.321779e-02 9.675439e-03 8.148115e-03 6.238802e-03 5.009523e-03
5.062635e-01 4.924150e-01 4.527095e-01 4.594890e-01 3.880972e-01 3.798808e-01 3.543028e-01 3.687468e-01 4.876012e-01 1.059322e+00 3.597915e+00 1.811732e+00 5.662785e-01 3.544773e-01 2.194781e-01 1.502064e-01 1.169480e-01 9.268006e-02 7.530767e-02 5.850730e-02 4.639410e-02 3.711765e-02 3.043219e-02 2.342648e-02 1.919082e-02 1.563712e-02 1.178611e-02 1.027412e-02 7.221261e-03 6.795904e-03
5.359013e-01 5.317882e-01 5.256509e-01 4.941985e-01 4.800203e-01 4.486842e-01 3.995615e-01 3.940228e-01 5.033566e-01 7.311269e-01 2.484825e+00 1.732865e+00 8.693424e-01 4.652995e-01 2.786758e-01 2.071341e-01 1.610760e-01 1.174220e-01 9.847227e-02 7.681048e-02 6.158151e-02 4.751831e-02 3.712652e-02 2.747574e-02 2.375850e-02 1.880938e-02 1.577682e-02 1.199154e-02 9.919012e-03 7.997212e-03
5.434694e-01 5.541778e-01 5.559274e-01 5.626076e-01 5.302429e-01 5.165711e-01 4.986500e-01 4.656494e-01 5.111693e-01 7.756473e-01 1.557246e+00 3.280390e+00 1.118561e+00 5.204222e-01 3.602201e-01 2.681545e-01 1.748437e-01 1.505041e-01 1.198701e-01 9.758321e-02 7.329607e-02 5.999130e-02 4.844705e-02 3.744966e-02 2.996605e-02 2.281197e-02 1.989538e-02 1.411628e-02 1.245556e-02 1.016640e-02
5.480193e-01 5.682279e-01 5.735634e-01 5.915450e-01 5.787608e-01 5.742481e-01 5.780066e-01 5.168580e-01 5.395108e-01 6.670222e-01 1.239703e+00 3.752933e+00 2.056695e+00 8.967955e-01 4.942157e-01 3.375472e-01 2.658538e-01 1.904579e-01 1.523609e-01 1.317300e-01 1.002820e-01 7.846972e-02 6.086984e-02 4.504850e-02 3.797938e-02 3.080644e-02 2.384127e-02 1.939562e-02 1.551070e-02 1.271502e-02
5.586869e-01 5.816328e-01 5.995474e-01 6.104459e-01 6.306733e-01 6.327563e-01 6.308125e-01 6.176012e-01 6.430420e-01 7.037288e-01 1.038875e+00 2.634840e+00 3.734496e+00 1.295314e+00 6.520485e-01 4.736906e-01 3.481032e-01 2.459837e-01 1.946019e-01 1.498976e-01 1.174640e-01 8.907157e-02 8.079608e-02 6.581142e-02 5.179554e-02 3.809725e-02 3.007052e-02 2.431081e-02 1.972403e-02 1.718051e-02
5.954616e-01 6.191899e-01 6.253557e-01 6.468675e-01 6.858130e-01 6.872008e-01 6.990508e-01 6.992525e-01 7.002623e-01 7.451224e-01 8.654004e-01 1.495088e+00 3.575942e+00 2.640884e+00 1.126468e+00 7.627768e-01 4.228467e-01 3.204467e-01 2.505281e-01 2.079445e-01 1.492384e-01 1.197383e-01 9.499299e-02 8.279817e-02 6.540707e-02 4.764449e-02 4.028156e-02 3.085224e-02 2.487499e-02 2.038502e-02
6.708069e-01 6.609218e-01 6.933739e-01 7.145014e-01 7.374049e-01 7.685725e-01 7.747907e-01 7.890281e-01 7.964174e-01 8.417239e-01 9.647224e-01 1.232614e+00 2.194796e+00 3.611113e+00 2.284688e+00 8.721806e-01 6.553600e-01 4.699291e-01 3.267692e-01 2.592636e-01 2.228611e-01 1.521951e-01 1.258108e-01 9.398241e-02 7.609260e-02 5.781258e-02 4.745468e-02 3.714169e-02 3.137548e-02 2.549969e-02
7.834494e-01 7.986067e-01 8.036375e-01 8.254976e-01 8.165212e-01 8.349470e-01 8.903889e-01 8.917355e-01 8.968342e-01 9.248654e-01 9.878585e-01 1.169847e+00 1.606500e+00 3.342530e+00 3.296436e+00 2.395400e+00 9.982860e-01 5.853955e-01 4.790242e-01 3.372785e-01 2.362533e-01 1.943940e-01 1.522433e-01 1.208377e-01 9.808663e-02 7.968689e-02 6.362495e-02 4.870119e-02 3.958229e-02 3.190027e-02
9.920901e-01 9.445369e-01 9.486437e-01 9.126402e-01 9.199175e-01 9.804595e-01 9.953828e-01 1.051028e+00 1.010149e+00 1.046025e+00 1.108064e+00 1.181928e+00 1.382950e+00 1.806710e+00 3.907638e+00 3.886861e+00 1.190354e+00 8.789149e-01 6.010848e-01 4.513399e-01 3.192633e-01 2.529532e-01 2.047003e-01 1.536166e-01 1.148605e-01 9.900252e-02 7.536088e-02 6.148873e-02 5.037139e-02 4.091193e-02
1.163848e+00 1.110123e+00 1.113361e+00 1.172269e+00 1.151238e+00 1.128398e+00 1.141882e+00 1.150329e+00 1.165084e+00 1.205204e+00 1.185401e+00 1.289444e+00 1.353914e+00 1.640035e+00 2.471866e+00 4.140993e+00 3.004854e+00 1.474570e+00 8.887396e-01 6.255220e-01 4.248031e-01 3.301908e-01 2.491003e-01 2.068299e-01 1.581551e-01 1.218125e-01 9.490261e-02 7.836497e-02 6.307321e-02 5.163379e-02
1.273432e+00 1.323841e+00 1.275531e+00 1.226543e+00 1.281741e+00 1.286060e+00 1.291972e+00 1.300048e+00 1.347206e+00 1.300895e+00 1.369725e+00 1.361041e+00 1.414148e+00 1.549070e+00 1.780263e+00 2.289848e+00 4.207411e+00 3.071059e+00 1.549885e+00 1.025005e+00 6.427127e-01 4.015057e-01 3.136585e-01 2.698953e-01 2.022149e-01 1.604348e-01 1.290515e-01 9.915229e-02 8.546976e-02 6.466780e-02
1.410418e+00 1.429357e+00 1.429864e+00 1.412760e+00 1.411658e+00 1.415811e+00 1.435059e+00 1.423149e+00 1.429847e+00 1.440137e+00 1.459632e+00 1.453071e+00 1.500223e+00 1.573475e+00 1.729277e+00 1.910928e+00 2.685825e+00 4.718033e+00 3.004413e+00 1.703864e+00 9.951305e-01 5.457775e-01 4.582483e-01 3.103430e-01 2.392850e-01 2.042111e-01 1.650104e-01 1.257140e-01 1.000063e-01 7.621121e-02
1.506646e+00 1.479669e+00 1.518513e+00 1.507602e+00 1.508389e+00 1.509848e+00 1.510956e+00 1.513631e+00 1.516475e+00 1.526089e+00 1.540188e+00 1.545097e+00 1.586236e+00 1.622325e+00 1.684103e+00 1.774429e+00 2.104314e+00 3.062315e+00 4.135369e+00 3.566026e+00 1.516789e+00 9.008499e-01 7.165080e-01 4.826129e-01 3.373848e-01 2.769034e-01 1.832218e-01 1.516633e-01 1.235258e-01 1.034431e-01
1.572369e+00 1.572537e+00 1.562181e+00 1.572862e+00 1.568347e+00 1.573932e+00 1.565453e+00 1.568204e+00 1.579088e+00 1.580357e+00 1.578736e+00 1.599506e+00 1.618660e+00 1.648239e+00 1.689597e+00 1.762265e+00 1.877906e+00 2.064358e+00 2.911469e+00 4.564871e+00 3.980551e+00 2.333962e+00 1.129675e+00 6.666234e-01 4.516092e-01 3.658065e-01 2.715937e-01 2.203613e-01 1.641883e-01 1.312200e-01
1.583145e+00 1.582319e+00 1.583409e+00 1.584107e+00 1.583235e+00 1.584944e+00 1.585960e+00 1.586912e+00 1.588982e+00 1.592521e+00 1.598520e+00 1.607952e+00 1.622886e+00 1.643443e+00 1.685725e+00 1.726642e+00 1.798901e+00 1.904582e+00 2.071095e+00 2.781217e+00 4.302320e+00 4.565315e+00 1.806122e+00 1.224447e+00 6.728325e-01 5.759888e-01 3.920939e-01 2.881321e-01 2.265209e-01 1.748826e-01
1.567942e+00 1.572043e+00 1.568107e+00 1.571439e+00 1.575815e+00 1.573138e+00 1.574454e+00 1.574846e+00 1.580353e+00 1.580980e+00 1.587705e+00 1.595751e+00 1.598224e+00 1.621084e+00 1.648089e+00 1.686024e+00 1.756468e+00 1.831437e+00 1.891180e+00 2.038884e+00 2.698400e+00 4.040677e+00 4.752274e+00 2.237014e+00 1.103616e+00 6.983136e-01 4.947336e-01 3.758408e-01 2.937485e-01 2.317142e-01
1.543099e+00 1.543152e+00 1.554374e+00 1.554503e+00 1.549303e+00 1.549536e+00 1.545036e+00 1.546307e+00 1.534427e+00 1.548763e+00 1.555345e+00 1.554838e+00 1.572837e+00 1.578458e+00 1.608776e+00 1.633038e+00 1.680730e+00 1.758134e+00 1.834336e+00 1.928758e+00 2.062118e+00 2.554723e+00 3.864906e+00 4.487323e+00 2.114011e+00 1.468598e+00 7.082774e-01 5.159138e-01 3.878636e-01 3.278281e-01
1.502433e+00 1.502497e+00 1.502609e+00 1.502648e+00 1.502951e+00 1.503264e+00 1.511322e+00 1.505139e+00 1.513204e+00 1.492444e+00 1.513482e+00 1.522796e+00 1.519102e+00 1.531159e+00 1.565536e+00 1.583338e+00 1.608734e+00 1.680436e+00 1.748030e+00 1.833334e+00 1.944217e+00 2.110388e+00 2.300424e+00 4.508795e+00 4.746218e+00 1.903091e+00 1.090997e+00 6.899503e-01 4.798165e-01 4.374574e-01
1.453037e+00 1.453102e+00 1.453198e+00 1.453366e+00 1.453425e+00 1.453762e+00 1.454453e+00 1.436926e+00 1.455940e+00 1.448341e+00 1.460502e+00 1.458079e+00 1.462594e+00 1.494961e+00 1.497987e+00 1.543720e+00 1.553836e+00 1.632855e+00 1.669268e+00 1.735427e+00 1.807027e+00 1.955744e+00 2.094506e+00 2.599495e+00 3.653941e+00 4.960081e+00 2.078517e+00 1.181274e+00 8.649926e-01 4.963765e-01
1.396890e+00 1.396927e+00 1.397001e+00 1.397129e+00 1.397318e+00 1.407223e+00 1.417290e+00 1.388671e+00 1.399610e+00 1.401670e+00 1.404154e+00 1.426249e+00 1.415868e+00 1.421724e+00 1.441506e+00 1.472852e+00 1.496776e+00 1.522332e+00 1.582923e+00 1.651170e+00 1.748534e+00 1.879347e+00 1.944859e+00 2.124825e+00 2.405189e+00 3.159621e+00 4.407386e+00 2.240152e+00 1.277888e+00 7.848585e-01
1.335634e+00 1.335688e+00 1.335748e+00 1.335804e+00 1.346429e+00 1.336107e+00 1.336805e+00 1.337200e+00 1.337882e+00 1.339317e+00 1.342560e+00 1.346838e+00 1.348482e+00 1.370516e+00 1.379583e+00 1.397879e+00 1.420017e+00 1.435795e+00 1.507730e+00 1.586341e+00 1.651764e+00 1.733877e+00 1.834619e+00 1.991739e+00 2.180376e+00 2.429476e+00 3.471290e+00 4.839228e+00 2.490894e+00 1.309005e+00
1.270957e+00 1.270999e+00 1.249037e+00 1.282036e+00 1.293064e+00 1.271499e+00 1.271743e+00 1.294051e+00 1.272832e+00 1.285260e+00 1.254920e+00 1.278579e+00 1.282472e+00 1.293600e+00 1.304594e+00 1.332428e+00 1.351596e+00 1.384656e+00 1.438369e+00 1.456691e+00 1.549946e+00 1.667296e+00 1.723967e+00 1.849385e+00 1.950613e+00 2.119394e+00 2.529640e+00 3.846422e+00 5.033411e+00 2.597331e+00
1.204515e+00 1.204550e+00 1.226832e+00 1.215802e+00 1.193664e+00 1.193810e+00 1.205219e+00 1.227901e+00 1.206751e+00 1.207928e+00 1.208442e+00 1.211874e+00 1.214872e+00 1.224905e+00 1.231109e+00 1.255132e+00 1.269277e+00 1.307820e+00 1.326980e+00 1.391324e+00 1.480011e+00 1.521987e+00 1.643052e+00 1.714122e+00 1.830942e+00 1.941107e+00 2.067897e+00 2.489784e+00 3.588309e+00 4.737987e+00
1.159916e+00 1.137708e+00 1.137774e+00 1.137817e+00 1.137879e+00 1.127006e+00 1.116311e+00 1.138652e+00 1.139416e+00 1.139990e+00 1.143050e+00 1.156542e+00 1.149954e+00 1.174476e+00 1.161711e+00 1.190104e+00 1.212346e+00 1.231718e+00 1.254891e+00 1.303220e+00 1.349032e+00 1.461623e+00 1.554253e+00 1.605867e+00 1.756625e+00 1.821782e+00 1.931634e+00 2.102509e+00 2.419337e+00 4.031696e+00
1.060614e+00 1.093447e+00 1.071551e+00 1.049885e+00 1.082687e+00 1.060971e+00 1.093971e+00 1.072381e+00 1.073194e+00 1.074277e+00 1.074937e+00 1.077088e+00 1.082619e+00 1.088187e+00 1.115936e+00 1.126747e+00 1.115647e+00 1.142836e+00 1.184624e+00 1.238452e+00 1.284067e+00 1.369220e+00 1.429481e+00 1.543573e+00 1.622187e+00 1.745341e+00 1.839948e+00 1.912976e+00 2.088535e+00 2.333441e+00
1.028155e+00 1.017511e+00 1.006879e+00 1.006933e+00 1.017696e+00 1.028453e+00 1.028623e+00 1.007888e+00 1.029446e+00 1.030428e+00 1.011230e+00 1.013506e+00 1.016267e+00 1.040111e+00 1.026614e+00 1.060524e+00 1.082292e+00 1.094488e+00 1.140498e+00 1.169897e+00 1.220810e+00 1.279168e+00 1.351822e+00 1.461992e+00 1.537631e+00 1.613065e+00 1.734347e+00 1.850675e+00 1.940873e+00 2.119584e+00
