# ngamma, nT
50 30
# T_centers_log10(K): 
1.100000e+00 1.300000e+00 1.500000e+00 1.700000e+00 1.900000e+00 2.100000e+00 2.300000e+00 2.500000e+00 2.700000e+00 2.900000e+00 3.100000e+00 3.300000e+00 3.500000e+00 3.700000e+00 3.900000e+00 4.100000e+00 4.300000e+00 4.500000e+00 4.700000e+00 4.900000e+00 5.100000e+00 5.300000e+00 5.500000e+00 5.700000e+00 5.900000e+00 6.100000e+00 6.300000e+00 6.500000e+00 6.700000e+00 6.900000e+00
# gamma_centers_log10(K**0.5 cm**-3):
-4.000000e+00 -3.795918e+00 -3.591837e+00 -3.387755e+00 -3.183673e+00 -2.979592e+00 -2.775510e+00 -2.571429e+00 -2.367347e+00 -2.163265e+00 -1.959184e+00 -1.755102e+00 -1.551020e+00 -1.346939e+00 -1.142857e+00 -9.387755e-01 -7.346939e-01 -5.306122e-01 -3.265306e-01 -1.224490e-01 8.163265e-02 2.857143e-01 4.897959e-01 6.938776e-01 8.979592e-01 1.102041e+00 1.306122e+00 1.510204e+00 1.714286e+00 1.918367e+00 2.122449e+00 2.326531e+00 2.530612e+00 2.734694e+00 2.938776e+00 3.142857e+00 3.346939e+00 3.551020e+00 3.755102e+00 3.959184e+00 4.163265e+00 4.367347e+00 4.571429e+00 4.775510e+00 4.979592e+00 5.183673e+00 5.387755e+00 5.591837e+00 5.795918e+00 6.000000e+00
# Columns: median values for each T bin from left to right
-9.999914e-01 -9.999941e-01 -9.999945e-01 -9.999963e-01 -1.000096e+00 -1.150155e+00 -8.579627e+00 -2.095216e+01 -2.099926e+01 -2.099982e+01 -2.099997e+01 -2.099999e+01 -2.100000e+01 -2.100000e+01 -2.100000e+01 -2.100000e+01 -2.100000e+01 -2.100000e+01 -2.100000e+01 -2.100000e+01 -2.100000e+01 -2.100000e+01 -2.100000e+01 -2.100000e+01 -2.100000e+01 -2.100000e+01 -2.100000e+01 -2.100000e+01 -2.100000e+01 -2.100000e+01
-9.999854e-01 -9.999892e-01 -9.999913e-01 -9.999941e-01 -1.000549e+00 -1.099045e+00 -7.432864e+00 -2.083002e+01 -2.099796e+01 -2.099976e+01 -2.099997e+01 -2.099999e+01 -2.100000e+01 -2.100000e+01 -2.100000e+01 -2.100000e+01 -2.100000e+01 -2.100000e+01 -2.100000e+01 -2.100000e+01 -2.100000e+01 -2.100000e+01 -2.100000e+01 -2.100000e+01 -2.100000e+01 -2.100000e+01 -2.100000e+01 -2.100000e+01 -2.100000e+01 -2.100000e+01
-9.999750e-01 -9.999852e-01 -9.999872e-01 -9.999909e-01 -1.000013e+00 -1.055503e+00 -3.387091e+00 -2.096487e+01 -2.099148e+01 -2.099962e+01 -2.099995e+01 -2.099998e+01 -2.100000e+01 -2.100000e+01 -2.100000e+01 -2.100000e+01 -2.100000e+01 -2.100000e+01 -2.100000e+01 -2.100000e+01 -2.100000e+01 -2.100000e+01 -2.100000e+01 -2.100000e+01 -2.100000e+01 -2.100000e+01 -2.100000e+01 -2.100000e+01 -2.100000e+01 -2.100000e+01
-9.999657e-01 -9.999746e-01 -9.999771e-01 -9.999824e-01 -1.000018e+00 -1.041256e+00 -2.919450e+00 -2.078093e+01 -2.099701e+01 -2.099962e+01 -2.099990e+01 -2.099998e+01 -2.099999e+01 -2.100000e+01 -2.100000e+01 -2.100000e+01 -2.100000e+01 -2.100000e+01 -2.100000e+01 -2.100000e+01 -2.100000e+01 -2.100000e+01 -2.100000e+01 -2.100000e+01 -2.100000e+01 -2.100000e+01 -2.100000e+01 -2.100000e+01 -2.100000e+01 -2.100000e+01
-9.999453e-01 -9.999640e-01 -9.999622e-01 -9.999761e-01 -9.999831e-01 -1.022585e+00 -3.210026e+00 -1.975796e+01 -2.098162e+01 -2.099928e+01 -2.099981e+01 -2.099996e+01 -2.099998e+01 -2.099999e+01 -2.100000e+01 -2.100000e+01 -2.100000e+01 -2.100000e+01 -2.100000e+01 -2.100000e+01 -2.100000e+01 -2.100000e+01 -2.100000e+01 -2.100000e+01 -2.100000e+01 -2.100000e+01 -2.100000e+01 -2.100000e+01 -2.100000e+01 -2.100000e+01
-9.999130e-01 -9.999308e-01 -9.999485e-01 -9.999557e-01 -9.999725e-01 -1.016654e+00 -2.213405e+00 -2.025412e+01 -2.098685e+01 -2.099781e+01 -2.099980e+01 -2.099994e+01 -2.099997e+01 -2.099999e+01 -2.099999e+01 -2.100000e+01 -2.100000e+01 -2.100000e+01 -2.100000e+01 -2.100000e+01 -2.100000e+01 -2.100000e+01 -2.100000e+01 -2.100000e+01 -2.100000e+01 -2.100000e+01 -2.100000e+01 -2.100000e+01 -2.100000e+01 -2.100000e+01
-9.998618e-01 -9.998971e-01 -9.999182e-01 -9.999347e-01 -9.999536e-01 -1.044293e+00 -2.435590e+00 -1.976733e+01 -2.099114e+01 -2.099791e+01 -2.099968e+01 -2.099990e+01 -2.099997e+01 -2.099998e+01 -2.099999e+01 -2.100000e+01 -2.100000e+01 -2.100000e+01 -2.100000e+01 -2.100000e+01 -2.100000e+01 -2.100000e+01 -2.100000e+01 -2.100000e+01 -2.100000e+01 -2.100000e+01 -2.100000e+01 -2.100000e+01 -2.100000e+01 -2.100000e+01
-9.997656e-01 -9.998501e-01 -9.998645e-01 -9.998962e-01 -9.999390e-01 -1.007709e+00 -2.634240e+00 -1.882244e+01 -2.096615e+01 -2.099668e+01 -2.099949e+01 -2.099987e+01 -2.099995e+01 -2.099998e+01 -2.099999e+01 -2.099999e+01 -2.099999e+01 -2.100000e+01 -2.100000e+01 -2.100000e+01 -2.100000e+01 -2.100000e+01 -2.100000e+01 -2.100000e+01 -2.100000e+01 -2.100000e+01 -2.100000e+01 -2.100000e+01 -2.100000e+01 -2.100000e+01
-9.996507e-01 -9.997601e-01 -9.997761e-01 -9.998475e-01 -9.998603e-01 -1.004099e+00 -3.497411e+00 -1.301733e+01 -2.086936e+01 -2.099383e+01 -2.099899e+01 -2.099979e+01 -2.099988e+01 -2.099996e+01 -2.099998e+01 -2.099999e+01 -2.099999e+01 -2.100000e+01 -2.100000e+01 -2.100000e+01 -2.100000e+01 -2.100000e+01 -2.100000e+01 -2.100000e+01 -2.100000e+01 -2.100000e+01 -2.100000e+01 -2.100000e+01 -2.100000e+01 -2.100000e+01
-9.994448e-01 -9.996186e-01 -9.996705e-01 -9.997374e-01 -9.998174e-01 -1.002288e+00 -1.369335e+00 -1.115722e+01 -2.081312e+01 -2.099015e+01 -2.099840e+01 -2.099961e+01 -2.099979e+01 -2.099992e+01 -2.099997e+01 -2.099998e+01 -2.099999e+01 -2.099999e+01 -2.100000e+01 -2.100000e+01 -2.100000e+01 -2.100000e+01 -2.100000e+01 -2.100000e+01 -2.100000e+01 -2.100000e+01 -2.100000e+01 -2.100000e+01 -2.100000e+01 -2.100000e+01
-9.991249e-01 -9.992974e-01 -9.994776e-01 -9.995979e-01 -9.996940e-01 -1.001421e+00 -1.637738e+00 -7.855585e+00 -2.039077e+01 -2.098158e+01 -2.099853e+01 -2.099926e+01 -2.099978e+01 -2.099988e+01 -2.099994e+01 -2.099997e+01 -2.099998e+01 -2.099999e+01 -2.099999e+01 -2.100000e+01 -2.100000e+01 -2.100000e+01 -2.100000e+01 -2.100000e+01 -2.100000e+01 -2.100000e+01 -2.100000e+01 -2.100000e+01 -2.100000e+01 -2.100000e+01
-9.986639e-01 -9.988795e-01 -9.992315e-01 -9.993373e-01 -9.995151e-01 -1.003759e+00 -1.147002e+00 -1.111592e+01 -2.074263e+01 -2.097944e+01 -2.099647e+01 -2.099917e+01 -2.099960e+01 -2.099980e+01 -2.099991e+01 -2.099995e+01 -2.099997e+01 -2.099998e+01 -2.099999e+01 -2.099999e+01 -2.100000e+01 -2.100000e+01 -2.100000e+01 -2.100000e+01 -2.100000e+01 -2.100000e+01 -2.100000e+01 -2.100000e+01 -2.100000e+01 -2.100000e+01
-9.976245e-01 -9.983475e-01 -9.986805e-01 -9.988642e-01 -9.990224e-01 -1.000045e+00 -1.110509e+00 -6.090428e+00 -2.026399e+01 -2.095222e+01 -2.099343e+01 -2.099787e+01 -2.099914e+01 -2.099969e+01 -2.099983e+01 -2.099992e+01 -2.099995e+01 -2.099997e+01 -2.099998e+01 -2.099999e+01 -2.099999e+01 -2.100000e+01 -2.100000e+01 -2.100000e+01 -2.100000e+01 -2.100000e+01 -2.100000e+01 -2.100000e+01 -2.100000e+01 -2.100000e+01
-9.958741e-01 -9.966900e-01 -9.973653e-01 -9.981186e-01 -9.985621e-01 -1.000810e+00 -1.061063e+00 -3.575226e+00 -2.052905e+01 -2.090793e+01 -2.098948e+01 -2.099707e+01 -2.099892e+01 -2.099942e+01 -2.099974e+01 -2.099985e+01 -2.099990e+01 -2.099996e+01 -2.099997e+01 -2.099998e+01 -2.099999e+01 -2.099999e+01 -2.099999e+01 -2.100000e+01 -2.100000e+01 -2.100000e+01 -2.100000e+01 -2.100000e+01 -2.100000e+01 -2.100000e+01
-9.930230e-01 -9.951520e-01 -9.958063e-01 -9.968987e-01 -9.977154e-01 -9.987117e-01 -1.135580e+00 -2.853180e+00 -1.786893e+01 -2.092130e+01 -2.097903e+01 -2.099451e+01 -2.099837e+01 -2.099913e+01 -2.099952e+01 -2.099976e+01 -2.099985e+01 -2.099991e+01 -2.099995e+01 -2.099997e+01 -2.099998e+01 -2.099999e+01 -2.099999e+01 -2.099999e+01 -2.100000e+01 -2.100000e+01 -2.100000e+01 -2.100000e+01 -2.100000e+01 -2.100000e+01
-9.897183e-01 -9.928568e-01 -9.935844e-01 -9.954357e-01 -9.960839e-01 -9.973567e-01 -1.074332e+00 -2.319685e+00 -1.040264e+01 -2.084276e+01 -2.096359e+01 -2.099110e+01 -2.099726e+01 -2.099874e+01 -2.099940e+01 -2.099961e+01 -2.099979e+01 -2.099987e+01 -2.099991e+01 -2.099994e+01 -2.099997e+01 -2.099998e+01 -2.099998e+01 -2.099999e+01 -2.100000e+01 -2.100000e+01 -2.100000e+01 -2.100000e+01 -2.100000e+01 -2.100000e+01
-9.848729e-01 -9.887648e-01 -9.894879e-01 -9.927827e-01 -9.937820e-01 -9.958941e-01 -1.053926e+00 -1.672882e+00 -8.045887e+00 -2.060451e+01 -2.093569e+01 -2.098726e+01 -2.099540e+01 -2.099766e+01 -2.099892e+01 -2.099938e+01 -2.099962e+01 -2.099979e+01 -2.099987e+01 -2.099991e+01 -2.099995e+01 -2.099997e+01 -2.099998e+01 -2.099998e+01 -2.099999e+01 -2.099999e+01 -2.100000e+01 -2.100000e+01 -2.100000e+01 -2.100000e+01
-9.760911e-01 -9.793348e-01 -9.845556e-01 -9.881028e-01 -9.908704e-01 -9.926729e-01 -1.025807e+00 -1.554650e+00 -4.984171e+00 -1.999212e+01 -2.093464e+01 -2.097799e+01 -2.099322e+01 -2.099627e+01 -2.099833e+01 -2.099901e+01 -2.099939e+01 -2.099967e+01 -2.099978e+01 -2.099986e+01 -2.099991e+01 -2.099995e+01 -2.099996e+01 -2.099998e+01 -2.099999e+01 -2.099999e+01 -2.099999e+01 -2.100000e+01 -2.100000e+01 -2.100000e+01
-9.598452e-01 -9.697471e-01 -9.773603e-01 -9.831817e-01 -9.860813e-01 -9.896373e-01 -1.007157e+00 -1.369993e+00 -4.458350e+00 -1.917992e+01 -2.091657e+01 -2.096396e+01 -2.098561e+01 -2.099383e+01 -2.099738e+01 -2.099816e+01 -2.099903e+01 -2.099947e+01 -2.099965e+01 -2.099977e+01 -2.099985e+01 -2.099991e+01 -2.099994e+01 -2.099996e+01 -2.099998e+01 -2.099999e+01 -2.099999e+01 -2.099999e+01 -2.100000e+01 -2.100000e+01
-9.455712e-01 -9.544394e-01 -9.646190e-01 -9.714362e-01 -9.753905e-01 -9.818923e-01 -9.890937e-01 -1.273737e+00 -2.702717e+00 -1.663249e+01 -2.083434e+01 -2.094257e+01 -2.098173e+01 -2.099188e+01 -2.099613e+01 -2.099747e+01 -2.099846e+01 -2.099916e+01 -2.099945e+01 -2.099967e+01 -2.099980e+01 -2.099984e+01 -2.099991e+01 -2.099995e+01 -2.099996e+01 -2.099997e+01 -2.099999e+01 -2.099999e+01 -2.099999e+01 -2.100000e+01
-9.134326e-01 -9.240152e-01 -9.333640e-01 -9.553953e-01 -9.667074e-01 -9.703557e-01 -9.823798e-01 -1.130224e+00 -2.276321e+00 -1.033623e+01 -2.076134e+01 -2.090572e+01 -2.096833e+01 -2.098780e+01 -2.099213e+01 -2.099664e+01 -2.099756e+01 -2.099867e+01 -2.099912e+01 -2.099944e+01 -2.099967e+01 -2.099978e+01 -2.099985e+01 -2.099991e+01 -2.099994e+01 -2.099997e+01 -2.099997e+01 -2.099999e+01 -2.099999e+01 -2.099999e+01
-8.732631e-01 -8.948617e-01 -9.080732e-01 -9.303586e-01 -9.396585e-01 -9.517433e-01 -9.672224e-01 -1.075945e+00 -1.825703e+00 -4.105788e+00 -2.045996e+01 -2.083583e+01 -2.095387e+01 -2.097924e+01 -2.098888e+01 -2.099358e+01 -2.099611e+01 -2.099787e+01 -2.099841e+01 -2.099911e+01 -2.099940e+01 -2.099965e+01 -2.099977e+01 -2.099982e+01 -2.099991e+01 -2.099994e+01 -2.099996e+01 -2.099998e+01 -2.099998e+01 -2.099999e+01
-8.049108e-01 -8.415800e-01 -8.512491e-01 -8.934942e-01 -9.067590e-01 -9.349634e-01 -9.527857e-01 -9.930422e-01 -1.428785e+00 -3.683223e+00 -1.662251e+01 -2.079188e+01 -2.090472e+01 -2.096661e+01 -2.098530e+01 -2.098821e+01 -2.099381e+01 -2.099660e+01 -2.099782e+01 -2.099856e+01 -2.099911e+01 -2.099943e+01 -2.099964e+01 -2.099973e+01 -2.099986e+01 -2.099991e+01 -2.099994e+01 -2.099997e+01 -2.099998e+01 -2.099998e+01
-7.103735e-01 -7.605339e-01 -7.989576e-01 -8.165770e-01 -8.672244e-01 -8.842311e-01 -9.255729e-01 -9.609852e-01 -1.239044e+00 -2.578427e+00 -1.635231e+01 -2.066555e+01 -2.088245e+01 -2.093128e+01 -2.097479e+01 -2.098405e+01 -2.099012e+01 -2.099462e+01 -2.099646e+01 -2.099736e+01 -2.099866e+01 -2.099910e+01 -2.099941e+01 -2.099963e+01 -2.099978e+01 -2.099983e+01 -2.099991e+01 -2.099993e+01 -2.099996e+01 -2.099997e+01
-6.026063e-01 -6.527242e-01 -7.347340e-01 -7.303067e-01 -8.257020e-01 -8.360966e-01 -8.668963e-01 -9.343012e-01 -1.079467e+00 -1.912703e+00 -1.212665e+01 -1.943619e+01 -2.074063e+01 -2.088642e+01 -2.095385e+01 -2.097790e+01 -2.098650e+01 -2.099148e+01 -2.099436e+01 -2.099658e+01 -2.099785e+01 -2.099862e+01 -2.099907e+01 -2.099945e+01 -2.099963e+01 -2.099976e+01 -2.099986e+01 -2.099989e+01 -2.099995e+01 -2.099995e+01
-4.544961e-01 -5.304206e-01 -5.682045e-01 -6.627064e-01 -7.015830e-01 -7.564026e-01 -8.241663e-01 -8.630155e-01 -9.964481e-01 -1.319584e+00 -5.307170e+00 -1.954667e+01 -2.048126e+01 -2.081517e+01 -2.092733e+01 -2.095872e+01 -2.097467e+01 -2.098639e+01 -2.099038e+01 -2.099413e+01 -2.099622e+01 -2.099775e+01 -2.099862e+01 -2.099925e+01 -2.099944e+01 -2.099965e+01 -2.099975e+01 -2.099986e+01 -2.099990e+01 -2.099994e+01
-3.417417e-01 -3.930404e-01 -4.614599e-01 -4.835153e-01 -6.100737e-01 -6.480978e-01 -7.012959e-01 -7.705451e-01 -8.980097e-01 -1.283321e+00 -2.702418e+00 -1.212995e+01 -2.024066e+01 -2.077582e+01 -2.088311e+01 -2.093242e+01 -2.097027e+01 -2.097782e+01 -2.098582e+01 -2.099056e+01 -2.099466e+01 -2.099641e+01 -2.099766e+01 -2.099860e+01 -2.099910e+01 -2.099948e+01 -2.099960e+01 -2.099980e+01 -2.099984e+01 -2.099990e+01
-1.981225e-01 -2.226448e-01 -3.338667e-01 -3.270091e-01 -4.702155e-01 -5.302340e-01 -5.560533e-01 -6.819551e-01 -7.744448e-01 -9.653537e-01 -1.877556e+00 -9.610277e+00 -1.914300e+01 -2.045753e+01 -2.079496e+01 -2.089604e+01 -2.093352e+01 -2.096490e+01 -2.097728e+01 -2.098293e+01 -2.099004e+01 -2.099387e+01 -2.099631e+01 -2.099797e+01 -2.099856e+01 -2.099905e+01 -2.099943e+01 -2.099962e+01 -2.099976e+01 -2.099984e+01
-3.344554e-02 -1.112085e-01 -1.590178e-01 -1.763247e-01 -2.940619e-01 -3.269522e-01 -4.076222e-01 -5.076869e-01 -5.931837e-01 -8.563113e-01 -1.459425e+00 -4.791042e+00 -1.247693e+01 -2.005936e+01 -2.067286e+01 -2.080958e+01 -2.089023e+01 -2.094263e+01 -2.096341e+01 -2.097798e+01 -2.098638e+01 -2.099213e+01 -2.099351e+01 -2.099568e+01 -2.099732e+01 -2.099855e+01 -2.099910e+01 -2.099941e+01 -2.099961e+01 -2.099970e+01
9.608358e-02 6.104355e-02 4.379307e-02 -4.194941e-02 -5.093900e-03 -1.361825e-01 -1.800923e-01 -3.065442e-01 -4.055114e-01 -6.485614e-01 -8.614356e-01 -2.029425e+00 -7.490843e+00 -1.828757e+01 -2.023591e+01 -2.057950e+01 -2.084414e+01 -2.090576e+01 -2.094061e+01 -2.095838e+01 -2.097819e+01 -2.098586e+01 -2.099104e+01 -2.099318e+01 -2.099574e+01 -2.099773e+01 -2.099838e+01 -2.099905e+01 -2.099938e+01 -2.099958e+01
2.801176e-01 1.987025e-01 2.435418e-01 2.148439e-01 1.517742e-01 1.493511e-01 3.431692e-02 -7.958409e-02 -1.450665e-01 -3.464549e-01 -6.402465e-01 -1.225498e+00 -3.120284e+00 -9.395684e+00 -1.884147e+01 -2.048166e+01 -2.067084e+01 -2.081234e+01 -2.090231e+01 -2.093663e+01 -2.095250e+01 -2.097733e+01 -2.098441e+01 -2.099124e+01 -2.099424e+01 -2.099667e+01 -2.099775e+01 -2.099862e+01 -2.099902e+01 -2.099935e+01
5.303566e-01 5.115075e-01 4.948198e-01 4.813523e-01 3.853937e-01 3.398379e-01 4.056284e-01 2.471049e-01 2.194443e-01 1.870237e-02 -4.373216e-02 -6.110657e-01 -1.498214e+00 -5.758406e+00 -1.711494e+01 -1.871359e+01 -2.036428e+01 -2.072697e+01 -2.080604e+01 -2.089647e+01 -2.094683e+01 -2.096349e+01 -2.097730e+01 -2.098560e+01 -2.099047e+01 -2.099369e+01 -2.099597e+01 -2.099763e+01 -2.099844e+01 -2.099898e+01
1.010595e+00 8.573427e-01 8.459992e-01 7.084100e-01 6.783201e-01 7.863332e-01 7.585031e-01 8.337142e-01 5.401630e-01 5.572900e-01 5.582811e-01 2.095864e-02 -5.444281e-01 -1.579829e+00 -6.935680e+00 -1.565597e+01 -2.017616e+01 -2.047699e+01 -2.071484e+01 -2.082525e+01 -2.090644e+01 -2.093952e+01 -2.095966e+01 -2.097691e+01 -2.098697e+01 -2.099029e+01 -2.099435e+01 -2.099623e+01 -2.099747e+01 -2.099833e+01
1.552213e+00 1.349252e+00 1.343106e+00 1.534545e+00 1.423655e+00 1.298105e+00 1.282048e+00 1.221325e+00 1.173361e+00 1.206275e+00 8.903725e-01 9.650411e-01 8.192379e-02 -4.464558e-01 -2.262123e+00 -7.131966e+00 -1.778961e+01 -1.988017e+01 -2.046818e+01 -2.069559e+01 -2.084299e+01 -2.090045e+01 -2.094120e+01 -2.095885e+01 -2.097556e+01 -2.098536e+01 -2.099107e+01 -2.099389e+01 -2.099604e+01 -2.099734e+01
2.012572e+00 2.270789e+00 2.007147e+00 1.760839e+00 1.989971e+00 1.977340e+00 1.955240e+00 1.937325e+00 2.139559e+00 1.677027e+00 1.926009e+00 1.517152e+00 1.309803e+00 1.030484e+00 1.682361e-01 -1.192340e+00 -6.997071e+00 -1.769687e+01 -1.980102e+01 -2.034072e+01 -2.068183e+01 -2.085801e+01 -2.090947e+01 -2.093164e+01 -2.096060e+01 -2.097487e+01 -2.098360e+01 -2.099026e+01 -2.099275e+01 -2.099583e+01
2.852785e+00 3.008287e+00 3.006270e+00 2.842886e+00 2.846307e+00 2.829190e+00 2.975397e+00 2.788055e+00 2.739565e+00 2.722689e+00 2.626353e+00 2.184878e+00 2.295316e+00 2.066776e+00 1.016246e+00 5.354960e-01 -1.664872e+00 -9.406401e+00 -1.779254e+01 -1.963353e+01 -2.037032e+01 -2.075767e+01 -2.082060e+01 -2.091114e+01 -2.094559e+01 -2.095985e+01 -2.097345e+01 -2.098443e+01 -2.099009e+01 -2.099422e+01
3.844523e+00 3.498566e+00 4.018588e+00 3.839457e+00 3.832754e+00 3.822841e+00 3.808220e+00 3.796118e+00 3.775595e+00 3.723412e+00 3.632791e+00 3.565011e+00 3.712220e+00 2.717142e+00 2.745463e+00 1.720993e+00 7.475773e-01 -1.841507e+00 -4.899215e+00 -1.682879e+01 -1.984249e+01 -2.045834e+01 -2.062098e+01 -2.080371e+01 -2.089644e+01 -2.092818e+01 -2.096745e+01 -2.097746e+01 -2.098494e+01 -2.098941e+01
5.319364e+00 5.318718e+00 4.936958e+00 5.313509e+00 5.120880e+00 5.305666e+00 4.916451e+00 4.891063e+00 5.249036e+00 5.033090e+00 4.807865e+00 4.709093e+00 5.296844e+00 3.964357e+00 4.036451e+00 3.598045e+00 3.186565e+00 1.862960e+00 -8.099820e-01 -6.185763e+00 -1.591886e+01 -1.885100e+01 -2.024153e+01 -2.066257e+01 -2.082516e+01 -2.087987e+01 -2.093083e+01 -2.095352e+01 -2.097371e+01 -2.098306e+01
6.477731e+00 6.864731e+00 6.475416e+00 6.473064e+00 6.857184e+00 6.467796e+00 6.461912e+00 6.449068e+00 6.618185e+00 6.409879e+00 6.320175e+00 6.254347e+00 5.777631e+00 6.064627e+00 5.556480e+00 5.356061e+00 4.455965e+00 3.662705e+00 2.294475e+00 -8.125787e-02 -4.661475e+00 -1.427445e+01 -1.952310e+01 -2.014785e+01 -2.065706e+01 -2.073477e+01 -2.086395e+01 -2.092271e+01 -2.095100e+01 -2.097023e+01
7.824647e+00 7.633983e+00 7.823273e+00 7.629572e+00 7.436628e+00 7.624849e+00 7.613856e+00 7.610582e+00 7.398812e+00 7.559201e+00 7.502611e+00 7.434555e+00 7.568613e+00 7.288510e+00 7.285734e+00 6.754960e+00 5.981978e+00 5.514259e+00 4.893693e+00 3.412347e+00 3.635367e-01 -3.497086e+00 -1.122744e+01 -1.899737e+01 -2.026735e+01 -2.063601e+01 -2.079512e+01 -2.087394e+01 -2.091987e+01 -2.094882e+01
8.761112e+00 8.760666e+00 8.389233e+00 8.388143e+00 8.570390e+00 8.568424e+00 8.744724e+00 8.733962e+00 9.094286e+00 8.713127e+00 8.657077e+00 8.790522e+00 8.506625e+00 8.712659e+00 8.190508e+00 8.019448e+00 7.527490e+00 6.765838e+00 5.744788e+00 4.932876e+00 3.625745e+00 1.142617e+00 -2.810121e+00 -7.978239e+00 -1.915825e+01 -1.989635e+01 -2.062804e+01 -2.077984e+01 -2.086657e+01 -2.090177e+01
9.837371e+00 9.836828e+00 9.835880e+00 9.835548e+00 9.832978e+00 9.830319e+00 9.647926e+00 9.814388e+00 9.631923e+00 1.013498e+01 9.743163e+00 9.549926e+00 9.800162e+00 9.590352e+00 9.285622e+00 9.217499e+00 8.986609e+00 8.329022e+00 7.664681e+00 6.378828e+00 5.324384e+00 3.572133e+00 2.371018e+00 -5.172464e+00 -1.338312e+01 -1.941219e+01 -2.027970e+01 -2.064299e+01 -2.080569e+01 -2.083468e+01
1.085080e+01 1.085026e+01 1.084946e+01 1.084805e+01 1.084755e+01 1.084473e+01 1.083893e+01 1.115695e+01 1.082644e+01 1.097574e+01 1.078098e+01 1.089359e+01 1.085525e+01 1.040097e+01 1.046461e+01 9.877443e+00 9.957661e+00 9.078450e+00 8.812668e+00 8.225599e+00 7.338215e+00 5.474674e+00 3.913029e+00 1.274194e+00 -1.965590e+00 -1.158631e+01 -1.920258e+01 -2.019126e+01 -2.049133e+01 -2.079396e+01
1.179291e+01 1.179260e+01 1.179200e+01 1.179096e+01 1.178941e+01 1.163470e+01 1.147863e+01 1.192738e+01 1.177070e+01 1.175384e+01 1.173345e+01 1.140434e+01 1.163647e+01 1.158747e+01 1.141297e+01 1.100498e+01 1.092775e+01 1.068938e+01 1.003421e+01 9.381811e+00 8.372513e+00 6.610586e+00 5.856047e+00 3.878703e+00 2.155665e+00 -3.980886e-01 -1.382357e+01 -1.900108e+01 -2.008797e+01 -2.056244e+01
1.265884e+01 1.265842e+01 1.265795e+01 1.265751e+01 1.251605e+01 1.265514e+01 1.264966e+01 1.264656e+01 1.264121e+01 1.262993e+01 1.260435e+01 1.257046e+01 1.255738e+01 1.232319e+01 1.224882e+01 1.215154e+01 1.196111e+01 1.191675e+01 1.115375e+01 1.035671e+01 9.712298e+00 8.751469e+00 7.392607e+00 5.396845e+00 3.483176e+00 2.083920e+00 -1.267231e+00 -1.282626e+01 -1.867174e+01 -2.006267e+01
1.344679e+01 1.344648e+01 1.369135e+01 1.331859e+01 1.319074e+01 1.344273e+01 1.344091e+01 1.318323e+01 1.343275e+01 1.329425e+01 1.364791e+01 1.338952e+01 1.336005e+01 1.327500e+01 1.318976e+01 1.292630e+01 1.281149e+01 1.253150e+01 1.197712e+01 1.191144e+01 1.089675e+01 9.645201e+00 8.970204e+00 7.392546e+00 6.083935e+00 4.082213e+00 1.728963e+00 -2.389623e+00 -1.155944e+01 -1.833724e+01
1.415728e+01 1.415703e+01 1.392845e+01 1.404195e+01 1.426523e+01 1.426420e+01 1.415227e+01 1.392071e+01 1.414136e+01 1.413296e+01 1.412929e+01 1.410471e+01 1.408316e+01 1.401040e+01 1.396494e+01 1.378544e+01 1.367713e+01 1.337192e+01 1.323927e+01 1.268152e+01 1.179393e+01 1.138869e+01 1.001198e+01 9.166201e+00 7.740142e+00 6.255003e+00 4.649315e+00 1.902054e+00 -1.556682e+00 -1.371353e+01
1.458934e+01 1.479297e+01 1.478888e+01 1.479223e+01 1.479181e+01 1.488846e+01 1.498394e+01 1.478661e+01 1.478145e+01 1.477757e+01 1.475685e+01 1.463836e+01 1.470980e+01 1.448849e+01 1.462869e+01 1.440293e+01 1.426497e+01 1.411951e+01 1.397310e+01 1.358715e+01 1.316072e+01 1.207654e+01 1.113958e+01 1.057145e+01 8.734429e+00 7.894991e+00 6.415806e+00 4.312596e+00 2.225759e+00 -2.951551e+00
1.544585e+01 1.517771e+01 1.535857e+01 1.553182e+01 1.526693e+01 1.544360e+01 1.517431e+01 1.535329e+01 1.534810e+01 1.534118e+01 1.533696e+01 1.532318e+01 1.528757e+01 1.525144e+01 1.502955e+01 1.495676e+01 1.510254e+01 1.491416e+01 1.458269e+01 1.415826e+01 1.380537e+01 1.305304e+01 1.251540e+01 1.129978e+01 1.042587e+01 8.913500e+00 7.696374e+00 6.712321e+00 4.473665e+00 2.664637e+00
1.569964e+01 1.577945e+01 1.585918e+01 1.585885e+01 1.577832e+01 1.569782e+01 1.569677e+01 1.585311e+01 1.569172e+01 1.568569e+01 1.583295e+01 1.581917e+01 1.580240e+01 1.562579e+01 1.573898e+01 1.549692e+01 1.535527e+01 1.530092e+01 1.495809e+01 1.476851e+01 1.436069e+01 1.390892e+01 1.326137e+01 1.220641e+01 1.142089e+01 1.055726e+01 9.078393e+00 7.564734e+00 6.347577e+00 4.178153e+00
