Thermal Dust sputtering Fit Results (with size and charge corrections)
======================
Polynomial Coefficients smallC grains:
f(x) = 5.725e-02x^5 + -1.968e+00x^4 + 2.683e+01x^3 + -1.820e+02x^2 + 6.166e+02x^1 + -8.452e+02x^0 

Original Data (Tgas, Yield):
1.000000e+04, 0.000000e+00
1.123324e+04, 0.000000e+00
1.261857e+04, 0.000000e+00
1.417474e+04, 0.000000e+00
1.592283e+04, 0.000000e+00
1.788650e+04, 0.000000e+00
2.009233e+04, 8.056241e-15
2.257020e+04, 3.586253e-14
2.535364e+04, 1.388843e-13
2.848036e+04, 4.744878e-13
3.199267e+04, 1.449138e-12
3.593814e+04, 4.001998e-12
4.037017e+04, 1.009785e-11
4.534879e+04, 2.346313e-11
5.094138e+04, 5.059089e-11
5.722368e+04, 1.018170e-10
6.428073e+04, 1.921501e-10
7.220809e+04, 3.412410e-10
8.111308e+04, 6.169515e-10
9.111628e+04, 1.020337e-09
1.023531e+05, 1.622552e-09
1.149757e+05, 2.490312e-09
1.291550e+05, 3.701154e-09
1.450829e+05, 5.342446e-09
1.629751e+05, 7.509606e-09
1.830738e+05, 1.030404e-08
2.056512e+05, 1.383004e-08
2.310130e+05, 1.819075e-08
2.595024e+05, 2.348066e-08
2.915053e+05, 2.977675e-08
3.274549e+05, 3.717903e-08
3.678380e+05, 4.619640e-08
4.132012e+05, 5.635408e-08
4.641589e+05, 6.800087e-08
5.214008e+05, 8.127366e-08
5.857021e+05, 9.634146e-08
6.579332e+05, 1.134176e-07
7.390722e+05, 1.327936e-07
8.302176e+05, 1.548366e-07
9.326033e+05, 1.800129e-07
1.047616e+06, 2.088718e-07
1.176812e+06, 2.419976e-07
1.321941e+06, 2.804552e-07
1.484968e+06, 3.277971e-07
1.668101e+06, 3.814616e-07
1.873817e+06, 4.441567e-07
2.104904e+06, 5.169031e-07
2.364489e+06, 6.003864e-07
2.656088e+06, 6.947177e-07
2.983647e+06, 7.992418e-07
3.351603e+06, 9.123387e-07
3.764936e+06, 1.031383e-06
4.229243e+06, 1.152771e-06
4.750810e+06, 1.272262e-06
5.336699e+06, 1.385136e-06
5.994843e+06, 1.486974e-06
6.734151e+06, 1.573018e-06
7.564633e+06, 1.639951e-06
8.497534e+06, 1.685246e-06
9.545485e+06, 1.707494e-06
1.072267e+07, 1.706660e-06
1.204504e+07, 1.683636e-06
1.353048e+07, 1.640308e-06
1.519911e+07, 1.579277e-06
1.707353e+07, 1.503548e-06
1.917910e+07, 1.416529e-06
2.154435e+07, 1.321482e-06
2.420128e+07, 1.221622e-06
2.718588e+07, 1.119660e-06
3.053856e+07, 1.018131e-06
3.430469e+07, 9.190753e-07
3.853529e+07, 8.240956e-07
4.328761e+07, 7.343857e-07
4.862602e+07, 6.507406e-07
5.462277e+07, 5.736420e-07
6.135907e+07, 5.033579e-07
6.892612e+07, 4.397322e-07
7.742637e+07, 3.826456e-07
8.697490e+07, 3.317869e-07
9.770100e+07, 2.867448e-07
1.097499e+08, 2.471420e-07
1.232847e+08, 2.124191e-07
1.384886e+08, 1.821400e-07
1.555676e+08, 1.558288e-07
1.747528e+08, 1.330715e-07
1.963041e+08, 1.134397e-07
2.205131e+08, 9.655304e-08
2.477076e+08, 8.206281e-08
2.782559e+08, 6.966735e-08
3.125716e+08, 5.907197e-08
3.511192e+08, 5.003729e-08
3.944206e+08, 4.234104e-08
4.430621e+08, 3.580385e-08
4.977024e+08, 3.025380e-08
5.590810e+08, 2.554753e-08
6.280291e+08, 2.155979e-08
7.054802e+08, 1.818882e-08
7.924829e+08, 1.533544e-08
8.902151e+08, 1.292436e-08
1.000000e+09, 1.087853e-08
======================
Polynomial Coefficients largeC grains:
f(x) = 2.514618e-02x^5 + -9.589934e-01x^4 + 1.442303e+01x^3 + -1.072729e+02x^2 + 3.960710e+02x^1 + -5.894438e+02x^0 

Original Data (Tgas, Yield):
1.000000e+04, 0.000000e+00
1.123324e+04, 0.000000e+00
1.261857e+04, 0.000000e+00
1.417474e+04, 0.000000e+00
1.592283e+04, 0.000000e+00
1.788650e+04, 0.000000e+00
2.009233e+04, 8.056237e-15
2.257020e+04, 3.586251e-14
2.535364e+04, 1.388842e-13
2.848036e+04, 4.744874e-13
3.199267e+04, 1.449136e-12
3.593814e+04, 4.001990e-12
4.037017e+04, 1.009783e-11
4.534879e+04, 2.346304e-11
5.094138e+04, 5.059064e-11
5.722368e+04, 1.018163e-10
6.428073e+04, 1.921485e-10
7.220809e+04, 3.412373e-10
8.111308e+04, 6.169328e-10
9.111628e+04, 1.020289e-09
1.023531e+05, 1.622436e-09
1.149757e+05, 2.490036e-09
1.291550e+05, 3.700522e-09
1.450829e+05, 5.341039e-09
1.629751e+05, 7.506569e-09
1.830738e+05, 1.029768e-08
2.056512e+05, 1.381714e-08
2.310130e+05, 1.816551e-08
2.595024e+05, 2.343321e-08
2.915053e+05, 2.969140e-08
3.274549e+05, 3.702577e-08
3.678380e+05, 4.587207e-08
4.132012e+05, 5.577999e-08
4.641589e+05, 6.700711e-08
5.214008e+05, 7.959079e-08
5.857021e+05, 9.355242e-08
6.579332e+05, 1.088924e-07
7.390722e+05, 1.256041e-07
8.302176e+05, 1.436509e-07
9.326033e+05, 1.629771e-07
1.047616e+06, 1.834942e-07
1.176812e+06, 2.050706e-07
1.321941e+06, 2.276397e-07
1.484968e+06, 2.516946e-07
1.668101e+06, 2.761712e-07
1.873817e+06, 3.013297e-07
2.104904e+06, 3.270204e-07
2.364489e+06, 3.530987e-07
2.656088e+06, 3.794173e-07
2.983647e+06, 4.058440e-07
3.351603e+06, 4.322466e-07
3.764936e+06, 4.585078e-07
4.229243e+06, 4.845022e-07
4.750810e+06, 5.101355e-07
5.336699e+06, 5.352585e-07
5.994843e+06, 5.617272e-07
6.734151e+06, 5.873889e-07
7.564633e+06, 6.134628e-07
8.497534e+06, 6.403788e-07
9.545485e+06, 6.686952e-07
1.072267e+07, 6.991777e-07
1.204504e+07, 7.326777e-07
1.353048e+07, 7.701819e-07
1.519911e+07, 8.127330e-07
1.707353e+07, 8.613148e-07
1.917910e+07, 9.167129e-07
2.154435e+07, 9.793719e-07
2.420128e+07, 1.052959e-06
2.718588e+07, 1.132431e-06
3.053856e+07, 1.218460e-06
3.430469e+07, 1.309058e-06
3.853529e+07, 1.401418e-06
4.328761e+07, 1.492041e-06
4.862602e+07, 1.577052e-06
5.462277e+07, 1.652429e-06
6.135907e+07, 1.714381e-06
6.892612e+07, 1.759834e-06
7.742637e+07, 1.786431e-06
8.697490e+07, 1.792855e-06
9.770100e+07, 1.778962e-06
1.097499e+08, 1.745255e-06
1.232847e+08, 1.693459e-06
1.384886e+08, 1.625813e-06
1.555676e+08, 1.544939e-06
1.747528e+08, 1.453978e-06
1.963041e+08, 1.355853e-06
2.205131e+08, 1.253449e-06
2.477076e+08, 1.149419e-06
2.782559e+08, 1.045982e-06
3.125716e+08, 9.452098e-07
3.511192e+08, 8.485683e-07
3.944206e+08, 7.572212e-07
4.430621e+08, 6.719247e-07
4.977024e+08, 5.931772e-07
5.590810e+08, 5.211904e-07
6.280291e+08, 4.559776e-07
7.054802e+08, 3.973513e-07
7.924829e+08, 3.450025e-07
8.902151e+08, 2.985669e-07
1.000000e+09, 2.576847e-07
======================
Polynomial Coefficients smallSil grains:
f(x) = 2.683704e-02x^5 + -9.909252e-01x^4 + 1.466569e+01x^3 + -1.089701e+02x^2 + 4.059264e+02x^1 + -6.123255e+02x^0 

Original Data (Tgas, Yield):
1.000000e+04, 0.000000e+00
1.123324e+04, 0.000000e+00
1.261857e+04, 0.000000e+00
1.417474e+04, 0.000000e+00
1.592283e+04, 0.000000e+00
1.788650e+04, 0.000000e+00
2.009233e+04, 6.988927e-16
2.257020e+04, 3.855432e-15
2.535364e+04, 1.807318e-14
2.848036e+04, 7.298705e-14
3.199267e+04, 2.599829e-13
3.593814e+04, 8.235930e-13
4.037017e+04, 2.347274e-12
4.534879e+04, 6.078086e-12
5.094138e+04, 1.441702e-11
5.722368e+04, 3.153511e-11
6.428073e+04, 6.396085e-11
7.220809e+04, 1.208689e-10
8.111308e+04, 2.393359e-10
9.111628e+04, 4.183923e-10
1.023531e+05, 6.978540e-10
1.149757e+05, 1.114322e-09
1.291550e+05, 1.708309e-09
1.450829e+05, 2.520716e-09
1.629751e+05, 3.587909e-09
1.830738e+05, 4.937893e-09
2.056512e+05, 6.584510e-09
2.310130e+05, 8.524739e-09
2.595024e+05, 1.073732e-08
2.915053e+05, 1.318276e-08
3.274549e+05, 1.581119e-08
3.678380e+05, 1.859180e-08
4.132012e+05, 2.140209e-08
4.641589e+05, 2.418576e-08
5.214008e+05, 2.685932e-08
5.857021e+05, 2.933808e-08
6.579332e+05, 3.153861e-08
7.390722e+05, 3.338334e-08
8.302176e+05, 3.480603e-08
9.326033e+05, 3.575729e-08
1.047616e+06, 3.618577e-08
1.176812e+06, 3.612848e-08
1.321941e+06, 3.558890e-08
1.484968e+06, 3.457783e-08
1.668101e+06, 3.320593e-08
1.873817e+06, 3.152009e-08
2.104904e+06, 2.959549e-08
2.364489e+06, 2.750741e-08
2.656088e+06, 2.531858e-08
2.983647e+06, 2.310880e-08
3.351603e+06, 2.092373e-08
3.764936e+06, 1.880683e-08
4.229243e+06, 1.679126e-08
4.750810e+06, 1.490044e-08
5.336699e+06, 1.315056e-08
5.994843e+06, 1.159570e-08
6.734151e+06, 1.012556e-08
7.564633e+06, 8.814957e-09
8.497534e+06, 7.645483e-09
9.545485e+06, 6.608955e-09
1.072267e+07, 5.695773e-09
1.204504e+07, 4.895426e-09
1.353048e+07, 4.197290e-09
1.519911e+07, 3.590476e-09
1.707353e+07, 3.060410e-09
1.917910e+07, 2.608467e-09
2.154435e+07, 2.219659e-09
2.420128e+07, 1.893747e-09
2.718588e+07, 1.607306e-09
3.053856e+07, 1.362652e-09
3.430469e+07, 1.154079e-09
3.853529e+07, 9.765397e-10
4.328761e+07, 8.264499e-10
4.862602e+07, 6.982592e-10
5.462277e+07, 5.895743e-10
6.135907e+07, 4.975219e-10
6.892612e+07, 4.196244e-10
7.742637e+07, 3.537656e-10
8.697490e+07, 2.981223e-10
9.770100e+07, 2.510026e-10
1.097499e+08, 2.110259e-10
1.232847e+08, 1.776606e-10
1.384886e+08, 1.495326e-10
1.555676e+08, 1.258293e-10
1.747528e+08, 1.058613e-10
1.963041e+08, 8.904651e-11
2.205131e+08, 7.489037e-11
2.477076e+08, 6.299368e-11
2.782559e+08, 5.298495e-11
3.125716e+08, 4.454470e-11
3.511192e+08, 3.744515e-11
3.944206e+08, 3.139254e-11
4.430621e+08, 2.638453e-11
4.977024e+08, 2.217395e-11
5.590810e+08, 1.863417e-11
6.280291e+08, 1.565953e-11
7.054802e+08, 1.311489e-11
7.924829e+08, 1.101958e-11
8.902151e+08, 9.258649e-12
1.000000e+09, 7.778843e-12
======================
Polynomial Coefficients largeSil grains:
f(x) = 2.567599e-02x^5 + -9.029183e-01x^4 + 1.276671e+01x^3 + -9.140826e+01x^2 + 3.331118e+02x^1 + -5.014016e+02x^0 

Original Data (Tgas, Yield):
1.000000e+04, 0.000000e+00
1.123324e+04, 0.000000e+00
1.261857e+04, 0.000000e+00
1.417474e+04, 0.000000e+00
1.592283e+04, 0.000000e+00
1.788650e+04, 0.000000e+00
2.009233e+04, 4.767312e-16
2.257020e+04, 2.609883e-15
2.535364e+04, 1.214078e-14
2.848036e+04, 4.865290e-14
3.199267e+04, 1.721570e-13
3.593814e+04, 5.423979e-13
4.037017e+04, 1.539978e-12
4.534879e+04, 3.980767e-12
5.094138e+04, 9.448010e-12
5.722368e+04, 2.072757e-11
6.428073e+04, 4.225505e-11
7.220809e+04, 8.039868e-11
8.111308e+04, 1.735789e-10
9.111628e+04, 3.190781e-10
1.023531e+05, 5.667335e-10
1.149757e+05, 9.759742e-10
1.291550e+05, 1.633564e-09
1.450829e+05, 2.662039e-09
1.629751e+05, 4.228492e-09
1.830738e+05, 6.554129e-09
2.056512e+05, 9.920277e-09
2.310130e+05, 1.467024e-08
2.595024e+05, 2.120044e-08
2.915053e+05, 2.993276e-08
3.274549e+05, 4.147171e-08
3.678380e+05, 5.774074e-08
4.132012e+05, 7.773088e-08
4.641589e+05, 1.030172e-07
5.214008e+05, 1.345222e-07
5.857021e+05, 1.731970e-07
6.579332e+05, 2.199571e-07
7.390722e+05, 2.755891e-07
8.302176e+05, 3.406253e-07
9.326033e+05, 4.151931e-07
1.047616e+06, 4.988378e-07
1.176812e+06, 5.904607e-07
1.321941e+06, 6.882642e-07
1.484968e+06, 7.904348e-07
1.668101e+06, 8.927477e-07
1.873817e+06, 9.921303e-07
2.104904e+06, 1.084940e-06
2.364489e+06, 1.167707e-06
2.656088e+06, 1.237366e-06
2.983647e+06, 1.291686e-06
3.351603e+06, 1.329110e-06
3.764936e+06, 1.349007e-06
4.229243e+06, 1.351583e-06
4.750810e+06, 1.337770e-06
5.336699e+06, 1.309074e-06
5.994843e+06, 1.267446e-06
6.734151e+06, 1.214849e-06
7.564633e+06, 1.153659e-06
8.497534e+06, 1.085997e-06
9.545485e+06, 1.013920e-06
1.072267e+07, 9.393128e-07
1.204504e+07, 8.638484e-07
1.353048e+07, 7.889719e-07
1.519911e+07, 7.158925e-07
1.707353e+07, 6.454496e-07
1.917910e+07, 5.786744e-07
2.154435e+07, 5.159842e-07
2.420128e+07, 4.579576e-07
2.718588e+07, 4.043496e-07
3.053856e+07, 3.554324e-07
3.430469e+07, 3.111457e-07
3.853529e+07, 2.713372e-07
4.328761e+07, 2.357255e-07
4.862602e+07, 2.041775e-07
5.462277e+07, 1.763269e-07
6.135907e+07, 1.518619e-07
6.892612e+07, 1.304678e-07
7.742637e+07, 1.118344e-07
8.697490e+07, 9.566591e-08
9.770100e+07, 8.172047e-08
1.097499e+08, 6.967092e-08
1.232847e+08, 5.929804e-08
1.384886e+08, 5.040018e-08
1.555676e+08, 4.278442e-08
1.747528e+08, 3.627911e-08
1.963041e+08, 3.073196e-08
2.205131e+08, 2.600957e-08
2.477076e+08, 2.199530e-08
2.782559e+08, 1.858484e-08
3.125716e+08, 1.569472e-08
3.511192e+08, 1.324634e-08
3.944206e+08, 1.116537e-08
4.430621e+08, 9.414252e-09
4.977024e+08, 7.934451e-09
5.590810e+08, 6.684780e-09
6.280291e+08, 5.629948e-09
7.054802e+08, 4.736513e-09
7.924829e+08, 3.986946e-09
8.902151e+08, 3.355211e-09
1.000000e+09, 2.822983e-09
