       0.0000000       0.0000000
     0.050000000    0.0091153112
      0.10000000     0.036236050
      0.15000000     0.082765587
      0.20000000      0.15026624
      0.25000000      0.23958973
      0.30000000      0.35588889
      0.35000000      0.50456130
      0.40000000      0.68945666
      0.45000000      0.92236142
      0.50000000       1.2183701
      0.55000000       1.5917288
      0.60000000       2.0723652
      0.65000000       2.7048417
      0.70000000       3.5396168
      0.75000000       4.6548261
      0.80000000       6.1511491
      0.85000000       8.0921675
      0.90000000       10.455588
      0.95000000       13.059694
       1.0000000       15.426688
       1.0500000       16.839243
       1.1000000       16.825300
       1.1500000       15.646316
       1.2000000       14.091833
       1.2500000       12.785135
       1.3000000       11.920118
       1.3500000       11.533068
       1.4000000       11.626909
       1.4500000       12.108621
       1.5000000       12.867560
       1.5500000       13.806268
       1.6000000       14.828148
       1.6500000       16.021286
       1.7000000       17.643283
       1.7500000       19.819624
       1.8000000       22.577599
       1.8500000       25.978200
       1.9000000       29.932479
       1.9500000       34.392615
       2.0000000       39.813345
       2.0500000       46.979156
       2.1000000       56.830157
       2.1500000       70.685477
       2.2000000       89.905689
       2.2500000       115.44305
       2.3000000       146.91362
       2.3500000       179.02454
       2.4000000       199.92830
       2.4500000       199.25948
       2.5000000       178.65679
       2.5500000       149.64300
       2.6000000       122.21021
       2.6500000       99.891892
       2.7000000       82.893177
       2.7500000       70.477903
       2.8000000       61.410489
       2.8500000       54.829350
       2.9000000       50.318495
       2.9500000       47.372378
       3.0000000       45.693832
       3.0500000       45.234630
       3.1000000       45.767336
       3.1500000       47.177902
       3.2000000       49.685686
       3.2500000       53.468692
       3.3000000       58.704400
       3.3500000       65.674973
       3.4000000       74.528058
       3.4500000       85.390506
       3.5000000       98.040802
       3.5500000       110.82722
       3.6000000       121.14353
       3.6500000       127.58271
       3.7000000       130.90373
       3.7500000       133.32105
       3.8000000       137.30938
       3.8500000       143.84735
       3.9000000       151.26884
       3.9500000       156.83912
       4.0000000       159.75016
       4.0500000       162.18441
       4.1000000       167.75807
       4.1500000       179.17133
       4.2000000       196.11802
       4.2500000       213.74011
       4.3000000       223.91386
       4.3500000       221.16013
       4.4000000       207.76857
       4.4500000       191.07524
       4.5000000       176.94701
       4.5500000       168.11461
       4.6000000       165.93686
       4.6500000       170.67067
       4.7000000       181.97652
       4.7500000       200.12184
       4.8000000       225.42484
       4.8500000       258.50055
       4.9000000       302.46665
       4.9500000       362.43933
       5.0000000       443.07816
       5.0500000       546.58592
       5.1000000       665.42988
       5.1500000       774.48044
       5.2000000       843.01374
       5.2500000       862.90020
       5.3000000       855.77546
       5.3500000       845.37204
       5.4000000       831.92385
       5.4500000       801.59654
       5.5000000       751.81918
       5.5500000       694.32357
       5.6000000       636.94373
       5.6500000       576.82799
       5.7000000       513.13177
       5.7500000       454.14458
       5.8000000       408.37155
       5.8500000       377.07044
       5.9000000       357.49739
       5.9500000       347.55025
       6.0000000       346.32501
       6.0500000       351.96743
       6.1000000       357.95185
       6.1500000       353.56389
       6.2000000       332.29088
       6.2500000       297.95680
       6.3000000       259.76072
       6.3500000       224.35199
       6.4000000       194.42085
       6.4500000       170.75650
       6.5000000       153.00357
       6.5500000       140.07781
       6.6000000       130.96940
       6.6500000       125.02213
       6.7000000       121.99517
       6.7500000       122.10122
       6.8000000       125.63959
       6.8500000       132.81765
       6.9000000       143.79545
       6.9500000       157.63951
       7.0000000       171.03048
       7.0500000       179.90097
       7.1000000       183.30754
       7.1500000       184.03346
       7.2000000       184.71447
       7.2500000       185.21509
       7.3000000       183.93344
       7.3500000       179.28624
       7.4000000       169.98934
       7.4500000       156.28064
       7.5000000       140.75026
       7.5500000       126.49853
       7.6000000       115.12335
       7.6500000       106.97414
       7.7000000       101.90278
       7.7500000       99.219164
       7.8000000       97.837785
       7.8500000       96.840643
       7.9000000       95.901638
       7.9500000       95.334906
       8.0000000       95.578282
       8.0500000       96.597523
       8.1000000       97.953729
       8.1500000       99.165198
       8.2000000       99.992357
       8.2500000       100.84996
       8.3000000       102.69200
       8.3500000       106.00686
       8.4000000       110.29039
       8.4500000       114.71247
       8.5000000       118.97468
       8.5500000       123.61991
       8.6000000       129.51992
       8.6500000       136.58842
       8.7000000       143.19632
       8.7500000       147.44704
       8.8000000       148.74632
       8.8500000       147.69821
       8.9000000       144.84947
       8.9500000       140.06558
       9.0000000       133.20877
       9.0500000       125.10702
       9.1000000       117.43429
       9.1500000       111.71860
       9.2000000       108.78030
       9.2500000       108.83181
       9.3000000       111.67360
       9.3500000       116.81484
       9.4000000       123.38125
       9.4500000       129.95787
       9.5000000       135.08276
       9.5500000       138.12160
       9.6000000       139.41799
       9.6500000       139.82088
       9.7000000       140.35845
       9.7500000       141.99312
       9.8000000       145.30088
       9.8500000       150.22073
       9.9000000       155.90635
       9.9500000       161.07745
       10.000000       164.99928
       10.050000       167.97201
       10.100000       170.68951
       10.150000       173.44356
       10.200000       175.98881
       10.250000       177.96213
       10.300000       179.46318
       10.350000       180.99420
       10.400000       182.64753
       10.450000       183.94626
       10.500000       184.79595
       10.550000       186.03252
       10.600000       188.91568
       10.650000       194.44508
       10.700000       202.87929
       10.750000       213.45129
       10.800000       224.70087
       10.850000       235.46747
       10.900000       245.80670
       10.950000       256.85670
       11.000000       269.34575
       11.050000       282.23498
       11.100000       293.56121
       11.150000       302.66771
       11.200000       310.92284
       11.250000       320.30008
       11.300000       331.85352
       11.350000       345.30436
       11.400000       359.40353
       11.450000       372.53167
       11.500000       383.30434
       11.550000       390.86102
       11.600000       394.87937
       11.650000       395.87198
       11.700000       395.56355
       11.750000       396.20089
       11.800000       399.05358
       11.850000       404.09234
       11.900000       411.17558
       11.950000       420.80089
       12.000000       433.74171
       12.050000       450.68039
       12.100000       471.88913
       12.150000       496.27656
       12.200000       520.61276
       12.250000       540.67634
       12.300000       554.07705
       12.350000       561.64251
       12.400000       565.25255
       12.450000       565.19108
       12.500000       561.13249
       12.550000       554.67781
       12.600000       548.82170
       12.650000       545.53070
       12.700000       545.15019
       12.750000       547.11272
       12.800000       550.08505
       12.850000       552.17490
       12.900000       551.68426
       12.950000       547.73287
       13.000000       540.72463
       13.050000       532.48707
       13.100000       525.32517
       13.150000       520.59154
       13.200000       518.24449
       13.250000       517.66934
       13.300000       518.73585
       13.350000       522.03380
       13.400000       528.05906
       13.450000       536.45266
       13.500000       546.15315
       13.550000       555.98389
       13.600000       565.24110
       13.650000       574.35049
       13.700000       585.01977
       13.750000       599.11659
       13.800000       616.97679
       13.850000       637.01362
       13.900000       657.21040
       13.950000       676.62009
       14.000000       695.03188
       14.050000       711.98614
       14.100000       727.05329
       14.150000       740.42400
       14.200000       752.48468
       14.250000       763.64386
       14.300000       774.85221
       14.350000       786.92713
       14.400000       798.91895
       14.450000       808.38924
       14.500000       813.83628
       14.550000       816.26711
       14.600000       818.57758
       14.650000       824.19295
       14.700000       835.89750
       14.750000       854.32893
       14.800000       876.91042
       14.850000       899.27202
       14.900000       918.53324
       14.950000       934.86531
       15.000000       949.99001
       15.050000       965.27495
       15.100000       981.56238
       15.150000       999.72161
       15.200000       1020.2348
       15.250000       1042.2097
       15.300000       1063.8849
       15.350000       1085.0000
       15.400000       1108.1900
       15.450000       1137.2924
       15.500000       1174.6144
       15.550000       1219.5765
       15.600000       1268.1812
       15.650000       1313.1111
       15.700000       1346.3372
       15.750000       1363.8020
       15.800000       1368.1669
       15.850000       1366.8362
       15.900000       1367.0096
       15.950000       1371.8351
       16.000000       1379.9717
       16.050000       1387.4925
       16.100000       1390.0316
       16.150000       1384.4953
       16.200000       1370.3310
       16.250000       1349.8097
       16.300000       1327.0266
       16.350000       1306.1490
       16.400000       1289.7664
       16.450000       1278.1921
       16.500000       1270.0640
       16.550000       1263.4560
       16.600000       1256.4020
       16.650000       1246.9608
       16.700000       1233.8099
       16.750000       1217.2704
       16.800000       1199.4573
       16.850000       1183.1666
       16.900000       1170.6110
       16.950000       1162.7554
       17.000000       1159.0045
       17.050000       1157.4796
       17.100000       1156.1142
       17.150000       1153.7045
       17.200000       1150.0773
       17.250000       1145.8175
       17.300000       1142.0263
       17.350000       1139.8834
       17.400000       1139.9738
       17.450000       1141.7786
       17.500000       1143.9267
       17.550000       1145.3060
       17.600000       1146.0498
       17.650000       1147.4101
       17.700000       1150.7556
       17.750000       1156.3308
       17.800000       1162.5879
       17.850000       1167.2417
       17.900000       1169.5910
       17.950000       1171.3706
       18.000000       1175.1109
       18.050000       1182.1195
       18.100000       1191.6775
       18.150000       1201.2106
       18.200000       1207.2489
       18.250000       1206.9306
       18.300000       1199.0208
       18.350000       1184.1065
       18.400000       1164.4172
       18.450000       1143.1159
       18.500000       1123.0183
       18.550000       1105.6644
       18.600000       1091.2908
       18.650000       1079.2164
       18.700000       1068.2542
       18.750000       1057.1862
       18.800000       1045.2040
       18.850000       1032.0027
       18.900000       1017.6430
       18.950000       1002.5893
       19.000000       987.82059
       19.050000       974.56293
       19.100000       963.78989
       19.150000       955.93978
       19.200000       950.79419
       19.250000       947.48892
       19.300000       944.92271
       19.350000       942.34479
       19.400000       939.55942
       19.450000       936.86406
       19.500000       934.86531
       19.550000       934.03844
       19.600000       934.33443
       19.650000       935.31899
       19.700000       936.53880
       19.750000       937.65397
       19.800000       938.40144
       19.850000       938.50279
       19.900000       937.51457
       19.950000       934.75811
       20.000000       929.46946
       20.050000       921.13311
       20.100000       909.91445
       20.150000       896.79508
       20.200000       883.26375
       20.250000       870.80990
       20.300000       860.52933
       20.350000       852.87277
       20.400000       847.64631
       20.450000       844.32751
       20.500000       842.42462
       20.550000       841.65995
       20.600000       841.93508
       20.650000       843.21234
       20.700000       845.45951
       20.750000       848.61184
       20.800000       852.34262
       20.850000       855.77777
       20.900000       857.53322
       20.950000       856.14730
       21.000000       850.66986
       21.050000       841.14737
       21.100000       828.66608
       21.150000       814.79998
       21.200000       800.89326
       21.250000       787.75048
       21.300000       775.74446
       21.350000       764.98459
       21.400000       755.43905
       21.450000       747.04416
       21.500000       739.77250
       21.550000       733.61381
       21.600000       728.64017
       21.650000       725.10331
       21.700000       723.30067
       21.750000       723.21762
       21.800000       724.37194
       21.850000       725.94298
       21.900000       726.96010
       21.950000       726.48666
       22.000000       723.91716
       22.050000       719.24244
       22.100000       713.03436
       22.150000       706.18820
       22.200000       699.65376
       22.250000       694.29267
       22.300000       690.79788
       22.350000       689.53417
       22.400000       690.41006
       22.450000       692.92139
       22.500000       696.32325
       22.550000       699.94170
       22.600000       703.53272
       22.650000       707.34581
       22.700000       711.75930
       22.750000       716.83465
       22.800000       722.09549
       22.850000       726.47093
       22.900000       728.50114
       22.950000       726.90705
       23.000000       721.23936
       23.050000       712.10102
       23.100000       700.72613
       23.150000       688.26862
       23.200000       675.41781
       23.250000       662.53077
       23.300000       649.92509
       23.350000       638.02627
       23.400000       627.36702
       23.450000       618.46284
       23.500000       611.62107
       23.550000       606.83549
       23.600000       603.81817
       23.650000       602.12492
       23.700000       601.33574
       23.750000       601.16854
       23.800000       601.50440
       23.850000       602.30932
       23.900000       603.50937
       23.950000       604.89492
       24.000000       606.18827
       24.050000       607.13843
       24.100000       607.50248
       24.150000       606.97160
       24.200000       605.14774
       24.250000       601.59514
       24.300000       596.04197
       24.350000       588.63054
       24.400000       579.95686
       24.450000       570.86755
       24.500000       562.21949
       24.550000       554.65476
       24.600000       548.43278
       24.650000       543.44743
       24.700000       539.30176
       24.750000       535.42793
       24.800000       531.28226
       24.850000       526.57864
       24.900000       521.35877
       24.950000       515.91389
       25.000000       510.67464
       25.050000       506.07492
       25.100000       502.46049
       25.150000       500.07026
       25.200000       499.05534
       25.250000       499.50097
       25.300000       501.41081
       25.350000       504.62205
       25.400000       508.73992
       25.450000       513.16658
       25.500000       517.18968
       25.550000       520.15396
       25.600000       521.68257
       25.650000       521.75025
       25.700000       520.55532
       25.750000       518.31437
       25.800000       515.12105
       25.850000       510.92160
       25.900000       505.63405
       25.950000       499.27559
       26.000000       492.00356
       26.050000       484.09529
       26.100000       475.91187
       26.150000       467.82176
       26.200000       460.15715
       26.250000       453.15294
       26.300000       446.88522
       26.350000       441.32509
       26.400000       436.46890
       26.450000       432.37116
       26.500000       429.09516
       26.550000       426.65517
       26.600000       424.98498
       26.650000       423.94152
       26.700000       423.38393
       26.750000       423.19660
       26.800000       423.25844
       26.850000       423.43369
       26.900000       423.56613
       26.950000       423.44869
       27.000000       422.85196
       27.050000       421.57507
       27.100000       419.49290
       27.150000       416.62961
       27.200000       413.16665
       27.250000       409.34477
       27.300000       405.40033
       27.350000       401.55979
       27.400000       398.00280
       27.450000       394.83620
       27.500000       392.09474
       27.550000       389.72756
       27.600000       387.61685
       27.650000       385.63969
       27.700000       383.70424
       27.750000       381.76001
       27.800000       379.81980
       27.850000       377.92313
       27.900000       376.08134
       27.950000       374.27394
       28.000000       372.45630
       28.050000       370.56878
       28.100000       368.58247
       28.150000       366.52189
       28.200000       364.42985
       28.250000       362.36012
       28.300000       360.37235
       28.350000       358.50678
       28.400000       356.78829
       28.450000       355.26590
       28.500000       354.00402
       28.550000       353.07617
       28.600000       352.55444
       28.650000       352.45822
       28.700000       352.73006
       28.750000       353.28216
       28.800000       354.02561
       28.850000       354.87406
       28.900000       355.76605
       28.950000       356.65584
       29.000000       357.48747
       29.050000       358.21738
       29.100000       358.81777
       29.150000       359.25864
       29.200000       359.52609
       29.250000       359.64866
       29.300000       359.68159
       29.350000       359.71232
       29.400000       359.84257
       29.450000       360.13417
       29.500000       360.60358
       29.550000       361.26141
       29.600000       362.12377
       29.650000       363.22467
       29.700000       364.63144
       29.750000       366.40115
       29.800000       368.53308
       29.850000       370.96465
       29.900000       373.56050
       29.950000       376.14134
       30.000000       378.56413
