       0.0000000       0.0000000
     0.050000000    0.0066477498
      0.10000000     0.035466174
      0.15000000     0.096936513
      0.20000000      0.18004551
      0.25000000      0.26296424
      0.30000000      0.35318117
      0.35000000      0.50280695
      0.40000000      0.76173774
      0.45000000       1.1098380
      0.50000000       1.4577867
      0.55000000       1.7479747
      0.60000000       2.0632671
      0.65000000       2.6034010
      0.70000000       3.5073912
      0.75000000       4.6977603
      0.80000000       5.9803362
      0.85000000       7.4210921
      0.90000000       9.6767125
      0.95000000       13.827465
       1.0000000       20.578527
       1.0500000       29.299958
       1.1000000       37.744608
       1.1500000       42.968676
       1.2000000       43.082502
       1.2500000       38.630086
       1.3000000       32.452689
       1.3500000       27.924065
       1.4000000       26.797720
       1.4500000       28.391738
       1.5000000       30.915291
       1.5500000       33.964184
       1.6000000       40.006445
       1.6500000       53.179394
       1.7000000       75.778004
       1.7500000       104.91205
       1.8000000       132.18702
       1.8500000       147.36997
       1.9000000       144.06374
       1.9500000       123.65830
       2.0000000       94.746974
       2.0500000       68.234564
       2.1000000       51.365789
       2.1500000       44.612706
       2.2000000       43.195381
       2.2500000       41.676515
       2.3000000       38.034022
       2.3500000       34.382354
       2.4000000       34.324172
       2.4500000       39.484454
       2.5000000       48.116582
       2.5500000       56.677219
       2.6000000       62.720694
       2.6500000       66.500597
       2.7000000       69.990464
       2.7500000       74.396653
       2.8000000       78.554645
       2.8500000       79.751084
       2.9000000       76.293923
       2.9500000       69.539343
       3.0000000       63.502993
       3.0500000       62.278299
       3.1000000       67.400832
       3.1500000       77.336807
       3.2000000       89.384811
       3.2500000       102.13070
       3.3000000       116.12242
       3.3500000       132.12944
       3.4000000       148.70487
       3.4500000       161.65327
       3.5000000       166.45426
       3.5500000       161.93883
       3.6000000       152.01352
       3.6500000       143.51298
       3.7000000       141.49347
       3.7500000       145.75591
       3.8000000       151.82195
       3.8500000       156.03287
       3.9000000       160.70055
       3.9500000       174.49848
       4.0000000       206.60032
       4.0500000       258.17335
       4.1000000       317.66915
       4.1500000       364.39607
       4.2000000       379.11998
       4.2500000       355.11214
       4.3000000       302.23712
       4.3500000       241.22339
       4.4000000       191.98218
       4.4500000       163.78709
       4.5000000       153.41186
       4.5500000       151.35002
       4.6000000       150.50995
       4.6500000       150.66445
       4.7000000       155.91895
       4.7500000       168.30705
       4.8000000       183.55678
       4.8500000       192.95219
       4.9000000       189.90087
       4.9500000       175.73544
       5.0000000       159.77788
       5.0500000       153.26960
       5.1000000       161.73351
       5.1500000       181.58307
       5.2000000       203.38585
       5.2500000       218.96159
       5.3000000       226.67681
       5.3500000       231.11275
       5.4000000       238.12653
       5.4500000       250.05140
       5.5000000       265.33719
       5.5500000       282.70274
       5.6000000       305.53378
       5.6500000       341.61760
       5.7000000       397.14687
       5.7500000       469.13841
       5.8000000       542.68377
       5.8500000       596.50918
       5.9000000       614.23454
       5.9500000       594.02524
       6.0000000       549.90018
       6.0500000       503.49348
       6.1000000       471.63843
       6.1500000       457.88234
       6.2000000       453.06540
       6.2500000       443.66252
       6.3000000       421.53226
       6.3500000       388.44468
       6.4000000       353.13848
       6.4500000       324.13028
       6.5000000       303.95655
       6.5500000       288.69693
       6.6000000       272.18753
       6.6500000       251.06934
       6.7000000       226.77545
       6.7500000       203.51896
       6.8000000       184.50884
       6.8500000       169.62436
       6.9000000       156.16041
       6.9500000       141.58545
       7.0000000       125.81972
       7.0500000       111.23998
       7.1000000       100.65818
       7.1500000       95.088185
       7.2000000       93.063509
       7.2500000       91.845074
       7.3000000       89.369444
       7.3500000       85.392574
       7.4000000       81.125159
       7.4500000       77.895618
       7.5000000       76.003668
       7.5500000       74.581612
       7.6000000       72.396311
       7.6500000       68.864152
       7.7000000       64.543854
       7.7500000       60.861633
       7.8000000       59.354403
       7.8500000       60.915646
       7.9000000       65.398189
       7.9500000       71.670780
       8.0000000       78.039141
       8.0500000       82.852990
       8.1000000       85.080300
       8.1500000       84.627606
       8.2000000       82.272721
       8.2500000       79.261403
       8.3000000       76.805801
       8.3500000       75.750548
       8.4000000       76.510423
       8.4500000       79.165724
       8.5000000       83.525320
       8.5500000       89.099897
       8.6000000       95.117762
       8.6500000       100.73771
       8.7000000       105.41685
       8.7500000       109.16647
       8.8000000       112.44232
       8.8500000       115.71412
       8.9000000       119.08861
       8.9500000       122.36475
       9.0000000       125.50944
       9.0500000       129.07773
       9.1000000       134.04138
       9.1500000       140.98197
       9.2000000       149.27847
       9.2500000       157.11899
       9.3000000       162.59453
       9.3500000       165.17442
       9.4000000       166.32878
       9.4500000       168.57163
       9.5000000       173.43266
       9.5500000       179.88664
       9.6000000       184.61203
       9.6500000       184.14931
       9.7000000       177.46549
       9.7500000       166.99861
       9.8000000       157.27774
       9.8500000       152.05623
       9.9000000       152.03614
       9.9500000       154.83198
       10.000000       157.07081
       10.050000       156.92508
       10.100000       155.11750
       10.150000       153.76865
       10.200000       154.19972
       10.250000       155.60294
       10.300000       155.66546
       10.350000       152.59779
       10.400000       146.83402
       10.450000       140.99617
       10.500000       138.12947
       10.550000       139.60187
       10.600000       144.28369
       10.650000       149.56535
       10.700000       153.35031
       10.750000       155.48776
       10.800000       157.64343
       10.850000       161.81797
       10.900000       168.68502
       10.950000       176.92990
       11.000000       184.00597
       11.050000       187.75540
       11.100000       187.88218
       11.150000       186.42254
       11.200000       186.95481
       11.250000       192.93056
       11.300000       205.93101
       11.350000       224.74404
       11.400000       245.80996
       11.450000       264.96562
       11.500000       279.59288
       11.550000       289.94634
       11.600000       298.77661
       11.650000       309.45036
       11.700000       323.83885
       11.750000       341.47810
       11.800000       360.58821
       11.850000       380.04664
       11.900000       400.58036
       11.950000       424.01432
       12.000000       451.04113
       12.050000       479.40996
       12.100000       504.29789
       12.150000       520.95631
       12.200000       527.76259
       12.250000       527.27818
       12.300000       524.36512
       12.350000       522.77944
       12.400000       522.97738
       12.450000       522.90384
       12.500000       521.03388
       12.550000       518.91769
       12.600000       520.73935
       12.650000       529.91574
       12.700000       545.39167
       12.750000       560.94846
       12.800000       568.63172
       12.850000       564.17470
       12.900000       550.46775
       12.950000       536.36127
       13.000000       531.48020
       13.050000       540.60719
       13.100000       561.46287
       13.150000       587.09389
       13.200000       610.76384
       13.250000       629.70602
       13.300000       645.33324
       13.350000       660.39164
       13.400000       675.70447
       13.450000       689.07936
       13.500000       696.97461
       13.550000       697.34845
       13.600000       691.44181
       13.650000       683.28544
       13.700000       677.46474
       13.750000       676.73608
       13.800000       680.87721
       13.850000       687.16889
       13.900000       691.94993
       13.950000       692.37566
       14.000000       687.62623
       14.050000       679.14602
       14.100000       669.81232
       14.150000       662.39065
       14.200000       658.11180
       14.250000       656.35599
       14.300000       655.85401
       14.350000       656.67685
       14.400000       661.35926
       14.450000       673.86725
       14.500000       696.63643
       14.550000       727.70977
       14.600000       760.41488
       14.650000       786.42457
       14.700000       800.51861
       14.750000       803.81144
       14.800000       803.12690
       14.850000       806.95060
       14.900000       820.90049
       14.950000       845.82940
       15.000000       879.35516
       15.050000       918.79740
       15.100000       962.60154
       15.150000       1009.0517
       15.200000       1053.9640
       15.250000       1090.3037
       15.300000       1111.1162
       15.350000       1113.9883
       15.400000       1103.4018
       15.450000       1088.5830
       15.500000       1078.0317
       15.550000       1074.7945
       15.600000       1076.1270
       15.650000       1077.6629
       15.700000       1078.4696
       15.750000       1082.5827
       15.800000       1095.6542
       15.850000       1119.5330
       15.900000       1149.4736
       15.950000       1176.4671
       16.000000       1192.8343
       16.050000       1196.4583
       16.100000       1190.2904
       16.150000       1177.9811
       16.200000       1159.9273
       16.250000       1133.6340
       16.300000       1098.2606
       16.350000       1059.1286
       16.400000       1027.4286
       16.450000       1014.2035
       16.500000       1022.6441
       16.550000       1044.7254
       16.600000       1065.2518
       16.650000       1070.8262
       16.700000       1057.4972
       16.750000       1031.9438
       16.800000       1005.9893
       16.850000       989.02174
       16.900000       983.73419
       16.950000       987.28093
       17.000000       995.47349
       17.050000       1005.8013
       17.100000       1017.0895
       17.150000       1027.1827
       17.200000       1031.9116
       17.250000       1027.0525
       17.300000       1011.7898
       17.350000       990.33265
       17.400000       969.75430
       17.450000       955.47659
       17.500000       948.03370
       17.550000       943.79583
       17.600000       938.92208
       17.650000       933.03863
       17.700000       929.46591
       17.750000       931.90542
       17.800000       940.67489
       17.850000       951.91240
       17.900000       960.46033
       17.950000       963.80917
       18.000000       963.53945
       18.050000       963.01922
       18.100000       963.54724
       18.150000       962.57487
       18.200000       955.80013
       18.250000       941.31787
       18.300000       922.02628
       18.350000       903.83779
       18.400000       890.94354
       18.450000       882.07504
       18.500000       871.10889
       18.550000       851.78313
       18.600000       822.84549
       18.650000       789.53977
       18.700000       760.26505
       18.750000       741.08908
       18.800000       732.33513
       18.850000       729.56118
       18.900000       727.66048
       18.950000       724.59918
       19.000000       722.09904
       19.050000       723.42565
       19.100000       730.70277
       19.150000       744.01695
       19.200000       762.44655
       19.250000       785.26952
       19.300000       811.69740
       19.350000       839.37582
       19.400000       863.53970
       19.450000       878.45000
       19.500000       880.64522
       19.550000       871.57347
       19.600000       857.26430
       19.650000       844.96010
       19.700000       839.14386
       19.750000       839.94219
       19.800000       844.88326
       19.850000       852.20652
       19.900000       862.67296
       19.950000       878.32670
       20.000000       899.45422
       20.050000       922.70233
       20.100000       942.39638
       20.150000       954.26739
       20.200000       958.60258
       20.250000       960.13485
       20.300000       964.54578
       20.350000       974.19486
       20.400000       986.29235
       20.450000       994.74065
       20.500000       994.07111
       20.550000       982.48145
       20.600000       962.01030
       20.650000       936.32586
       20.700000       908.28559
       20.750000       879.19820
       20.800000       849.89934
       20.850000       822.15396
       20.900000       798.79792
       20.950000       782.37439
       21.000000       773.43582
       21.050000       770.01018
       21.100000       768.73147
       21.150000       766.77699
       21.200000       763.24781
       21.250000       759.21921
       21.300000       756.68813
       21.350000       757.26181
       21.400000       761.27577
       21.450000       767.49227
       21.500000       773.29789
       21.550000       775.38225
       21.600000       770.95669
       21.650000       759.22763
       21.700000       742.31968
       21.750000       724.76451
       21.800000       711.45124
       21.850000       705.11620
       21.900000       705.09205
       21.950000       708.33769
       22.000000       712.08017
       22.050000       716.04620
       22.100000       722.42331
       22.150000       733.44441
       22.200000       748.48423
       22.250000       763.16695
       22.300000       771.55123
       22.350000       770.06506
       22.400000       760.33658
       22.450000       748.71802
       22.500000       742.60177
       22.550000       745.93631
       22.600000       756.85460
       22.650000       768.80757
       22.700000       774.22427
       22.750000       768.28986
       22.800000       750.73652
       22.850000       725.14392
       22.900000       696.74912
       22.950000       670.26380
       23.000000       648.59589
       23.050000       632.55944
       23.100000       621.22552
       23.150000       612.64185
       23.200000       604.82650
       23.250000       596.78797
       23.300000       589.09154
       23.350000       583.48202
       23.400000       581.62889
       23.450000       583.72532
       23.500000       587.93246
       23.550000       591.13272
       23.600000       590.51806
       23.650000       584.94733
       23.700000       575.21885
       23.750000       563.25563
       23.800000       550.97009
       23.850000       539.62409
       23.900000       529.91866
       23.950000       522.39857
       24.000000       517.58555
       24.050000       515.70388
       24.100000       516.33867
       24.150000       518.46035
       24.200000       520.84985
       24.250000       522.56870
       24.300000       523.09921
       24.350000       522.17978
       24.400000       519.70394
       24.450000       515.94207
       24.500000       511.84030
       24.550000       508.86651
       24.600000       508.16733
       24.650000       509.52800
       24.700000       511.10161
       24.750000       510.46865
       24.800000       506.49604
       24.850000       500.57370
       24.900000       496.04204
       24.950000       495.95350
       25.000000       500.72920
       25.050000       507.58816
       25.100000       512.33276
       25.150000       512.26727
       25.200000       508.04074
       25.250000       502.98771
       25.300000       500.51004
       25.350000       501.53813
       25.400000       504.03373
       25.450000       504.77059
       25.500000       501.84949
       25.550000       495.92825
       25.600000       489.33088
       25.650000       484.01992
       25.700000       480.23133
       25.750000       476.83716
       25.800000       472.88649
       25.850000       468.77119
       25.900000       465.92692
       25.950000       465.38177
       26.000000       466.56682
       26.050000       467.53528
       26.100000       466.44170
       26.150000       462.95861
       26.200000       458.36036
       26.250000       454.20188
       26.300000       450.79637
       26.350000       446.87753
       26.400000       440.77007
       26.450000       432.03419
       26.500000       422.12900
       26.550000       413.49666
       26.600000       407.82860
       26.650000       404.96787
       26.700000       403.27462
       26.750000       401.04501
       26.800000       397.71486
       26.850000       393.92701
       26.900000       390.61589
       26.950000       388.09395
       27.000000       385.98398
       27.050000       383.90327
       27.100000       382.03953
       27.150000       380.92509
       27.200000       380.56617
       27.250000       379.86261
       27.300000       377.06553
       27.350000       371.11978
       27.400000       362.81051
       27.450000       354.69442
       27.500000       349.75993
       27.550000       349.80859
       27.600000       354.75076
       27.650000       363.18845
       27.700000       373.55318
       27.750000       384.73380
       27.800000       395.73477
       27.850000       405.01946
       27.900000       410.50641
       27.950000       410.59312
       28.000000       405.46874
       28.050000       397.47375
       28.100000       389.92988
       28.150000       385.14357
       28.200000       383.06616
       28.250000       381.65720
       28.300000       378.62816
       28.350000       373.16902
       28.400000       366.32286
       28.450000       359.87696
       28.500000       354.86637
       28.550000       351.02657
       28.600000       347.56471
       28.650000       344.40945
       28.700000       342.65693
       28.750000       343.70478
       28.800000       347.78752
       28.850000       353.22325
       28.900000       357.11538
       28.950000       357.03818
       29.000000       352.42785
       29.050000       344.70800
       29.100000       336.20591
       29.150000       328.82010
       29.200000       323.40229
       29.250000       320.03373
       29.300000       318.58635
       29.350000       318.91892
       29.400000       320.62461
       29.450000       322.81910
       29.500000       324.43880
       29.550000       324.92943
       29.600000       324.65211
       29.650000       324.53283
       29.700000       325.14822
       29.750000       326.08888
       29.800000       326.25681
       29.850000       324.92285
       29.900000       322.58311
       29.950000       320.75193
       30.000000       320.73547
