       0.0000000       0.0000000
     0.050000000     0.030584291
      0.10000000      0.12684261
      0.15000000      0.30465907
      0.20000000      0.59065677
      0.25000000       1.0173890
      0.30000000       1.6077800
      0.35000000       2.3133265
      0.40000000       2.9514262
      0.45000000       3.2925444
      0.50000000       3.2675528
      0.55000000       3.0184465
      0.60000000       2.7254493
      0.65000000       2.4788652
      0.70000000       2.3096602
      0.75000000       2.2267010
      0.80000000       2.2197754
      0.85000000       2.2845301
      0.90000000       2.4269696
      0.95000000       2.6470244
       1.0000000       2.9556991
       1.0500000       3.3806311
       1.1000000       3.9475768
       1.1500000       4.7018505
       1.2000000       5.7217180
       1.2500000       7.0917665
       1.3000000       8.9126749
       1.3500000       11.265436
       1.4000000       14.045945
       1.4500000       16.904757
       1.5000000       19.380968
       1.5500000       20.962498
       1.6000000       21.165247
       1.6500000       19.928637
       1.7000000       17.868769
       1.7500000       15.822191
       1.8000000       14.240478
       1.8500000       13.199265
       1.9000000       12.688991
       1.9500000       12.669066
       2.0000000       13.085358
       2.0500000       13.960588
       2.1000000       15.348769
       2.1500000       17.272990
       2.2000000       19.753233
       2.2500000       22.741015
       2.3000000       26.110626
       2.3500000       29.843225
       2.4000000       34.033792
       2.4500000       38.851957
       2.5000000       44.895425
       2.5500000       53.290305
       2.6000000       65.120881
       2.6500000       80.982558
       2.7000000       100.10615
       2.7500000       118.33161
       2.8000000       128.45517
       2.8500000       125.69119
       2.9000000       112.35120
       2.9500000       95.094212
       3.0000000       78.942167
       3.0500000       65.631228
       3.1000000       55.413653
       3.1500000       47.991174
       3.2000000       42.719985
       3.2500000       39.136691
       3.3000000       36.974097
       3.3500000       35.917652
       3.4000000       35.804247
       3.4500000       36.579083
       3.5000000       38.001152
       3.5500000       39.847238
       3.6000000       42.107405
       3.6500000       44.753986
       3.7000000       47.746840
       3.7500000       51.170634
       3.8000000       55.041219
       3.8500000       59.300960
       3.9000000       64.115756
       3.9500000       69.916698
       4.0000000       77.307463
       4.0500000       86.697686
       4.1000000       97.131139
       4.1500000       105.64453
       4.2000000       109.08008
       4.2500000       107.03669
       4.3000000       102.47628
       4.3500000       99.178096
       4.4000000       99.178756
       4.4500000       102.92877
       4.5000000       110.68693
       4.5500000       122.75633
       4.6000000       139.58704
       4.6500000       162.58223
       4.7000000       193.72045
       4.7500000       234.54937
       4.8000000       285.92828
       4.8500000       345.05450
       4.9000000       401.04097
       4.9500000       440.00235
       5.0000000       458.31822
       5.0500000       465.09984
       5.1000000       470.39457
       5.1500000       478.46006
       5.2000000       491.43908
       5.2500000       508.81842
       5.3000000       522.11016
       5.3500000       518.78973
       5.4000000       493.67338
       5.4500000       452.66083
       5.5000000       406.14920
       5.5500000       362.05060
       5.6000000       324.42059
       5.6500000       295.31792
       5.7000000       275.77885
       5.7500000       265.16930
       5.8000000       260.70181
       5.8500000       258.14554
       5.9000000       254.03534
       5.9500000       248.55904
       6.0000000       245.46493
       6.0500000       247.91383
       6.1000000       255.65470
       6.1500000       265.78322
       6.2000000       273.02101
       6.2500000       270.47829
       6.3000000       254.75942
       6.3500000       229.64126
       6.4000000       201.90163
       6.4500000       175.64975
       6.5000000       152.37373
       6.5500000       133.08074
       6.6000000       118.33614
       6.6500000       107.97823
       6.7000000       101.60267
       6.7500000       98.845014
       6.8000000       99.483765
       6.8500000       103.34781
       6.9000000       109.89705
       6.9500000       118.02573
       7.0000000       126.19842
       7.0500000       133.03437
       7.1000000       138.15755
       7.1500000       141.51120
       7.2000000       141.55740
       7.2500000       136.23281
       7.3000000       126.19643
       7.3500000       115.00410
       7.4000000       105.81534
       7.4500000       99.334252
       7.5000000       94.393043
       7.5500000       89.442088
       7.6000000       83.954559
       7.6500000       78.694539
       7.7000000       74.517731
       7.7500000       71.512337
       7.8000000       69.407622
       7.8500000       68.097314
       7.9000000       67.670322
       7.9500000       68.190999
       8.0000000       69.462806
       8.0500000       71.234030
       8.1000000       73.589717
       8.1500000       76.680531
       8.2000000       80.292688
       8.2500000       84.201993
       8.3000000       88.716465
       8.3500000       94.479246
       8.4000000       101.65209
       8.4500000       109.34805
       8.5000000       116.24602
       8.5500000       121.76502
       8.6000000       126.01559
       8.6500000       129.00771
       8.7000000       130.88411
       8.7500000       132.12938
       8.8000000       132.50059
       8.8500000       130.82103
       8.9000000       126.58879
       8.9500000       120.66653
       9.0000000       114.18500
       9.0500000       107.92822
       9.1000000       102.64784
       9.1500000       98.908065
       9.2000000       96.656867
       9.2500000       95.484144
       9.3000000       95.212632
       9.3500000       96.086805
       9.4000000       98.596856
       9.4500000       103.16203
       9.5000000       109.47988
       9.5500000       115.85179
       9.6000000       119.81018
       9.6500000       120.14089
       9.7000000       117.86038
       9.7500000       114.81111
       9.8000000       112.01909
       9.8500000       109.64668
       9.9000000       107.58010
       9.9500000       105.70362
       10.000000       104.11853
       10.050000       103.10049
       10.100000       102.64630
       10.150000       102.39616
       10.200000       102.09852
       10.250000       101.80458
       10.300000       101.65315
       10.350000       101.81230
       10.400000       102.62453
       10.450000       104.59928
       10.500000       108.22695
       10.550000       113.83186
       10.600000       121.52128
       10.650000       131.16971
       10.700000       142.47040
       10.750000       154.96962
       10.800000       167.92196
       10.850000       180.38620
       10.900000       191.91882
       10.950000       202.84688
       11.000000       213.38320
       11.050000       223.22371
       11.100000       232.73249
       11.150000       243.51090
       11.200000       257.01044
       11.250000       273.57301
       11.300000       293.25571
       11.350000       316.23015
       11.400000       341.92153
       11.450000       368.65894
       11.500000       394.03824
       11.550000       415.06734
       11.600000       429.10467
       11.650000       435.78546
       11.700000       437.39419
       11.750000       436.83002
       11.800000       435.83521
       11.850000       435.07823
       11.900000       434.99006
       11.950000       436.29950
       12.000000       439.81917
       12.050000       445.66175
       12.100000       453.09440
       12.150000       461.61331
       12.200000       471.56351
       12.250000       483.23439
       12.300000       495.92715
       12.350000       508.39088
       12.400000       519.83821
       12.450000       530.08879
       12.500000       538.81003
       12.550000       545.04629
       12.600000       547.58506
       12.650000       545.41655
       12.700000       538.16391
       12.750000       526.91377
       12.800000       514.43980
       12.850000       503.78238
       12.900000       496.72036
       12.950000       493.60406
       13.000000       493.56250
       13.050000       494.69779
       13.100000       495.34429
       13.150000       495.41073
       13.200000       495.86126
       13.250000       497.19134
       13.300000       499.02077
       13.350000       500.77420
       13.400000       502.20299
       13.450000       503.40323
       13.500000       504.68977
       13.550000       506.62215
       13.600000       509.89940
       13.650000       514.80538
       13.700000       520.76580
       13.750000       526.72107
       13.800000       531.82942
       13.850000       535.78063
       13.900000       538.67645
       13.950000       540.66814
       14.000000       541.66707
       14.050000       541.79012
       14.100000       542.21368
       14.150000       545.04446
       14.200000       551.96789
       14.250000       563.17679
       14.300000       577.83496
       14.350000       595.46338
       14.400000       616.53544
       14.450000       641.45389
       14.500000       669.05606
       14.550000       696.45705
       14.600000       720.50345
       14.650000       739.44552
       14.700000       753.61069
       14.750000       765.12545
       14.800000       777.13111
       14.850000       792.55509
       14.900000       812.79611
       14.950000       837.40379
       15.000000       865.08148
       15.050000       894.81170
       15.100000       925.93040
       15.150000       957.30887
       15.200000       986.82579
       15.250000       1012.1586
       15.300000       1032.4077
       15.350000       1048.7313
       15.400000       1062.9692
       15.450000       1075.5774
       15.500000       1084.9473
       15.550000       1088.8728
       15.600000       1086.8813
       15.650000       1081.0673
       15.700000       1074.4816
       15.750000       1069.0799
       15.800000       1065.3839
       15.850000       1063.4232
       15.900000       1063.4166
       15.950000       1065.7684
       16.000000       1070.6737
       16.050000       1077.5974
       16.100000       1085.0853
       16.150000       1090.9663
       16.200000       1092.6204
       16.250000       1087.5209
       16.300000       1074.3452
       16.350000       1053.8012
       16.400000       1028.0930
       16.450000       999.46330
       16.500000       969.18135
       16.550000       937.77324
       16.600000       906.01610
       16.650000       875.55963
       16.700000       848.36854
       16.750000       825.50496
       16.800000       806.60925
       16.850000       790.62512
       16.900000       776.92549
       16.950000       765.82865
       17.000000       758.26210
       17.050000       755.14452
       17.100000       757.11766
       17.150000       764.60189
       17.200000       777.53832
       17.250000       794.96946
       17.300000       815.33744
       17.350000       837.38988
       17.400000       860.50225
       17.450000       884.18501
       17.500000       907.68593
       17.550000       930.14925
       17.600000       950.83187
       17.650000       969.03097
       17.700000       983.89188
       17.750000       994.38978
       17.800000       999.55953
       17.850000       998.95182
       17.900000       993.24425
       17.950000       984.66679
       18.000000       976.57960
       18.050000       972.07611
       18.100000       972.47271
       18.150000       976.74241
       18.200000       982.17851
       18.250000       985.77721
       18.300000       985.54268
       18.350000       981.12371
       18.400000       973.49093
       18.450000       963.91282
       18.500000       953.22247
       18.550000       942.13332
       18.600000       931.78359
       18.650000       923.29504
       18.700000       916.82317
       18.750000       911.36658
       18.800000       905.26680
       18.850000       896.68788
       18.900000       884.08513
       18.950000       866.79887
       19.000000       845.35450
       19.050000       821.22209
       19.100000       796.28257
       19.150000       772.26943
       19.200000       750.44053
       19.250000       731.51664
       19.300000       715.78643
       19.350000       703.23746
       19.400000       693.53752
       19.450000       686.02438
       19.500000       679.97106
       19.550000       674.96047
       19.600000       670.94212
       19.650000       668.09675
       19.700000       666.80743
       19.750000       667.57978
       19.800000       670.75150
       19.850000       676.16199
       19.900000       682.97705
       19.950000       689.88650
       20.000000       695.68115
       20.050000       699.76352
       20.100000       702.24924
       20.150000       703.80822
       20.200000       705.35731
       20.250000       707.62424
       20.300000       710.81133
       20.350000       714.42613
       20.400000       717.32052
       20.450000       718.15105
       20.500000       716.09779
       20.550000       711.18489
       20.600000       704.10347
       20.650000       695.80006
       20.700000       687.02174
       20.750000       678.09451
       20.800000       669.19985
       20.850000       660.67435
       20.900000       652.83376
       20.950000       645.58953
       21.000000       638.32994
       21.050000       630.20873
       21.100000       620.70233
       21.150000       609.98271
       21.200000       598.72050
       21.250000       587.67598
       21.300000       577.50114
       21.350000       568.75173
       21.400000       561.95643
       21.450000       557.61904
       21.500000       556.05531
       21.550000       557.22683
       21.600000       560.80796
       21.650000       566.35016
       21.700000       573.36645
       21.750000       581.35009
       21.800000       589.74900
       21.850000       597.93059
       21.900000       605.26079
       21.950000       611.21020
       22.000000       615.42319
       22.050000       617.75013
       22.100000       618.16575
       22.150000       616.66422
       22.200000       613.30737
       22.250000       608.35422
       22.300000       602.21748
       22.350000       595.33950
       22.400000       588.18198
       22.450000       581.27765
       22.500000       575.23238
       22.550000       570.55766
       22.600000       567.41265
       22.650000       565.56464
       22.700000       564.63240
       22.750000       564.23287
       22.800000       563.89883
       22.850000       563.07087
       22.900000       561.20274
       22.950000       557.89893
       23.000000       553.04457
       23.050000       546.83649
       23.100000       539.65775
       23.150000       531.85704
       23.200000       523.58070
       23.250000       514.77128
       23.300000       505.41416
       23.350000       495.77056
       23.400000       486.35929
       23.450000       477.77086
       23.500000       470.53468
       23.550000       465.02212
       23.600000       461.42452
       23.650000       459.75579
       23.700000       459.82494
       23.750000       461.25439
       23.800000       463.60181
       23.850000       466.42633
       23.900000       469.31743
       23.950000       471.96084
       24.000000       474.17911
       24.050000       475.86724
       24.100000       476.96485
       24.150000       477.43353
       24.200000       477.23266
       24.250000       476.37982
       24.300000       474.99976
       24.350000       473.27395
       24.400000       471.33996
       24.450000       469.23914
       24.500000       466.89464
       24.550000       464.18172
       24.600000       461.02755
       24.650000       457.43361
       24.700000       453.48185
       24.750000       449.33691
       24.800000       445.19234
       24.850000       441.18679
       24.900000       437.38760
       24.950000       433.76366
       25.000000       430.22167
       25.050000       426.72469
       25.100000       423.32283
       25.150000       420.07866
       25.200000       417.03023
       25.250000       414.19950
       25.300000       411.58389
       25.350000       409.17830
       25.400000       406.96040
       25.450000       404.80652
       25.500000       402.49386
       25.550000       399.78203
       25.600000       396.44346
       25.650000       392.33218
       25.700000       387.47855
       25.750000       382.08892
       25.800000       376.46916
       25.850000       370.94855
       25.900000       365.80040
       25.950000       361.19300
       26.000000       357.20465
       26.050000       353.81413
       26.100000       350.91571
       26.150000       348.39450
       26.200000       346.17184
       26.250000       344.16578
       26.300000       342.28886
       26.350000       340.45000
       26.400000       338.52809
       26.450000       336.42873
       26.500000       334.14570
       26.550000       331.74998
       26.600000       329.36524
       26.650000       327.13819
       26.700000       325.17054
       26.750000       323.48974
       26.800000       322.08845
       26.850000       320.93194
       26.900000       319.97556
       26.950000       319.21528
       27.000000       318.68257
       27.050000       318.41036
       27.100000       318.42719
       27.150000       318.72062
       27.200000       319.21272
       27.250000       319.82994
       27.300000       320.54631
       27.350000       321.35049
       27.400000       322.23810
       27.450000       323.20143
       27.500000       324.20172
       27.550000       325.17457
       27.600000       326.04644
       27.650000       326.70793
       27.700000       327.04306
       27.750000       326.99404
       27.800000       326.56597
       27.850000       325.82472
       27.900000       324.88846
       27.950000       323.85853
       28.000000       322.77666
       28.050000       321.64209
       28.100000       320.42960
       28.150000       319.11137
       28.200000       317.71887
       28.250000       316.34466
       28.300000       315.09924
       28.350000       314.11578
       28.400000       313.52088
       28.450000       313.38185
       28.500000       313.71552
       28.550000       314.49482
       28.600000       315.63597
       28.650000       317.03945
       28.700000       318.63537
       28.750000       320.35789
       28.800000       322.13785
       28.850000       323.90646
       28.900000       325.57227
       28.950000       327.05258
       29.000000       328.33788
       29.050000       329.47866
       29.100000       330.54846
       29.150000       331.62120
       29.200000       332.71661
       29.250000       333.74544
       29.300000       334.55730
       29.350000       334.96598
       29.400000       334.79585
       29.450000       333.97849
       29.500000       332.59148
       29.550000       330.82543
       29.600000       328.93388
       29.650000       327.17551
       29.700000       325.72484
       29.750000       324.67625
       29.800000       324.06379
       29.850000       323.84792
       29.900000       323.93829
       29.950000       324.23648
       30.000000       324.63052
