       0.0000000       0.0000000
     0.050000000    -0.043180122
      0.10000000    -0.062162458
      0.15000000      0.11996593
      0.20000000      0.47223550
      0.25000000      0.71545605
      0.30000000      0.61764666
      0.35000000      0.32230183
      0.40000000      0.30477509
      0.45000000      0.91332541
      0.50000000       1.9323191
      0.55000000       2.6793404
      0.60000000       2.6587898
      0.65000000       2.1790315
      0.70000000       2.2464801
      0.75000000       3.6801782
      0.80000000       6.2129186
      0.85000000       8.5294682
      0.90000000       9.4195053
      0.95000000       9.1035587
       1.0000000       9.4047321
       1.0500000       12.334234
       1.1000000       18.197474
       1.1500000       25.108483
       1.2000000       30.869422
       1.2500000       36.051691
       1.3000000       45.549430
       1.3500000       66.470696
       1.4000000       102.91442
       1.4500000       151.02901
       1.5000000       198.34242
       1.5500000       228.85401
       1.6000000       231.30132
       1.6500000       205.45449
       1.7000000       162.24423
       1.7500000       117.57593
       1.8000000       83.887853
       1.8500000       64.825925
       1.9000000       55.930081
       1.9500000       49.930173
       2.0000000       42.335709
       2.0500000       33.498151
       2.1000000       26.511858
       2.1500000       23.502504
       2.2000000       23.604516
       2.2500000       23.981023
       2.3000000       22.494721
       2.3500000       19.440163
       2.4000000       16.908615
       2.4500000       16.620344
       2.5000000       18.348211
       2.5500000       20.324272
       2.6000000       21.081117
       2.6500000       20.872263
       2.7000000       21.304381
       2.7500000       23.565690
       2.8000000       26.991172
       2.8500000       29.398320
       2.9000000       28.967498
       2.9500000       25.968141
       3.0000000       22.724184
       3.0500000       21.790078
       3.1000000       23.935728
       3.1500000       27.710884
       3.2000000       30.921484
       3.2500000       32.605633
       3.3000000       33.669348
       3.3500000       35.632476
       3.4000000       38.764477
       3.4500000       41.527941
       3.5000000       42.041122
       3.5500000       40.270895
       3.6000000       38.764500
       3.6500000       40.896311
       3.7000000       47.950937
       3.7500000       57.768112
       3.8000000       66.686627
       3.8500000       73.710049
       3.9000000       83.480381
       3.9500000       104.93743
       4.0000000       145.58050
       4.0500000       204.84032
       4.1000000       271.36889
       4.1500000       326.80487
       4.2000000       354.28506
       4.2500000       346.68423
       4.3000000       309.68743
       4.3500000       258.18146
       4.4000000       208.62169
       4.4500000       172.11875
       4.5000000       151.77363
       4.5500000       144.58233
       4.6000000       145.41959
       4.6500000       150.08527
       4.7000000       155.99077
       4.7500000       161.21323
       4.8000000       163.64497
       4.8500000       161.33146
       4.9000000       153.68608
       4.9500000       142.36960
       5.0000000       130.86807
       5.0500000       122.83688
       5.1000000       120.22832
       5.1500000       122.36971
       5.2000000       126.56355
       5.2500000       129.87418
       5.3000000       131.10523
       5.3500000       131.82455
       5.4000000       135.73185
       5.4500000       146.51423
       5.5000000       165.30529
       5.5500000       189.42571
       5.6000000       213.66571
       5.6500000       233.88905
       5.7000000       250.91257
       5.7500000       271.71241
       5.8000000       306.12371
       5.8500000       360.01806
       5.9000000       428.83822
       5.9500000       496.10333
       6.0000000       539.08544
       6.0500000       539.44976
       6.1000000       493.11449
       6.1500000       413.44531
       6.2000000       325.60398
       6.2500000       255.07852
       6.3000000       216.81454
       6.3500000       210.62382
       6.4000000       224.47842
       6.4500000       242.61240
       6.5000000       253.20055
       6.5500000       251.76516
       6.6000000       239.89518
       6.6500000       221.73071
       6.7000000       201.12932
       6.7500000       180.81114
       6.8000000       162.80048
       6.8500000       148.73363
       6.9000000       139.41749
       6.9500000       134.21970
       7.0000000       131.22977
       7.0500000       128.39440
       7.1000000       124.76526
       7.1500000       120.77996
       7.2000000       117.32922
       7.2500000       114.50161
       7.3000000       111.23626
       7.3500000       106.30719
       7.4000000       99.797454
       7.4500000       93.667274
       7.5000000       90.702093
       7.5500000       92.502736
       7.6000000       98.070376
       7.6500000       104.16017
       7.7000000       107.22814
       7.7500000       105.57771
       7.8000000       100.19817
       7.8500000       93.825107
       7.9000000       89.054061
       7.9500000       86.893025
       8.0000000       86.607558
       8.0500000       86.654960
       8.1000000       85.809479
       8.1500000       83.701962
       8.2000000       80.659242
       8.2500000       77.264920
       8.3000000       74.074352
       8.3500000       71.545942
       8.4000000       69.983915
       8.4500000       69.376099
       8.5000000       69.300236
       8.5500000       69.146135
       8.6000000       68.617914
       8.6500000       68.103830
       8.7000000       68.481554
       8.7500000       70.386383
       8.8000000       73.533815
       8.8500000       76.783399
       8.9000000       79.060573
       8.9500000       80.448208
       9.0000000       82.455480
       9.0500000       87.039171
       9.1000000       94.998635
       9.1500000       105.01835
       9.2000000       114.25195
       9.2500000       120.16159
       9.3000000       122.27102
       9.3500000       122.46917
       9.4000000       123.57092
       9.4500000       127.20071
       9.5000000       132.58939
       9.5500000       137.16756
       9.6000000       138.45655
       9.6500000       135.81205
       9.7000000       130.79107
       9.7500000       126.03710
       9.8000000       123.67197
       9.8500000       124.37927
       9.9000000       127.62073
       9.9500000       132.46514
       10.000000       138.15928
       10.050000       144.04518
       10.100000       149.19436
       10.150000       152.42759
       10.200000       152.95301
       10.250000       151.12626
       10.300000       148.54878
       10.350000       147.21497
       10.400000       148.26498
       10.450000       151.36294
       10.500000       155.29008
       10.550000       159.35244
       10.600000       164.45381
       10.650000       172.84887
       10.700000       186.59055
       10.750000       205.72518
       10.800000       227.55510
       10.850000       247.57092
       10.900000       261.49469
       10.950000       267.17467
       11.000000       265.29154
       11.050000       258.73076
       11.100000       251.29263
       11.150000       246.59266
       11.200000       247.50478
       11.250000       255.91550
       11.300000       272.36966
       11.350000       295.53691
       11.400000       321.94028
       11.450000       346.53332
       11.500000       364.27545
       11.550000       372.16946
       11.600000       370.74732
       11.650000       364.15581
       11.700000       358.63374
       11.750000       360.02807
       11.800000       371.40333
       11.850000       391.79472
       11.900000       416.59777
       11.950000       439.44379
       12.000000       454.79276
       12.050000       460.20325
       12.100000       457.32312
       12.150000       451.09894
       12.200000       447.46915
       12.250000       450.53806
       12.300000       460.59180
       12.350000       474.04813
       12.400000       485.49693
       12.450000       490.87998
       12.500000       490.09702
       12.550000       487.50044
       12.600000       489.79188
       12.650000       502.31597
       12.700000       525.75470
       12.750000       555.17539
       12.800000       582.16159
       12.850000       598.99271
       12.900000       602.57970
       12.950000       595.88976
       13.000000       586.00089
       13.050000       579.90011
       13.100000       580.56355
       13.150000       585.65814
       13.200000       589.61144
       13.250000       587.64361
       13.300000       579.13951
       13.350000       568.17848
       13.400000       560.95621
       13.450000       561.84422
       13.500000       570.65901
       13.550000       582.83282
       13.600000       592.18804
       13.650000       594.40170
       13.700000       588.98499
       13.750000       578.81110
       13.800000       567.93247
       13.850000       559.36519
       13.900000       554.24184
       13.950000       552.52968
       14.000000       554.41014
       14.050000       561.15411
       14.100000       574.88367
       14.150000       597.43194
       14.200000       628.98460
       14.250000       667.15306
       14.300000       706.83396
       14.350000       741.02019
       14.400000       762.56027
       14.450000       766.59910
       14.500000       752.89848
       14.550000       726.84061
       14.600000       698.14565
       14.650000       677.43229
       14.700000       672.11510
       14.750000       683.79952
       14.800000       708.63953
       14.850000       740.26569
       14.900000       773.27081
       14.950000       804.97052
       15.000000       834.58512
       15.050000       861.08142
       15.100000       881.91442
       15.150000       894.08252
       15.200000       896.82508
       15.250000       893.59738
       15.300000       891.22947
       15.350000       896.22798
       15.400000       910.55508
       15.450000       929.93375
       15.500000       946.18606
       15.550000       952.25474
       15.600000       946.67010
       15.650000       934.50895
       15.700000       924.33777
       15.750000       923.24528
       15.800000       933.13621
       15.850000       950.29843
       15.900000       967.94178
       15.950000       979.70230
       16.000000       982.04424
       16.050000       974.78025
       16.100000       960.31229
       16.150000       942.60565
       16.200000       926.30798
       16.250000       915.74275
       16.300000       913.44692
       16.350000       918.68618
       16.400000       927.02033
       16.450000       931.75834
       16.500000       926.97606
       16.550000       910.51264
       16.600000       885.08944
       16.650000       856.79196
       16.700000       831.87293
       16.750000       813.88164
       16.800000       802.80749
       16.850000       796.40879
       16.900000       792.42301
       16.950000       790.00863
       17.000000       789.62300
       17.050000       791.93091
       17.100000       797.02309
       17.150000       804.75465
       17.200000       815.81563
       17.250000       832.31636
       17.300000       856.87758
       17.350000       890.40553
       17.400000       929.96192
       17.450000       968.41009
       17.500000       996.54073
       17.550000       1006.7979
       17.600000       996.57878
       17.650000       969.24208
       17.700000       932.30093
       17.750000       893.93581
       17.800000       859.86308
       17.850000       832.19855
       17.900000       810.53101
       17.950000       794.04564
       18.000000       783.01247
       18.050000       778.67435
       18.100000       781.85449
       18.150000       791.58516
       18.200000       804.95076
       18.250000       818.34745
       18.300000       829.20610
       18.350000       836.84986
       18.400000       841.86484
       18.450000       844.56532
       18.500000       843.92139
       18.550000       837.96686
       18.600000       825.50387
       18.650000       807.75735
       18.700000       788.54149
       18.750000       772.53578
       18.800000       762.76413
       18.850000       759.04543
       18.900000       758.55297
       18.950000       758.06453
       19.000000       756.22896
       19.050000       754.20607
       19.100000       754.30009
       19.150000       757.73744
       19.200000       763.33196
       19.250000       767.98692
       19.300000       768.52695
       19.350000       763.39928
       19.400000       753.03345
       19.450000       738.87099
       19.500000       722.11781
       19.550000       703.34137
       19.600000       683.11571
       19.650000       662.87469
       19.700000       644.95877
       19.750000       631.59647
       19.800000       623.64868
       19.850000       620.23109
       19.900000       619.63948
       19.950000       620.81209
       20.000000       624.03650
       20.050000       630.17580
       20.100000       639.02290
       20.150000       648.23880
       20.200000       654.01771
       20.250000       653.25634
       20.300000       645.72966
       20.350000       634.61124
       20.400000       624.84544
       20.450000       620.44878
       20.500000       622.58290
       20.550000       629.60724
       20.600000       638.83521
       20.650000       648.50661
       20.700000       658.52779
       20.750000       669.60450
       20.800000       681.68919
       20.850000       693.11750
       20.900000       701.13663
       20.950000       703.42186
       21.000000       699.41997
       21.050000       690.58129
       21.100000       679.39774
       21.150000       668.00785
       21.200000       657.29774
       21.250000       646.97618
       21.300000       636.38973
       21.350000       625.42169
       21.400000       614.90841
       21.450000       606.37925
       21.500000       601.32915
       21.550000       600.44302
       21.600000       603.17387
       21.650000       607.90018
       21.700000       612.61990
       21.750000       615.86114
       21.800000       617.27632
       21.850000       617.51524
       21.900000       617.38901
       21.950000       616.86362
       22.000000       614.67609
       22.050000       609.02449
       22.100000       599.01466
       22.150000       585.87298
       22.200000       572.89594
       22.250000       563.91932
       22.300000       561.13432
       22.350000       563.67126
       22.400000       567.95962
       22.450000       569.69494
       22.500000       566.14930
       22.550000       557.35561
       22.600000       545.50728
       22.650000       533.18295
       22.700000       521.75171
       22.750000       511.04929
       22.800000       500.38198
       22.850000       489.90164
       22.900000       481.17491
       22.950000       476.44056
       23.000000       477.05375
       23.050000       482.26923
       23.100000       489.25698
       23.150000       494.45672
       23.200000       495.44859
       23.250000       492.22089
       23.300000       487.07164
       23.350000       483.18464
       23.400000       482.69620
       23.450000       485.34254
       23.500000       488.47146
       23.550000       488.47548
       23.600000       482.91279
       23.650000       472.15219
       23.700000       459.58054
       23.750000       450.12829
       23.800000       447.83758
       23.850000       453.76796
       23.900000       465.40226
       23.950000       477.86379
       24.000000       486.25977
       24.050000       487.81582
       24.100000       482.74340
       24.150000       473.53921
       24.200000       463.38193
       24.250000       454.62520
       24.300000       448.11674
       24.350000       443.43726
       24.400000       439.63404
       24.450000       435.95010
       24.500000       432.24018
       24.550000       429.05491
       24.600000       427.42350
       24.650000       428.38244
       24.700000       432.32213
       24.750000       438.45045
       24.800000       444.75915
       24.850000       448.73396
       24.900000       448.55139
       24.950000       444.05741
       25.000000       436.82672
       25.050000       429.18772
       25.100000       422.82964
       25.150000       417.98954
       25.200000       413.80802
       25.250000       409.52807
       25.300000       405.54814
       25.350000       403.41256
       25.400000       404.69676
       25.450000       409.63673
       25.500000       416.62851
       25.550000       423.04367
       25.600000       426.80262
       25.650000       427.53180
       25.700000       426.48285
       25.750000       425.35194
       25.800000       424.94327
       25.850000       424.66521
       25.900000       423.10843
       25.950000       419.14350
       26.000000       412.64711
       26.050000       404.45089
       26.100000       395.74648
       26.150000       387.57734
       26.200000       380.75313
       26.250000       375.99719
       26.300000       373.90478
       26.350000       374.50151
       26.400000       376.77759
       26.450000       378.74743
       26.500000       378.30803
       26.550000       374.45359
       26.600000       368.01903
       26.650000       361.32142
       26.700000       356.85341
       26.750000       355.82934
       26.800000       357.53027
       26.850000       359.80708
       26.900000       360.33832
       26.950000       357.84309
       27.000000       352.57603
       27.050000       345.99769
       27.100000       339.96852
       27.150000       335.92565
       27.200000       334.36485
       27.250000       334.72780
       27.300000       335.69955
       27.350000       335.85724
       27.400000       334.45303
       27.450000       331.94097
       27.500000       329.82916
       27.550000       329.78965
       27.600000       332.46818
       27.650000       336.80996
       27.700000       340.48147
       27.750000       341.26260
       27.800000       338.50906
       27.850000       333.65909
       27.900000       329.35829
       27.950000       327.77078
       28.000000       329.24926
       28.050000       332.24939
       28.100000       334.48010
       28.150000       334.39668
       28.200000       331.98033
       28.250000       328.40560
       28.300000       325.01241
       28.350000       322.47170
       28.400000       320.67997
       28.450000       319.26848
       28.500000       318.12605
       28.550000       317.47257
       28.600000       317.51285
       28.650000       318.10483
       28.700000       318.79848
       28.750000       319.21290
       28.800000       319.34882
       28.850000       319.53388
       28.900000       320.05136
       28.950000       320.84940
       29.000000       321.62728
       29.050000       322.22379
       29.100000       322.89480
       29.150000       324.14395
       29.200000       326.19128
       29.250000       328.55517
       29.300000       330.17279
       29.350000       330.04459
       29.400000       327.89810
       29.450000       324.33764
       29.500000       320.34080
       29.550000       316.52826
       29.600000       312.82657
       29.650000       308.77075
       29.700000       304.14074
       29.750000       299.36482
       29.800000       295.31838
       29.850000       292.73522
       29.900000       291.74679
       29.950000       291.93247
       30.000000       292.76292
