# ngamma, nT
50 30
# T_centers_log10(K): 
1.100000e+00 1.300000e+00 1.500000e+00 1.700000e+00 1.900000e+00 2.100000e+00 2.300000e+00 2.500000e+00 2.700000e+00 2.900000e+00 3.100000e+00 3.300000e+00 3.500000e+00 3.700000e+00 3.900000e+00 4.100000e+00 4.300000e+00 4.500000e+00 4.700000e+00 4.900000e+00 5.100000e+00 5.300000e+00 5.500000e+00 5.700000e+00 5.900000e+00 6.100000e+00 6.300000e+00 6.500000e+00 6.700000e+00 6.900000e+00
# gamma_centers_log10(K**0.5 cm**-3):
-4.000000e+00 -3.795918e+00 -3.591837e+00 -3.387755e+00 -3.183673e+00 -2.979592e+00 -2.775510e+00 -2.571429e+00 -2.367347e+00 -2.163265e+00 -1.959184e+00 -1.755102e+00 -1.551020e+00 -1.346939e+00 -1.142857e+00 -9.387755e-01 -7.346939e-01 -5.306122e-01 -3.265306e-01 -1.224490e-01 8.163265e-02 2.857143e-01 4.897959e-01 6.938776e-01 8.979592e-01 1.102041e+00 1.306122e+00 1.510204e+00 1.714286e+00 1.918367e+00 2.122449e+00 2.326531e+00 2.530612e+00 2.734694e+00 2.938776e+00 3.142857e+00 3.346939e+00 3.551020e+00 3.755102e+00 3.959184e+00 4.163265e+00 4.367347e+00 4.571429e+00 4.775510e+00 4.979592e+00 5.183673e+00 5.387755e+00 5.591837e+00 5.795918e+00 6.000000e+00
# Columns: median values for each T bin from left to right
-3.903436e+00 -2.559489e+03 -2.559952e+03 -2.559997e+03 -2.559999e+03 -2.560000e+03 -2.560000e+03 -2.560000e+03 -2.560000e+03 -2.560000e+03 -2.560000e+03 -2.560000e+03 -2.560000e+03 -2.560000e+03 -2.560000e+03 -2.560000e+03 -2.560000e+03 -2.560000e+03 -2.560000e+03 -2.560000e+03 -2.560000e+03 -2.560000e+03 -2.560000e+03 -2.560000e+03 -2.560000e+03 -2.560000e+03 -2.560000e+03 -2.560000e+03 -2.560000e+03 -2.560000e+03
-3.032577e+00 -1.549145e+02 -2.559791e+03 -2.559994e+03 -2.559999e+03 -2.560000e+03 -2.560000e+03 -2.560000e+03 -2.560000e+03 -2.560000e+03 -2.560000e+03 -2.560000e+03 -2.560000e+03 -2.560000e+03 -2.560000e+03 -2.560000e+03 -2.560000e+03 -2.560000e+03 -2.560000e+03 -2.560000e+03 -2.560000e+03 -2.560000e+03 -2.560000e+03 -2.560000e+03 -2.560000e+03 -2.560000e+03 -2.560000e+03 -2.560000e+03 -2.560000e+03 -2.560000e+03
-2.547893e+00 -9.877828e+02 -2.559662e+03 -2.559990e+03 -2.559998e+03 -2.559999e+03 -2.560000e+03 -2.560000e+03 -2.560000e+03 -2.560000e+03 -2.560000e+03 -2.560000e+03 -2.560000e+03 -2.560000e+03 -2.560000e+03 -2.560000e+03 -2.560000e+03 -2.560000e+03 -2.560000e+03 -2.560000e+03 -2.560000e+03 -2.560000e+03 -2.560000e+03 -2.560000e+03 -2.560000e+03 -2.560000e+03 -2.560000e+03 -2.560000e+03 -2.560000e+03 -2.560000e+03
-2.346621e+00 -3.868508e+02 -2.559223e+03 -2.559988e+03 -2.559998e+03 -2.559999e+03 -2.560000e+03 -2.560000e+03 -2.560000e+03 -2.560000e+03 -2.560000e+03 -2.560000e+03 -2.560000e+03 -2.560000e+03 -2.560000e+03 -2.560000e+03 -2.560000e+03 -2.560000e+03 -2.560000e+03 -2.560000e+03 -2.560000e+03 -2.560000e+03 -2.560000e+03 -2.560000e+03 -2.560000e+03 -2.560000e+03 -2.560000e+03 -2.560000e+03 -2.560000e+03 -2.560000e+03
-2.921108e+00 -1.226086e+02 -2.555389e+03 -2.559983e+03 -2.559995e+03 -2.559999e+03 -2.560000e+03 -2.560000e+03 -2.560000e+03 -2.560000e+03 -2.560000e+03 -2.560000e+03 -2.560000e+03 -2.560000e+03 -2.560000e+03 -2.560000e+03 -2.560000e+03 -2.560000e+03 -2.560000e+03 -2.560000e+03 -2.560000e+03 -2.560000e+03 -2.560000e+03 -2.560000e+03 -2.560000e+03 -2.560000e+03 -2.560000e+03 -2.560000e+03 -2.560000e+03 -2.560000e+03
-1.289191e+00 -4.833742e+01 -2.559346e+03 -2.559940e+03 -2.559992e+03 -2.559998e+03 -2.559999e+03 -2.560000e+03 -2.560000e+03 -2.560000e+03 -2.560000e+03 -2.560000e+03 -2.560000e+03 -2.560000e+03 -2.560000e+03 -2.560000e+03 -2.560000e+03 -2.560000e+03 -2.560000e+03 -2.560000e+03 -2.560000e+03 -2.560000e+03 -2.560000e+03 -2.560000e+03 -2.560000e+03 -2.560000e+03 -2.560000e+03 -2.560000e+03 -2.560000e+03 -2.560000e+03
-2.087314e+00 -5.942604e+01 -2.559412e+03 -2.559952e+03 -2.559989e+03 -2.559997e+03 -2.559999e+03 -2.559999e+03 -2.560000e+03 -2.560000e+03 -2.560000e+03 -2.560000e+03 -2.560000e+03 -2.560000e+03 -2.560000e+03 -2.560000e+03 -2.560000e+03 -2.560000e+03 -2.560000e+03 -2.560000e+03 -2.560000e+03 -2.560000e+03 -2.560000e+03 -2.560000e+03 -2.560000e+03 -2.560000e+03 -2.560000e+03 -2.560000e+03 -2.560000e+03 -2.560000e+03
-1.731072e+00 -1.374420e+01 -2.120908e+03 -2.559883e+03 -2.559987e+03 -2.559996e+03 -2.559998e+03 -2.559999e+03 -2.560000e+03 -2.560000e+03 -2.560000e+03 -2.560000e+03 -2.560000e+03 -2.560000e+03 -2.560000e+03 -2.560000e+03 -2.560000e+03 -2.560000e+03 -2.560000e+03 -2.560000e+03 -2.560000e+03 -2.560000e+03 -2.560000e+03 -2.560000e+03 -2.560000e+03 -2.560000e+03 -2.560000e+03 -2.560000e+03 -2.560000e+03 -2.560000e+03
-1.222577e+00 -1.809170e+01 -8.423107e+02 -2.559880e+03 -2.559970e+03 -2.559992e+03 -2.559998e+03 -2.559999e+03 -2.559999e+03 -2.560000e+03 -2.560000e+03 -2.560000e+03 -2.560000e+03 -2.560000e+03 -2.560000e+03 -2.560000e+03 -2.560000e+03 -2.560000e+03 -2.560000e+03 -2.560000e+03 -2.560000e+03 -2.560000e+03 -2.560000e+03 -2.560000e+03 -2.560000e+03 -2.560000e+03 -2.560000e+03 -2.560000e+03 -2.560000e+03 -2.560000e+03
-1.341911e+00 -5.560155e+00 -2.515190e+02 -2.559595e+03 -2.559964e+03 -2.559986e+03 -2.559995e+03 -2.559998e+03 -2.559999e+03 -2.559999e+03 -2.560000e+03 -2.560000e+03 -2.560000e+03 -2.560000e+03 -2.560000e+03 -2.560000e+03 -2.560000e+03 -2.560000e+03 -2.560000e+03 -2.560000e+03 -2.560000e+03 -2.560000e+03 -2.560000e+03 -2.560000e+03 -2.560000e+03 -2.560000e+03 -2.560000e+03 -2.560000e+03 -2.560000e+03 -2.560000e+03
-1.107477e+00 -3.442470e+00 -1.633178e+02 -2.559539e+03 -2.559934e+03 -2.559979e+03 -2.559993e+03 -2.559997e+03 -2.559998e+03 -2.559999e+03 -2.560000e+03 -2.560000e+03 -2.560000e+03 -2.560000e+03 -2.560000e+03 -2.560000e+03 -2.560000e+03 -2.560000e+03 -2.560000e+03 -2.560000e+03 -2.560000e+03 -2.560000e+03 -2.560000e+03 -2.560000e+03 -2.560000e+03 -2.560000e+03 -2.560000e+03 -2.560000e+03 -2.560000e+03 -2.560000e+03
-1.056247e+00 -2.632619e+00 -4.480818e+01 -2.556459e+03 -2.559888e+03 -2.559973e+03 -2.559986e+03 -2.559995e+03 -2.559997e+03 -2.559998e+03 -2.559999e+03 -2.560000e+03 -2.560000e+03 -2.560000e+03 -2.560000e+03 -2.560000e+03 -2.560000e+03 -2.560000e+03 -2.560000e+03 -2.560000e+03 -2.560000e+03 -2.560000e+03 -2.560000e+03 -2.560000e+03 -2.560000e+03 -2.560000e+03 -2.560000e+03 -2.560000e+03 -2.560000e+03 -2.560000e+03
-1.031413e+00 -2.426776e+00 -1.813526e+01 -2.556139e+03 -2.559727e+03 -2.559945e+03 -2.559981e+03 -2.559991e+03 -2.559995e+03 -2.559997e+03 -2.559998e+03 -2.559999e+03 -2.559999e+03 -2.560000e+03 -2.560000e+03 -2.560000e+03 -2.560000e+03 -2.560000e+03 -2.560000e+03 -2.560000e+03 -2.560000e+03 -2.560000e+03 -2.560000e+03 -2.560000e+03 -2.560000e+03 -2.560000e+03 -2.560000e+03 -2.560000e+03 -2.560000e+03 -2.560000e+03
-1.007530e+00 -1.713307e+00 -4.446457e+00 -1.394044e+03 -2.559588e+03 -2.559911e+03 -2.559962e+03 -2.559985e+03 -2.559992e+03 -2.559994e+03 -2.559997e+03 -2.559998e+03 -2.559999e+03 -2.559999e+03 -2.560000e+03 -2.560000e+03 -2.560000e+03 -2.560000e+03 -2.560000e+03 -2.560000e+03 -2.560000e+03 -2.560000e+03 -2.560000e+03 -2.560000e+03 -2.560000e+03 -2.560000e+03 -2.560000e+03 -2.560000e+03 -2.560000e+03 -2.560000e+03
-9.971208e-01 -1.391677e+00 -4.108421e+00 -9.441928e+02 -2.559136e+03 -2.559849e+03 -2.559952e+03 -2.559976e+03 -2.559988e+03 -2.559992e+03 -2.559995e+03 -2.559997e+03 -2.559999e+03 -2.559999e+03 -2.559999e+03 -2.560000e+03 -2.560000e+03 -2.560000e+03 -2.560000e+03 -2.560000e+03 -2.560000e+03 -2.560000e+03 -2.560000e+03 -2.560000e+03 -2.560000e+03 -2.560000e+03 -2.560000e+03 -2.560000e+03 -2.560000e+03 -2.560000e+03
-9.745848e-01 -1.578377e+00 -2.314460e+00 -4.399621e+02 -2.557755e+03 -2.559587e+03 -2.559914e+03 -2.559965e+03 -2.559973e+03 -2.559989e+03 -2.559992e+03 -2.559996e+03 -2.559997e+03 -2.559998e+03 -2.559999e+03 -2.559999e+03 -2.560000e+03 -2.560000e+03 -2.560000e+03 -2.560000e+03 -2.560000e+03 -2.560000e+03 -2.560000e+03 -2.560000e+03 -2.560000e+03 -2.560000e+03 -2.560000e+03 -2.560000e+03 -2.560000e+03 -2.560000e+03
-9.524155e-01 -1.098164e+00 -1.812829e+00 -1.138996e+01 -1.396721e+03 -2.559506e+03 -2.559870e+03 -2.559935e+03 -2.559963e+03 -2.559979e+03 -2.559986e+03 -2.559993e+03 -2.559996e+03 -2.559997e+03 -2.559998e+03 -2.559999e+03 -2.559999e+03 -2.560000e+03 -2.560000e+03 -2.560000e+03 -2.560000e+03 -2.560000e+03 -2.560000e+03 -2.560000e+03 -2.560000e+03 -2.560000e+03 -2.560000e+03 -2.560000e+03 -2.560000e+03 -2.560000e+03
-9.358554e-01 -1.012130e+00 -1.775115e+00 -1.222324e+01 -1.499167e+03 -2.557949e+03 -2.559751e+03 -2.559888e+03 -2.559938e+03 -2.559965e+03 -2.559982e+03 -2.559987e+03 -2.559993e+03 -2.559996e+03 -2.559997e+03 -2.559998e+03 -2.559999e+03 -2.559999e+03 -2.560000e+03 -2.560000e+03 -2.560000e+03 -2.560000e+03 -2.560000e+03 -2.560000e+03 -2.560000e+03 -2.560000e+03 -2.560000e+03 -2.560000e+03 -2.560000e+03 -2.560000e+03
-8.741568e-01 -9.841550e-01 -1.392347e+00 -4.598958e+00 -8.645240e+02 -2.556274e+03 -2.559414e+03 -2.559807e+03 -2.559905e+03 -2.559945e+03 -2.559972e+03 -2.559981e+03 -2.559987e+03 -2.559993e+03 -2.559996e+03 -2.559997e+03 -2.559998e+03 -2.559999e+03 -2.559999e+03 -2.560000e+03 -2.560000e+03 -2.560000e+03 -2.560000e+03 -2.560000e+03 -2.560000e+03 -2.560000e+03 -2.560000e+03 -2.560000e+03 -2.560000e+03 -2.560000e+03
-8.402100e-01 -9.142209e-01 -1.433743e+00 -2.006759e+00 -6.364489e+01 -1.997712e+03 -2.558164e+03 -2.559679e+03 -2.559815e+03 -2.559916e+03 -2.559955e+03 -2.559972e+03 -2.559983e+03 -2.559990e+03 -2.559994e+03 -2.559996e+03 -2.559997e+03 -2.559998e+03 -2.559999e+03 -2.559999e+03 -2.560000e+03 -2.560000e+03 -2.560000e+03 -2.560000e+03 -2.560000e+03 -2.560000e+03 -2.560000e+03 -2.560000e+03 -2.560000e+03 -2.560000e+03
-7.392476e-01 -8.081277e-01 -9.862725e-01 -1.512928e+00 -7.747619e+00 -9.585598e+02 -2.549241e+03 -2.559280e+03 -2.559710e+03 -2.559848e+03 -2.559926e+03 -2.559954e+03 -2.559971e+03 -2.559984e+03 -2.559988e+03 -2.559994e+03 -2.559996e+03 -2.559998e+03 -2.559998e+03 -2.559999e+03 -2.559999e+03 -2.560000e+03 -2.560000e+03 -2.560000e+03 -2.560000e+03 -2.560000e+03 -2.560000e+03 -2.560000e+03 -2.560000e+03 -2.560000e+03
-6.259757e-01 -6.955660e-01 -8.218085e-01 -1.442512e+00 -3.817410e+00 -2.093677e+02 -1.777321e+03 -2.558190e+03 -2.559375e+03 -2.559671e+03 -2.559877e+03 -2.559912e+03 -2.559954e+03 -2.559974e+03 -2.559984e+03 -2.559989e+03 -2.559993e+03 -2.559996e+03 -2.559997e+03 -2.559998e+03 -2.559999e+03 -2.559999e+03 -2.560000e+03 -2.560000e+03 -2.560000e+03 -2.560000e+03 -2.560000e+03 -2.560000e+03 -2.560000e+03 -2.560000e+03
-4.465759e-01 -5.431253e-01 -5.936134e-01 -1.146336e+00 -3.015080e+00 -9.345418e+00 -1.337906e+03 -2.393722e+03 -2.558036e+03 -2.559485e+03 -2.559741e+03 -2.559876e+03 -2.559925e+03 -2.559959e+03 -2.559978e+03 -2.559980e+03 -2.559989e+03 -2.559994e+03 -2.559996e+03 -2.559997e+03 -2.559998e+03 -2.559999e+03 -2.559999e+03 -2.560000e+03 -2.560000e+03 -2.560000e+03 -2.560000e+03 -2.560000e+03 -2.560000e+03 -2.560000e+03
-1.977459e-01 -3.050223e-01 -4.419020e-01 -6.383620e-01 -1.490946e+00 -3.623480e+00 -2.005280e+02 -1.290238e+03 -2.549063e+03 -2.558372e+03 -2.559615e+03 -2.559823e+03 -2.559894e+03 -2.559922e+03 -2.559960e+03 -2.559972e+03 -2.559982e+03 -2.559990e+03 -2.559993e+03 -2.559995e+03 -2.559998e+03 -2.559998e+03 -2.559999e+03 -2.559999e+03 -2.560000e+03 -2.560000e+03 -2.560000e+03 -2.560000e+03 -2.560000e+03 -2.560000e+03
9.005047e-02 1.737143e-02 -2.179178e-01 -2.255852e-01 -1.024148e+00 -1.895878e+00 -1.047225e+01 -7.458841e+02 -1.652115e+03 -2.554154e+03 -2.559213e+03 -2.559522e+03 -2.559785e+03 -2.559869e+03 -2.559930e+03 -2.559962e+03 -2.559975e+03 -2.559984e+03 -2.559989e+03 -2.559994e+03 -2.559996e+03 -2.559997e+03 -2.559998e+03 -2.559999e+03 -2.559999e+03 -2.560000e+03 -2.560000e+03 -2.560000e+03 -2.560000e+03 -2.560000e+03
5.377878e-01 4.403804e-01 3.748892e-01 7.325302e-02 -1.600942e-01 -8.267698e-01 -3.676873e+00 -4.040218e+01 -9.020309e+02 -1.631376e+03 -2.557648e+03 -2.559295e+03 -2.559610e+03 -2.559779e+03 -2.559885e+03 -2.559928e+03 -2.559955e+03 -2.559975e+03 -2.559982e+03 -2.559989e+03 -2.559993e+03 -2.559996e+03 -2.559997e+03 -2.559999e+03 -2.559999e+03 -2.559999e+03 -2.560000e+03 -2.560000e+03 -2.560000e+03 -2.560000e+03
1.115470e+00 1.060973e+00 9.505407e-01 1.059327e+00 4.192088e-01 1.176759e-01 -1.137609e+00 -5.070756e+00 -1.394956e+02 -1.062163e+03 -2.031139e+03 -2.552370e+03 -2.559183e+03 -2.559664e+03 -2.559806e+03 -2.559878e+03 -2.559945e+03 -2.559958e+03 -2.559973e+03 -2.559982e+03 -2.559990e+03 -2.559993e+03 -2.559996e+03 -2.559997e+03 -2.559998e+03 -2.559999e+03 -2.559999e+03 -2.560000e+03 -2.560000e+03 -2.560000e+03
2.082037e+00 2.248044e+00 1.603132e+00 2.230934e+00 1.371686e+00 1.099296e+00 8.530575e-01 -1.048636e+00 -6.816328e+00 -1.283274e+02 -9.709265e+02 -2.343621e+03 -2.557574e+03 -2.559127e+03 -2.559648e+03 -2.559812e+03 -2.559875e+03 -2.559933e+03 -2.559956e+03 -2.559967e+03 -2.559981e+03 -2.559989e+03 -2.559993e+03 -2.559996e+03 -2.559997e+03 -2.559998e+03 -2.559999e+03 -2.559999e+03 -2.560000e+03 -2.560000e+03
3.665745e+00 3.577309e+00 3.496886e+00 3.461718e+00 3.106368e+00 2.956976e+00 2.457996e+00 1.413990e+00 1.386973e-01 -1.230609e+01 -5.256307e+02 -1.419471e+03 -2.316580e+03 -2.558238e+03 -2.559375e+03 -2.559629e+03 -2.559785e+03 -2.559888e+03 -2.559929e+03 -2.559958e+03 -2.559974e+03 -2.559985e+03 -2.559988e+03 -2.559992e+03 -2.559995e+03 -2.559997e+03 -2.559998e+03 -2.559999e+03 -2.559999e+03 -2.559999e+03
6.181342e+00 6.129244e+00 6.098369e+00 5.881581e+00 6.907829e+00 5.493671e+00 5.243422e+00 4.189933e+00 3.055123e+00 -5.049428e-02 -6.100583e+00 -5.302071e+02 -1.385497e+03 -2.541372e+03 -2.558017e+03 -2.559021e+03 -2.559670e+03 -2.559809e+03 -2.559882e+03 -2.559919e+03 -2.559959e+03 -2.559974e+03 -2.559984e+03 -2.559988e+03 -2.559992e+03 -2.559996e+03 -2.559997e+03 -2.559998e+03 -2.559999e+03 -2.559999e+03
1.015730e+01 8.615989e+00 1.007966e+01 9.999238e+00 9.757004e+00 1.038899e+01 9.057002e+00 8.022308e+00 7.298554e+00 5.023028e+00 2.780682e+00 -1.075883e+01 -4.906448e+02 -1.352033e+03 -2.307342e+03 -2.558591e+03 -2.559210e+03 -2.559584e+03 -2.559798e+03 -2.559874e+03 -2.559907e+03 -2.559957e+03 -2.559971e+03 -2.559984e+03 -2.559990e+03 -2.559994e+03 -2.559996e+03 -2.559998e+03 -2.559998e+03 -2.559999e+03
1.608020e+01 1.603010e+01 1.597407e+01 1.592132e+01 1.459026e+01 1.431061e+01 1.629343e+01 1.411115e+01 1.380601e+01 1.142325e+01 1.070538e+01 4.909727e+00 -6.898746e+00 -7.113919e+02 -1.828965e+03 -2.114748e+03 -2.557661e+03 -2.559333e+03 -2.559558e+03 -2.559785e+03 -2.559896e+03 -2.559930e+03 -2.559958e+03 -2.559974e+03 -2.559983e+03 -2.559989e+03 -2.559993e+03 -2.559996e+03 -2.559997e+03 -2.559998e+03
2.765125e+01 2.428574e+01 2.422759e+01 2.116011e+01 2.098208e+01 2.380062e+01 2.354925e+01 2.596773e+01 2.040427e+01 2.120665e+01 2.236136e+01 1.458960e+01 7.671275e+00 -3.180712e+00 -6.671724e+02 -1.472003e+03 -2.554389e+03 -2.558113e+03 -2.559273e+03 -2.559609e+03 -2.559810e+03 -2.559882e+03 -2.559924e+03 -2.559958e+03 -2.559977e+03 -2.559983e+03 -2.559990e+03 -2.559993e+03 -2.559996e+03 -2.559997e+03
3.938466e+01 3.516262e+01 3.511776e+01 3.922767e+01 3.702978e+01 3.468001e+01 3.449696e+01 3.373895e+01 3.309403e+01 3.415574e+01 2.858375e+01 3.124917e+01 1.767286e+01 1.278831e+01 -6.710509e+00 -5.683835e+02 -1.668497e+03 -2.509970e+03 -2.558031e+03 -2.559204e+03 -2.559660e+03 -2.559799e+03 -2.559887e+03 -2.559923e+03 -2.559956e+03 -2.559974e+03 -2.559984e+03 -2.559989e+03 -2.559993e+03 -2.559995e+03
4.862391e+01 5.361288e+01 4.856621e+01 4.375687e+01 4.835321e+01 4.818288e+01 4.787152e+01 4.761135e+01 5.164767e+01 4.319406e+01 4.829082e+01 4.121372e+01 3.812354e+01 3.451230e+01 2.310695e+01 9.738718e+00 -5.011839e+02 -1.612207e+03 -2.424956e+03 -2.556661e+03 -2.559160e+03 -2.559702e+03 -2.559822e+03 -2.559870e+03 -2.559928e+03 -2.559955e+03 -2.559971e+03 -2.559983e+03 -2.559987e+03 -2.559993e+03
6.441388e+01 6.723649e+01 6.720560e+01 6.426671e+01 6.429623e+01 6.405134e+01 6.670853e+01 6.338569e+01 6.259046e+01 6.231277e+01 6.072630e+01 5.304201e+01 5.531837e+01 5.193351e+01 3.596606e+01 2.973261e+01 6.620030e+00 -7.014913e+02 -1.634734e+03 -2.306342e+03 -2.557219e+03 -2.559433e+03 -2.559614e+03 -2.559828e+03 -2.559899e+03 -2.559927e+03 -2.559953e+03 -2.559973e+03 -2.559983e+03 -2.559990e+03
8.214070e+01 7.602532e+01 8.519855e+01 8.205465e+01 8.193927e+01 8.176772e+01 8.151389e+01 8.130352e+01 8.094648e+01 8.003846e+01 7.846362e+01 7.728831e+01 7.980152e+01 6.279079e+01 6.330839e+01 4.679535e+01 3.308538e+01 4.483261e+00 -2.799122e+02 -1.436761e+03 -2.491958e+03 -2.558057e+03 -2.558967e+03 -2.559579e+03 -2.559799e+03 -2.559866e+03 -2.559942e+03 -2.559960e+03 -2.559974e+03 -2.559982e+03
1.079137e+02 1.079018e+02 1.012470e+02 1.078060e+02 1.044472e+02 1.076617e+02 1.008745e+02 1.004133e+02 1.066203e+02 1.028433e+02 9.890335e+01 9.711409e+01 1.070712e+02 8.405750e+01 8.503552e+01 7.727581e+01 6.903747e+01 4.787363e+01 1.446901e+01 -4.563747e+02 -1.330835e+03 -1.980158e+03 -2.555872e+03 -2.559149e+03 -2.559638e+03 -2.559766e+03 -2.559872e+03 -2.559916e+03 -2.559954e+03 -2.559970e+03
1.281766e+02 1.349938e+02 1.281325e+02 1.280878e+02 1.348487e+02 1.279875e+02 1.278754e+02 1.276309e+02 1.305702e+02 1.268853e+02 1.251804e+02 1.239310e+02 1.155068e+02 1.203381e+02 1.107725e+02 1.070237e+02 9.105155e+01 7.601705e+01 5.345143e+01 2.080769e+01 -3.419111e+02 -1.191463e+03 -2.308782e+03 -2.554414e+03 -2.559148e+03 -2.559404e+03 -2.559733e+03 -2.559857e+03 -2.559912e+03 -2.559948e+03
1.520781e+02 1.486590e+02 1.520510e+02 1.485968e+02 1.451335e+02 1.484796e+02 1.482636e+02 1.481993e+02 1.443948e+02 1.471906e+02 1.460807e+02 1.447473e+02 1.470343e+02 1.418910e+02 1.411092e+02 1.315149e+02 1.166500e+02 1.069285e+02 9.524574e+01 6.880233e+01 2.473042e+01 -2.418886e+02 -9.580223e+02 -2.072726e+03 -2.556660e+03 -2.559086e+03 -2.559574e+03 -2.559757e+03 -2.559852e+03 -2.559908e+03
1.690048e+02 1.689958e+02 1.622427e+02 1.622208e+02 1.655274e+02 1.654879e+02 1.686735e+02 1.684559e+02 1.750402e+02 1.680348e+02 1.669028e+02 1.692406e+02 1.638696e+02 1.672818e+02 1.575220e+02 1.541016e+02 1.443216e+02 1.293500e+02 1.104735e+02 9.428061e+01 7.050594e+01 3.197264e+01 -1.748006e+02 -7.224984e+02 -2.150896e+03 -2.546584e+03 -2.559084e+03 -2.559540e+03 -2.559743e+03 -2.559817e+03
1.888719e+02 1.888606e+02 1.888409e+02 1.888340e+02 1.887806e+02 1.887253e+02 1.853186e+02 1.883944e+02 1.849877e+02 1.943535e+02 1.869161e+02 1.832941e+02 1.877416e+02 1.837510e+02 1.774658e+02 1.756965e+02 1.709480e+02 1.579657e+02 1.438369e+02 1.201616e+02 9.881365e+01 6.733840e+01 4.761118e+01 -4.837763e+02 -1.184876e+03 -2.306401e+03 -2.557048e+03 -2.559138e+03 -2.559606e+03 -2.559674e+03
2.080611e+02 2.080495e+02 2.080323e+02 2.080023e+02 2.079918e+02 2.079315e+02 2.078078e+02 2.139304e+02 2.075415e+02 2.103935e+02 2.066083e+02 2.086364e+02 2.078152e+02 1.988727e+02 1.998539e+02 1.882359e+02 1.891792e+02 1.716862e+02 1.654800e+02 1.528143e+02 1.354605e+02 9.982543e+01 7.164824e+01 3.038704e+01 -1.405158e+02 -1.059030e+03 -2.212225e+03 -2.556153e+03 -2.558542e+03 -2.559579e+03
2.264055e+02 2.263988e+02 2.263857e+02 2.263628e+02 2.263290e+02 2.232835e+02 2.202087e+02 2.290442e+02 2.259195e+02 2.255505e+02 2.251046e+02 2.185974e+02 2.229860e+02 2.219171e+02 2.181568e+02 2.099790e+02 2.076407e+02 2.025356e+02 1.890088e+02 1.750362e+02 1.537358e+02 1.201861e+02 1.051307e+02 6.862818e+01 4.123410e+01 4.836583e+00 -1.259734e+03 -2.133285e+03 -2.552051e+03 -2.558861e+03
2.437464e+02 2.437370e+02 2.437265e+02 2.437166e+02 2.408549e+02 2.436635e+02 2.435410e+02 2.434715e+02 2.433516e+02 2.430992e+02 2.425268e+02 2.417688e+02 2.414764e+02 2.365564e+02 2.349071e+02 2.324388e+02 2.282247e+02 2.266463e+02 2.105685e+02 1.935005e+02 1.793719e+02 1.596330e+02 1.336172e+02 9.524201e+01 6.106061e+01 3.918147e+01 -5.609199e+01 -1.182179e+03 -2.022825e+03 -2.554138e+03
2.599334e+02 2.599263e+02 2.650347e+02 2.572758e+02 2.546265e+02 2.598408e+02 2.597992e+02 2.544561e+02 2.596131e+02 2.567220e+02 2.640382e+02 2.586270e+02 2.579553e+02 2.560180e+02 2.540790e+02 2.483750e+02 2.455080e+02 2.392034e+02 2.274002e+02 2.251166e+02 2.036114e+02 1.768930e+02 1.630425e+02 1.316227e+02 1.061816e+02 7.026543e+01 3.306154e+01 -2.392846e+02 -1.089388e+03 -2.084775e+03
2.748607e+02 2.748549e+02 2.700180e+02 2.724181e+02 2.771555e+02 2.771317e+02 2.747447e+02 2.698395e+02 2.744918e+02 2.742972e+02 2.742122e+02 2.736427e+02 2.731436e+02 2.714593e+02 2.704078e+02 2.662613e+02 2.637644e+02 2.567509e+02 2.534920e+02 2.408022e+02 2.214861e+02 2.123747e+02 1.835523e+02 1.661124e+02 1.368990e+02 1.087280e+02 7.929284e+01 3.512183e+01 -1.281066e+02 -1.276471e+03
2.840900e+02 2.884781e+02 2.884013e+02 2.884609e+02 2.884510e+02 2.905427e+02 2.926070e+02 2.883288e+02 2.882077e+02 2.881168e+02 2.876307e+02 2.850475e+02 2.865268e+02 2.817333e+02 2.846248e+02 2.795393e+02 2.761141e+02 2.727206e+02 2.689100e+02 2.599562e+02 2.505660e+02 2.265648e+02 2.057039e+02 1.934427e+02 1.559225e+02 1.393127e+02 1.111743e+02 7.265820e+01 3.914206e+01 -3.360249e+02
3.027161e+02 2.968374e+02 3.007958e+02 3.046052e+02 2.987881e+02 3.026627e+02 2.967571e+02 3.006705e+02 3.005476e+02 3.003838e+02 3.002837e+02 2.999571e+02 2.991130e+02 2.982571e+02 2.933372e+02 2.916185e+02 2.944065e+02 2.899391e+02 2.824458e+02 2.726613e+02 2.642439e+02 2.471107e+02 2.344289e+02 2.084192e+02 1.895796e+02 1.587985e+02 1.345762e+02 1.158310e+02 7.508630e+01 4.496686e+01
3.083135e+02 3.100829e+02 3.118505e+02 3.118428e+02 3.100561e+02 3.082700e+02 3.082451e+02 3.117055e+02 3.081247e+02 3.079809e+02 3.112238e+02 3.108947e+02 3.104938e+02 3.065532e+02 3.089784e+02 3.034819e+02 3.001067e+02 2.985160e+02 2.906597e+02 2.858471e+02 2.765342e+02 2.656281e+02 2.509918e+02 2.272419e+02 2.098364e+02 1.917805e+02 1.615057e+02 1.317401e+02 1.086029e+02 6.934926e+01
