  1.00000e+06      0.00000
  1.25900e+06      0.00000
  1.58500e+06      0.00000
  1.99500e+06      0.00000
  2.51200e+06      0.00000
  3.16200e+06      0.00000
  3.98100e+06      0.00000
  5.01200e+06      0.00000
  6.31000e+06      0.00000
  7.94300e+06      0.00000
  1.00000e+07      0.00000
  1.25900e+07      0.00000
  1.58500e+07      0.00000
  1.99500e+07      0.00000
  2.51200e+07      0.00000
  3.16200e+07  1.14811e-07
  3.98100e+07  4.73167e-05
  5.01200e+07  0.000363079
  6.31000e+07  0.000870845
  7.94300e+07   0.00155557
  1.00000e+08   0.00240339
  1.25900e+08   0.00340471
  1.58500e+08   0.00456218
  1.99500e+08   0.00586254
  2.51200e+08   0.00732625
  3.16200e+08   0.00895738
  3.98100e+08    0.0107368
  5.01200e+08    0.0126932
  6.31000e+08    0.0148359
  7.94300e+08    0.0171312
  1.00000e+09    0.0196275
  1.25900e+09    0.0223283
  1.58500e+09    0.0251794
  1.99500e+09    0.0281871
  2.51200e+09    0.0310246
  3.16200e+09    0.0332009
  3.98100e+09    0.0349542
  5.01200e+09    0.0363664
  6.31000e+09    0.0374489
  7.94300e+09    0.0383362
  1.00000e+10    0.0390615
  1.25900e+10    0.0396072
  1.58500e+10    0.0402940
