# wavelength (nm)
# intensity (erg s-1 cm-2 nm-1 sr-1)
col1 col2
91.2 9.823751131366073e-07
92.2 1.2905681472244567e-06
93.2 1.5877750561054454e-06
94.2 1.872915981340822e-06
95.2 2.145212148419471e-06
96.2 2.4041373538014497e-06
97.2 2.6493854569867156e-06
98.2 2.8808237614249964e-06
99.2 3.0984524021516566e-06
100.2 3.3024071831140825e-06
101.2 3.492893517434233e-06
102.2 3.6701861153421502e-06
103.2 3.834668515687027e-06
104.2 3.986739875085586e-06
105.2 4.126784173096881e-06
106.2 4.2552900049942594e-06
107.2 4.372698243029917e-06
108.2 4.479491899608905e-06
109.2 4.576165246084558e-06
110.2 4.663165923935562e-06
111.2 4.7410107654176304e-06
112.2 4.810141822193163e-06
113.2 4.87101345440622e-06
114.2 4.924064107659914e-06
115.2 4.969744447560491e-06
116.2 5.008462418636757e-06
117.2 5.040612042396057e-06
118.2 5.0666007535500035e-06
119.2 5.0868223145044475e-06
120.2 5.101578477432762e-06
121.2 5.111239291303923e-06
122.2 5.1161626921910305e-06
123.2 5.116592347892946e-06
124.2 5.112891354249369e-06
125.2 5.1053101993487755e-06
126.2 5.094116483596758e-06
127.2 5.07954453752158e-06
128.2 5.061895362932376e-06
129.2 5.041338292589486e-06
130.2 5.0181103032569314e-06
131.2 4.992417049794545e-06
132.2 4.9644579645247946e-06
133.2 4.934402755625533e-06
134.2 4.902416072908649e-06
135.2 4.868681078963597e-06
136.2 4.8333291323864005e-06
137.2 4.796510805274465e-06
138.2 4.758372311632649e-06
139.2 4.7190329517963235e-06
140.2 4.678608622382306e-06
141.2 4.637211936817132e-06
142.2 4.594952340779757e-06
143.2 4.551914145106334e-06
144.2 4.508201246509777e-06
145.2 4.4639146795346e-06
146.2 4.419109465102026e-06
147.2 4.373860606762955e-06
148.2 4.328262416520179e-06
149.2 4.282364298189099e-06
150.2 4.2362353886844e-06
151.2 4.189942995901857e-06
152.2 4.14351111443153e-06
153.2 4.0970043855683515e-06
154.2 4.050485773790266e-06
155.2 4.003955508792796e-06
156.2 3.957515015630521e-06
157.2 3.911142469607009e-06
158.2 3.864916519683561e-06
159.2 3.818834403370854e-06
160.2 3.772952631776805e-06
161.2 3.727287088850654e-06
162.2 3.6818532668289597e-06
163.2 3.636705022437256e-06
164.2 3.5918178839358137e-06
165.2 3.5472636599773154e-06
166.2 3.5030173188505567e-06
167.2 3.4590922449949997e-06
168.2 3.4155390970224582e-06
169.2 3.3723512805023824e-06
170.2 3.3295409313479094e-06
171.2 3.2871383687848003e-06
172.2 3.245118128895822e-06
173.2 3.2034918430825383e-06
174.2 3.1623071733317094e-06
175.2 3.1215204672361756e-06
176.2 3.0811787775164506e-06
177.2 3.0412567284620333e-06
178.2 3.001782738319562e-06
179.2 2.962749306102788e-06
180.2 2.9241490973290416e-06
181.2 2.8859923871442633e-06
182.2 2.8482892251148997e-06
183.2 2.811032184142335e-06
184.2 2.7742311619660016e-06
185.2 2.7378787716723526e-06
186.2 2.7019677850355653e-06
187.2 2.6665080167768106e-06
188.2 2.6314922742545667e-06
189.2 2.5969135168916178e-06
190.2 2.5627980964128266e-06
191.2 2.5291056725242637e-06
192.2 2.4958625410832456e-06
193.2 2.4630453614887567e-06
194.2 2.4306801131332146e-06
195.2 2.398727457659735e-06
196.2 2.367213313900636e-06
197.2 2.3361310107852114e-06
198.2 2.3054580606812496e-06
199.2 2.2752041697520984e-06
200.2 2.2643132688202937e-06
201.2 2.260931616954994e-06
202.2 2.2575677780321123e-06
203.2 2.254221489065295e-06
204.2 2.2509079747210714e-06
205.2 2.2476113487877398e-06
206.2 2.2443313655561203e-06
207.2 2.2410830423943046e-06
208.2 2.2378507380583775e-06
209.2 2.234634222832864e-06
210.2 2.2314332713736555e-06
211.2 2.228262631954781e-06
212.2 2.2251069772298944e-06
213.2 2.2219660963449532e-06
214.2 2.218854542078919e-06
215.2 2.2157572144939185e-06
216.2 2.2126739161799477e-06
217.2 2.2096190091948347e-06
218.2 2.2065776140667183e-06
219.2 2.203549545870549e-06
220.2 2.2005346230404957e-06
221.2 2.1975469599105336e-06
222.2 2.194586188437907e-06
223.2 2.191623618082656e-06
224.2 2.188687475652073e-06
225.2 2.1857633703355557e-06
226.2 2.1828651191774514e-06
227.2 2.1799784656229686e-06
228.2 2.177103257205801e-06
229.2 2.174253137867318e-06
230.2 2.1714140468168604e-06
231.2 2.1685995153775653e-06
232.2 2.165795610708749e-06
233.2 2.1630021961023857e-06
234.2 2.160219137185345e-06
235.2 2.157459743735286e-06
236.2 2.1547237151747273e-06
237.2 2.151984098939524e-06
238.2 2.1492807579320444e-06
239.2 2.1465735859398992e-06
240.2 2.1438889549302034e-06
241.2 2.1412265845424787e-06
242.2 2.138560092301857e-06
243.2 2.135928528150276e-06
244.2 2.133292623600481e-06
245.2 2.130678219087798e-06
246.2 2.1280850526296445e-06
247.2 2.125500077134852e-06
248.2 2.1229231935990283e-06
249.2 2.120366991311486e-06
250.2 2.117818586297331e-06
251.2 2.1152904711320153e-06
252.2 2.112769868669146e-06
253.2 2.110256689895662e-06
254.2 2.1077632843619374e-06
255.2 2.1052894196239323e-06
256.2 2.102810186720154e-06
257.2 2.1003625245495836e-06
258.2 2.097909332831353e-06
259.2 2.0954872673099202e-06
260.2 2.093059517997157e-06
261.2 2.0906624617372234e-06
262.2 2.088259574275813e-06
263.2 2.085874945837666e-06
264.2 2.083508369090951e-06
265.2 2.0811477185385033e-06
266.2 2.078792927393763e-06
267.2 2.0764557619312427e-06
268.2 2.0741360249956622e-06
269.2 2.0718217782053176e-06
270.2 2.0695129606037493e-06
271.2 2.0672211696806586e-06
272.2 2.0649462177797796e-06
273.2 2.062676347786032e-06
274.2 2.0604115040986815e-06
275.2 2.058163120031152e-06
276.2 2.055931016804082e-06
277.2 2.0537036129986598e-06
278.2 2.0514808579381594e-06
279.2 2.0492740251918463e-06
280.2 2.047082944285264e-06
281.2 2.0448962041860774e-06
282.2 2.0427137587482122e-06
283.2 2.040546726060614e-06
284.2 2.038394943427116e-06
285.2 2.0362471651361622e-06
286.2 2.0341033492135115e-06
287.2 2.031985470472681e-06
288.2 2.0298603492056e-06
289.2 2.0277499244894676e-06
290.2 2.0256540443957754e-06
291.2 2.023561702191554e-06
292.2 2.0214836812892097e-06
293.2 2.0194198351542758e-06
294.2 2.017348526880398e-06
295.2 2.0153019616394517e-06
296.2 2.013258541583206e-06
297.2 2.0112182349634985e-06
298.2 2.009191612492816e-06
299.2 2.0071785369637826e-06
300.2 2.0051683415955905e-06
301.2 2.00317149413821e-06
302.2 2.0011774003808334e-06
303.2 1.99919646027621e-06
304.2 1.9972285441038987e-06
305.2 1.9952631649747426e-06
306.2 1.9933002980320162e-06
307.2 1.9913502101709487e-06
308.2 1.9894127770007382e-06
309.2 1.98747765087958e-06
310.2 1.985555001393632e-06
311.2 1.9836447082668483e-06
312.2 1.981736526156977e-06
313.2 1.9798304348435497e-06
314.2 1.977936476511112e-06
315.2 1.976054535680783e-06
316.2 1.9741744998311223e-06
317.2 1.9723063179275503e-06
318.2 1.970449878210676e-06
319.2 1.968595165789103e-06
320.2 1.966742164479552e-06
321.2 1.964910544021162e-06
322.2 1.9630804807140545e-06
323.2 1.961251960104474e-06
324.2 1.959434719696062e-06
325.2 1.9576286554279244e-06
326.2 1.9558239725263184e-06
327.2 1.954030320693793e-06
328.2 1.952237966170505e-06
329.2 1.9504565007998485e-06
330.2 1.9486858256494877e-06
331.2 1.9469162973092933e-06
332.2 1.945157422360671e-06
333.2 1.94340910488473e-06
334.2 1.9416617901262584e-06
335.2 1.9399154691110553e-06
336.2 1.9381889403885463e-06
337.2 1.93646327622912e-06
338.2 1.9347384689636784e-06
339.2 1.9330238315523956e-06
340.2 1.9313192743140187e-06
341.2 1.929624708618657e-06
342.2 1.927930808044912e-06
343.2 1.926237566778783e-06
344.2 1.924563349363049e-06
345.2 1.9228896733959184e-06
346.2 1.9212165341854625e-06
347.2 1.919553032873684e-06
348.2 1.9178990864229733e-06
349.2 1.916254612746894e-06
350.2 1.9146105029216964e-06
351.2 1.912966753839314e-06
352.2 1.9113413154467056e-06
353.2 1.90971613002695e-06
354.2 1.908100121261174e-06
355.2 1.9064843109491088e-06
356.2 1.9048775731261624e-06
357.2 1.9032709807367897e-06
358.2 1.9016821848620791e-06
359.2 1.9000846321338125e-06
360.2 1.8985047269131247e-06
361.2 1.896924816940687e-06
362.2 1.8953536309327574e-06
363.2 1.8937823921859579e-06
364.2 1.89222846262166e-06
365.2 1.8906657291296001e-06
366.2 1.8891201638345854e-06
367.2 1.8875744068288311e-06
368.2 1.886037046113168e-06
369.2 1.8844994502801098e-06
370.2 1.882970161285696e-06
371.2 1.8814491119949156e-06
372.2 1.8799277418331204e-06
373.2 1.8784145247804448e-06
374.2 1.8769093954725729e-06
375.2 1.8754122892420345e-06
376.2 1.8739147382631908e-06
377.2 1.872416746073277e-06
378.2 1.870935034981071e-06
379.2 1.8694528014611519e-06
380.2 1.8679783650665344e-06
381.2 1.866503370817814e-06
382.2 1.8650360950110012e-06
383.2 1.863576477219882e-06
384.2 1.8621162287905762e-06
385.2 1.8606717696230366e-06
386.2 1.8592184183394635e-06
387.2 1.857780739135799e-06
388.2 1.8563423227647824e-06
389.2 1.8549112980503486e-06
390.2 1.8534795058388758e-06
391.2 1.8520631152408904e-06
392.2 1.8506458864338862e-06
393.2 1.849227825813149e-06
394.2 1.8478169598175809e-06
395.2 1.8464132338321117e-06
396.2 1.8450165937930605e-06
397.2 1.8436190266475262e-06
398.2 1.842228478925123e-06
399.2 1.8408448978746758e-06
400.2 1.8394682312722567e-06
401.2 1.8380905472382114e-06
402.2 1.83671971394526e-06
403.2 1.8353478393323988e-06
404.2 1.8339827528175728e-06
405.2 1.8326244041433924e-06
406.2 1.8312727435473714e-06
407.2 1.8299199576920633e-06
408.2 1.8285737998909223e-06
409.2 1.8272342215511745e-06
410.2 1.8258934672726314e-06
411.2 1.8245592341724851e-06
412.2 1.823231474789468e-06
413.2 1.82191014212176e-06
414.2 1.8205875567707159e-06
415.2 1.8192713422546955e-06
416.2 1.8179614526522557e-06
417.2 1.816650264517772e-06
418.2 1.815345347010426e-06
419.2 1.8140466552545464e-06
420.2 1.812746620939738e-06
421.2 1.8114602656263621e-06
422.2 1.8101725156750255e-06
423.2 1.8088833809721044e-06
424.2 1.8076077771418357e-06
425.2 1.8063307379420637e-06
426.2 1.805059691418029e-06
427.2 1.8037871949086829e-06
428.2 1.8025206418673854e-06
429.2 1.8012599907507909e-06
430.2 1.8000052004018243e-06
431.2 1.7987488981185443e-06
432.2 1.7974984093580938e-06
433.2 1.796253693860618e-06
434.2 1.7950147117371523e-06
435.2 1.7937741589277335e-06
436.2 1.7925392941183585e-06
437.2 1.7913100782788335e-06
438.2 1.7900792579320192e-06
439.2 1.7888612407898198e-06
440.2 1.7876415755501896e-06
441.2 1.7864202734195938e-06
442.2 1.7852116445839652e-06
443.2 1.7840013364407957e-06
444.2 1.7827964776814314e-06
445.2 1.7815899302220341e-06
446.2 1.7803958763119248e-06
447.2 1.779200092931884e-06
448.2 1.7780025916580156e-06
449.2 1.7768174602178993e-06
450.2 1.7756305711947236e-06
451.2 1.774448943204452e-06
452.2 1.7732725413441684e-06
453.2 1.772101331019014e-06
454.2 1.7709283172898015e-06
455.2 1.7697604573994694e-06
456.2 1.7685907873228316e-06
457.2 1.7674331488886405e-06
458.2 1.7662736635537402e-06
459.2 1.7651192282420752e-06
460.2 1.7639698100330247e-06
461.2 1.7628185212898132e-06
462.2 1.7616722143239408e-06
463.2 1.7605308568700113e-06
464.2 1.7593944169406569e-06
465.2 1.75825606676428e-06
466.2 1.7571293815967542e-06
467.2 1.7560007526012354e-06
468.2 1.7548701922328358e-06
469.2 1.7537511890841946e-06
470.2 1.752630221834157e-06
471.2 1.7515140125096293e-06
472.2 1.7503958355694211e-06
473.2 1.749289065815717e-06
474.2 1.7481802969323926e-06
475.2 1.747076194584772e-06
476.2 1.7459767293742692e-06
477.2 1.744875246987839e-06
478.2 1.7437783713867973e-06
479.2 1.7426860737306682e-06
480.2 1.7415983254192126e-06
481.2 1.7405150980899327e-06
482.2 1.739429807151953e-06
483.2 1.738349008312227e-06
484.2 1.7372726737386705e-06
485.2 1.7361942599037245e-06
486.2 1.735120282160242e-06
487.2 1.7340507131923903e-06
488.2 1.7329855259081426e-06
489.2 1.7319246934369949e-06
490.2 1.7308617396646822e-06
491.2 1.7298031138800417e-06
492.2 1.7287487897036279e-06
493.2 1.7276987409699407e-06
494.2 1.7266465444634776e-06
495.2 1.7256049818822693e-06
496.2 1.7245548745038332e-06
497.2 1.7235153498718379e-06
498.2 1.7224799983616088e-06
499.2 1.7214424617076436e-06
500.2 1.7204090735408998e-06
501.2 1.7193798090300484e-06
502.2 1.718348348187553e-06
503.2 1.717327269794299e-06
504.2 1.7163039713098371e-06
505.2 1.7152847238882596e-06
506.2 1.714263257912888e-06
507.2 1.7132520530943074e-06
508.2 1.7122386068016292e-06
509.2 1.7112291410521272e-06
510.2 1.7102236324400206e-06
511.2 1.7092158732223794e-06
512.2 1.708218221472931e-06
513.2 1.7072182972697138e-06
514.2 1.7062222623088269e-06
515.2 1.7052239574394549e-06
516.2 1.7042356450856043e-06
517.2 1.7032450417378134e-06
518.2 1.702258261637216e-06
519.2 1.70127528269263e-06
520.2 1.7002900054610694e-06
521.2 1.6993145748934316e-06
522.2 1.6983368259312358e-06
523.2 1.6973628145415254e-06
524.2 1.6963925193341488e-06
525.2 1.695419899419311e-06
526.2 1.6944509762734388e-06
527.2 1.6934857288602895e-06
528.2 1.692524136302927e-06
529.2 1.6915661778822132e-06
530.2 1.6906058701406164e-06
531.2 1.689655129684895e-06
532.2 1.6887020216119953e-06
533.2 1.687746559243095e-06
534.2 1.6868005922907262e-06
535.2 1.6858522531543728e-06
536.2 1.684907451277013e-06
537.2 1.6839661669047817e-06
538.2 1.683028380430626e-06
539.2 1.6820940723929475e-06
540.2 1.6811573709626399e-06
541.2 1.6802241311045063e-06
542.2 1.6792943336656208e-06
543.2 1.6783679596340948e-06
544.2 1.6774391806435274e-06
545.2 1.6765196076044542e-06
546.2 1.675597613509549e-06
547.2 1.6746789892761018e-06
548.2 1.6737579493580387e-06
549.2 1.6728460201584923e-06
550.2 1.6719316597187163e-06
551.2 1.6710206169873577e-06
552.2 1.6701128739399225e-06
553.2 1.6692084126822472e-06
554.2 1.6683015107817383e-06
555.2 1.6673978758189116e-06
556.2 1.6665031743273163e-06
557.2 1.6656003363487084e-06
558.2 1.6647063969776433e-06
559.2 1.6638156548146296e-06
560.2 1.662922449169917e-06
561.2 1.6620324267242236e-06
562.2 1.6611455704914286e-06
563.2 1.6602618636060509e-06
564.2 1.6593756857653336e-06
565.2 1.6584926437273078e-06
566.2 1.6576183046402706e-06
567.2 1.6567359007165392e-06
568.2 1.6558621668642985e-06
569.2 1.6549915030537028e-06
570.2 1.6541183485395782e-06
571.2 1.6532482512891581e-06
572.2 1.652381195273448e-06
573.2 1.6515171645753084e-06
574.2 1.650650637420573e-06
575.2 1.6497926196209892e-06
576.2 1.6489320931591794e-06
577.2 1.6480745484245415e-06
578.2 1.6472199699463363e-06
579.2 1.6463628839235575e-06
580.2 1.6455142013803014e-06
581.2 1.6446629996324908e-06
582.2 1.643814721971756e-06
583.2 1.6429693533564972e-06
584.2 1.6421268788481034e-06
585.2 1.6412818811378011e-06
586.2 1.6404451596509624e-06
587.2 1.6396059039614667e-06
588.2 1.6387695019125345e-06
589.2 1.6379305731788161e-06
590.2 1.637099844011755e-06
591.2 1.636266577516481e-06
592.2 1.6354361251599957e-06
593.2 1.634608472710309e-06
594.2 1.6337836060312368e-06
595.2 1.6329615110815976e-06
596.2 1.6321368711187505e-06
597.2 1.6313202867598877e-06
598.2 1.6305011474728137e-06
599.2 1.6296847422955099e-06
600.2 1.6288657901065116e-06
601.2 1.6280548210032613e-06
602.2 1.6272412952932903e-06
603.2 1.6264357082076452e-06
604.2 1.625627555162712e-06
605.2 1.62481684887805e-06
606.2 1.6240140326285958e-06
607.2 1.6232138607014384e-06
608.2 1.6224111218835891e-06
609.2 1.6216110184525346e-06
610.2 1.6208135374516052e-06
611.2 1.6200186660089244e-06
612.2 1.6192212271309485e-06
613.2 1.6184315449465946e-06
614.2 1.6176392867895857e-06
615.2 1.616849604244271e-06
616.2 1.6160624847711576e-06
617.2 1.6152779159120205e-06
618.2 1.6144907712051722e-06
619.2 1.61371127478028e-06
620.2 1.6129291944567679e-06
621.2 1.6121496320995266e-06
622.2 1.611372575567927e-06
623.2 1.610598012799266e-06
624.2 1.609820866882197e-06
625.2 1.6090462070365196e-06
626.2 1.6082790701011984e-06
627.2 1.6075093386937743e-06
628.2 1.6067370252042768e-06
629.2 1.6059721912979836e-06
630.2 1.6052097846652752e-06
631.2 1.6044447850137e-06
632.2 1.6036822054812383e-06
633.2 1.6029220346017534e-06
634.2 1.602164260981428e-06
635.2 1.601408873298194e-06
636.2 1.600650890909825e-06
637.2 1.5998952876249977e-06
638.2 1.5991470060784076e-06
639.2 1.5983961197701154e-06
640.2 1.5976426409061263e-06
641.2 1.5968964428975668e-06
642.2 1.5961476458065465e-06
643.2 1.5954060923737284e-06
644.2 1.5946619335079579e-06
645.2 1.593920081396266e-06
646.2 1.5931805253294878e-06
647.2 1.5924383697345268e-06
648.2 1.5917033814304694e-06
649.2 1.5909657875346595e-06
650.2 1.5902304624604304e-06
651.2 1.5894973957555936e-06
652.2 1.588766577032066e-06
653.2 1.5880379959653772e-06
654.2 1.587311642294184e-06
655.2 1.5865826805347262e-06
656.2 1.5858559405422887e-06
657.2 1.5851314121749044e-06
658.2 1.5844090853522404e-06
659.2 1.5836889500551301e-06
660.2 1.582966207584165e-06
661.2 1.582250432765522e-06
662.2 1.5815320454776306e-06
663.2 1.5808158246170245e-06
664.2 1.5801017603985766e-06
665.2 1.579389843095999e-06
666.2 1.578675317429314e-06
667.2 1.5779676721254983e-06
668.2 1.5772574134781248e-06
669.2 1.5765492775403966e-06
670.2 1.5758432548104797e-06
671.2 1.5751393358431673e-06
672.2 1.574437511249456e-06
673.2 1.573733075429384e-06
674.2 1.5730354186042887e-06
675.2 1.5723351459422222e-06
676.2 1.5716369444799842e-06
677.2 1.5709408050421475e-06
678.2 1.5702467185074001e-06
679.2 1.5695500210278598e-06
680.2 1.568860019993089e-06
681.2 1.5681674036842373e-06
682.2 1.5674768179127908e-06
683.2 1.5667882537624548e-06
684.2 1.5661017023690626e-06
685.2 1.5654171549201923e-06
686.2 1.564729995358417e-06
687.2 1.5640448356789518e-06
688.2 1.5633662610708791e-06
689.2 1.5626850683874184e-06
690.2 1.5620058496033595e-06
691.2 1.5613240221832972e-06
692.2 1.560648732153604e-06
693.2 1.5599753904505982e-06
694.2 1.5592994344529114e-06
695.2 1.5586254230927323e-06
696.2 1.5579533479904104e-06
697.2 1.5572832008143721e-06
698.2 1.5566149732807743e-06
699.2 1.5559441355187633e-06
700.2 1.555279729065375e-06
701.2 1.5546127089299181e-06
702.2 1.5539475885954734e-06
703.2 1.5532843599570879e-06
704.2 1.5526230149558464e-06
705.2 1.551963545578545e-06
706.2 1.5513014670423385e-06
707.2 1.5506457313848731e-06
708.2 1.5499873833926737e-06
709.2 1.5493308919937974e-06
710.2 1.5486762493456915e-06
711.2 1.5480234476499151e-06
712.2 1.5473680400521701e-06
713.2 1.5467189032648136e-06
714.2 1.5460671576099142e-06
715.2 1.545421654989248e-06
716.2 1.5447735406378748e-06
717.2 1.5441272336327132e-06
718.2 1.5434827264242796e-06
719.2 1.542835615611346e-06
720.2 1.5421946916192947e-06
721.2 1.5415511613061263e-06
722.2 1.5409094131317374e-06
723.2 1.540269439703406e-06
724.2 1.5396312336692428e-06
725.2 1.5389947877179094e-06
726.2 1.5383600945783395e-06
727.2 1.537722799485395e-06
728.2 1.537091596286105e-06
729.2 1.5364577886979295e-06
730.2 1.5358257170932884e-06
731.2 1.5351953743497103e-06
732.2 1.534566753383634e-06
733.2 1.5339398471501443e-06
734.2 1.5333103425588412e-06
735.2 1.5326868506660638e-06
736.2 1.5320607581987305e-06
737.2 1.5314363643002182e-06
738.2 1.530813662067646e-06
739.2 1.5301926446354867e-06
740.2 1.5295733051753133e-06
741.2 1.528951371478965e-06
742.2 1.5283353733716308e-06
743.2 1.5277167790175808e-06
744.2 1.5270998471046869e-06
745.2 1.5264845709403515e-06
746.2 1.5258709438678528e-06
747.2 1.525258959266105e-06
748.2 1.5246486105494194e-06
749.2 1.5240356712970422e-06
750.2 1.5234285803588188e-06
751.2 1.522818897108432e-06
752.2 1.5222108349249171e-06
753.2 1.5216043873515548e-06
754.2 1.5209995479658703e-06
755.2 1.5203921240356915e-06
756.2 1.5197904874298105e-06
757.2 1.519186264646484e-06
758.2 1.5185878054774279e-06
759.2 1.5179867585733413e-06
760.2 1.517387292955506e-06
761.2 1.5167894023918426e-06
762.2 1.5161930806829774e-06
763.2 1.5155941792003234e-06
764.2 1.5150009821533393e-06
765.2 1.514405203908394e-06
766.2 1.5138109808141798e-06
767.2 1.5132224276534403e-06
768.2 1.5126312912846145e-06
769.2 1.5120375817826165e-06
770.2 1.5114495187955207e-06
771.2 1.510862980868039e-06
772.2 1.5102738678940421e-06
773.2 1.5096862787508112e-06
774.2 1.50910429113827e-06
775.2 1.508519726704846e-06
776.2 1.5079366684925848e-06
777.2 1.5073510428454952e-06
778.2 1.5067709848906023e-06
779.2 1.50619241579083e-06
780.2 1.5056112776208522e-06
781.2 1.5050316272598096e-06
782.2 1.504457500840848e-06
783.2 1.5038808038474027e-06
784.2 1.5033055776445549e-06
785.2 1.5027277902160737e-06
786.2 1.5021554938860793e-06
787.2 1.5015846515609879e-06
788.2 1.501011246634878e-06
789.2 1.5004392948383321e-06
790.2 1.4998687906545338e-06
791.2 1.4992997285945568e-06
792.2 1.4987321031971906e-06
793.2 1.4981659090287636e-06
794.2 1.4976011406829717e-06
795.2 1.4970338170176602e-06
796.2 1.4964718892002568e-06
797.2 1.4959074053478072e-06
798.2 1.4953443358873705e-06
799.2 1.494782675509668e-06
800.2 1.4942224189319597e-06
801.2 1.49366356089788e-06
802.2 1.4931021551067505e-06
803.2 1.4925460834022196e-06
804.2 1.4919874633473225e-06
805.2 1.4914341572105615e-06
806.2 1.490878302184567e-06
807.2 1.4903238244009564e-06
808.2 1.4897707187474708e-06
809.2 1.4892189801371225e-06
810.2 1.4886647013520614e-06
811.2 1.48811568647768e-06
812.2 1.4875641309765755e-06
813.2 1.4870139319818676e-06
814.2 1.486468967480851e-06
815.2 1.4859214617656884e-06
816.2 1.4853752976474759e-06
817.2 1.4848266014703578e-06
818.2 1.4842831105231691e-06
819.2 1.4837409464581755e-06
820.2 1.4831962498417997e-06
821.2 1.4826567296988855e-06
822.2 1.4821146767336799e-06
823.2 1.481573940709595e-06
824.2 1.4810345168331051e-06
825.2 1.4804964003339217e-06
826.2 1.4799557598771311e-06
827.2 1.4794202485398846e-06
828.2 1.4788860303959183e-06
829.2 1.4783492880231947e-06
830.2 1.4778138386940091e-06
831.2 1.4772796777414578e-06
832.2 1.4767468005210683e-06
833.2 1.4762152024106657e-06
834.2 1.4756848788102375e-06
835.2 1.4751558251418025e-06
836.2 1.4746242560231923e-06
837.2 1.4740977330883025e-06
838.2 1.47356869466677e-06
839.2 1.4730409170613042e-06
840.2 1.4725143957700625e-06
841.2 1.4719891263126087e-06
842.2 1.4714651042297865e-06
843.2 1.4709423250835938e-06
844.2 1.4704207844570555e-06
845.2 1.4698967373876394e-06
846.2 1.469373928907373e-06
847.2 1.4688560863663587e-06
848.2 1.4683357375276652e-06
849.2 1.467816614192595e-06
850.2 1.4672987120368598e-06
851.2 1.4667820267564905e-06
852.2 1.4662628442263998e-06
853.2 1.4657485842136942e-06
854.2 1.4652355282750063e-06
855.2 1.4647199753591247e-06
856.2 1.4642056267247563e-06
857.2 1.463692478157197e-06
858.2 1.4631805254613867e-06
859.2 1.462669764461796e-06
860.2 1.4621601910023112e-06
861.2 1.4616518009461227e-06
862.2 1.461140923361912e-06
863.2 1.4606348920264753e-06
864.2 1.4601263734611115e-06
865.2 1.459619030389427e-06
866.2 1.459112858740212e-06
867.2 1.458607854461037e-06
868.2 1.4581040135181416e-06
869.2 1.4576013318963297e-06
870.2 1.4570998055988618e-06
871.2 1.4565958017139523e-06
872.2 1.4560965783089138e-06
873.2 1.4555948777165605e-06
874.2 1.4550943249178294e-06
875.2 1.4545949159783276e-06
876.2 1.4540966469816236e-06
877.2 1.4535995140291433e-06
878.2 1.4531035132400712e-06
879.2 1.4526086407512467e-06
880.2 1.4521113008893305e-06
881.2 1.4516186775577107e-06
882.2 1.451123587347707e-06
883.2 1.4506296182658961e-06
884.2 1.4501403420872036e-06
885.2 1.4496485998280593e-06
886.2 1.4491579673460734e-06
887.2 1.448664877400371e-06
888.2 1.4481764572437532e-06
889.2 1.4476891356479916e-06
890.2 1.4471993574317153e-06
891.2 1.446714225852789e-06
892.2 1.4462266382509804e-06
893.2 1.4457401424261568e-06
894.2 1.4452547347154577e-06
895.2 1.4447704114723876e-06
896.2 1.4442871690667263e-06
897.2 1.4438014801140722e-06
898.2 1.4433203924803656e-06
899.2 1.442840374881432e-06
900.2 1.4423579117242048e-06
901.2 1.4418765192797097e-06
902.2 1.4413996982292101e-06
903.2 1.4409204326651227e-06
904.2 1.440442227188547e-06
905.2 1.4399615856582592e-06
906.2 1.4394854936863844e-06
907.2 1.4390104512999858e-06
908.2 1.438532973941113e-06
909.2 1.4380600241685709e-06
910.2 1.4375846401758256e-06
911.2 1.4371137692370301e-06
912.2 1.4366404648572176e-06
913.2 1.4361681970616795e-06
914.2 1.4356969624488051e-06
915.2 1.4352233031664074e-06
916.2 1.434754128543842e-06
917.2 1.4342859769797646e-06
918.2 1.4338154019527757e-06
919.2 1.433349290238262e-06
920.2 1.432880755894598e-06
921.2 1.432413238777038e-06
922.2 1.431946735576454e-06
923.2 1.4314812429980548e-06
924.2 1.43101675776131e-06
925.2 1.4305532765998715e-06
926.2 1.430090796261498e-06
927.2 1.4296259037508893e-06
928.2 1.4291654190314836e-06
929.2 1.4287025230364272e-06
930.2 1.428240622302594e-06
931.2 1.4277831087339685e-06
932.2 1.4273231852751515e-06
933.2 1.4268642475074168e-06
934.2 1.4264062922654101e-06
935.2 1.425945935808381e-06
936.2 1.4254899397868218e-06
937.2 1.4250349168681685e-06
938.2 1.4245774941616916e-06
939.2 1.4241210455240102e-06
940.2 1.4236689304579617e-06
941.2 1.4232144170741894e-06
942.2 1.4227608684821463e-06
943.2 1.4223082816131572e-06
944.2 1.4218566534115454e-06
945.2 1.421405980834567e-06
946.2 1.4209529195642682e-06
947.2 1.4205041526872489e-06
948.2 1.4200529981356675e-06
949.2 1.4196061249113902e-06
950.2 1.419156865052378e-06
951.2 1.418708549810395e-06
952.2 1.4182611762093315e-06
953.2 1.4178147412855678e-06
954.2 1.4173692420879076e-06
955.2 1.4169246756775118e-06
956.2 1.4164777327831665e-06
957.2 1.4160350266340805e-06
958.2 1.415589945078529e-06
959.2 1.4151490875532987e-06
960.2 1.4147058557188383e-06
961.2 1.4142635461312245e-06
962.2 1.4138221559150257e-06
963.2 1.4133816822067505e-06
964.2 1.412942122154788e-06
965.2 1.4125034729193443e-06
966.2 1.4120657316723818e-06
967.2 1.4116256268560652e-06
968.2 1.4111896965247789e-06
969.2 1.4107514037645706e-06
970.2 1.410317273148553e-06
971.2 1.4098807812624147e-06
972.2 1.4094451873229668e-06
973.2 1.4090104885621858e-06
974.2 1.4085766822234143e-06
975.2 1.4081437655613014e-06
976.2 1.4077084972361595e-06
977.2 1.407277355050419e-06
978.2 1.4068470943657742e-06
979.2 1.4064144837981597e-06
980.2 1.4059827559291121e-06
981.2 1.4055551301620937e-06
982.2 1.405125156324174e-06
983.2 1.4046960571279103e-06
984.2 1.4042678299072535e-06
985.2 1.4038404720069796e-06
986.2 1.403410775016285e-06
987.2 1.4029851510814606e-06
988.2 1.4025603885591733e-06
989.2 1.4021332887929227e-06
990.2 1.4017102444965834e-06
991.2 1.4012848642053074e-06
992.2 1.400860341362714e-06
993.2 1.4004366733788447e-06
994.2 1.400013857674163e-06
995.2 1.3995918916794983e-06
996.2 1.3991707728359971e-06
997.2 1.3987504985950708e-06
998.2 1.398327899190558e-06
999.2 1.3979093097195746e-06
1000.2 1.3974915572601307e-06
1001.2 1.3970714815667132e-06
1002.2 1.396652244180407e-06
1003.2 1.3962338425943124e-06
1004.2 1.3958162743115165e-06
1005.2 1.395399536845041e-06
1006.2 1.3949836277177956e-06
1007.2 1.3945685444625261e-06
1008.2 1.3941542846217682e-06
1009.2 1.3937408457477975e-06
1010.2 1.3933250957977769e-06
1011.2 1.3929132946478686e-06
1012.2 1.3924991837523826e-06
1013.2 1.3920858902885895e-06
1014.2 1.3916734118385285e-06
1015.2 1.3912617459937674e-06
1016.2 1.390850890355353e-06
1017.2 1.3904408425337658e-06
1018.2 1.390031600148874e-06
1019.2 1.3896231608298866e-06
1020.2 1.3892155222153083e-06
1021.2 1.3888055860590688e-06
1022.2 1.3883995448344335e-06
1023.2 1.3879912074366902e-06
1024.2 1.3875836674171891e-06
1025.2 1.3871769224425948e-06
1026.2 1.3867709701886687e-06
1027.2 1.3863658083402214e-06
1028.2 1.3859614345910708e-06
1029.2 1.3855578466439978e-06
1030.2 1.3851550422107027e-06
1031.2 1.3847530190117623e-06
1032.2 1.3843487118752366e-06
1033.2 1.383948247306507e-06
1034.2 1.3835455002028357e-06
1035.2 1.3831435312040792e-06
1036.2 1.3827423380574724e-06
1037.2 1.3823449666550484e-06
1038.2 1.381945315553175e-06
1039.2 1.381546433602768e-06
1040.2 1.3811452792404466e-06
1041.2 1.3807479318657347e-06
1042.2 1.380351347007573e-06
1043.2 1.3799524918684903e-06
1044.2 1.3795574283756935e-06
1045.2 1.3791600960350322e-06
1046.2 1.3787665451811373e-06
1047.2 1.3783707269236269e-06
1048.2 1.3779756639003421e-06
1049.2 1.3775813539518253e-06
1050.2 1.3771877949268443e-06
1051.2 1.3767949846823516e-06
1052.2 1.3764029210834486e-06
1053.2 1.3760086001738962e-06
1054.2 1.3756180263413623e-06
1055.2 1.3752281927928169e-06
1056.2 1.3748361041224423e-06
1057.2 1.3744447572013496e-06
1058.2 1.3740571375724655e-06
1059.2 1.373667265028631e-06
1060.2 1.373278127954602e-06
1061.2 1.3728897242712138e-06
1062.2 1.3725020519071315e-06
1063.2 1.3721151087988132e-06
1064.2 1.3717259220891447e-06
1065.2 1.3713404341216772e-06
1066.2 1.3709556692605078e-06
1067.2 1.3705686630227915e-06
1068.2 1.37018534105698e-06
1069.2 1.3697997792082263e-06
1070.2 1.3694149379011446e-06
1071.2 1.369030815117788e-06
1072.2 1.3686474088477374e-06
1073.2 1.368264717088067e-06
1074.2 1.3678827378433096e-06
1075.2 1.367501469125421e-06
1076.2 1.3671209089537462e-06
1077.2 1.3667410553549864e-06
1078.2 1.3663589741365123e-06
1079.2 1.3659805305099676e-06
1080.2 1.3655998607775902e-06
1081.2 1.3652198952067598e-06
1082.2 1.3648435532340773e-06
1083.2 1.3644649874404675e-06
1084.2 1.364087119978888e-06
1085.2 1.3637099489188229e-06
1086.2 1.3633334723368648e-06
1087.2 1.3629576883166835e-06
1088.2 1.362579689668003e-06
1089.2 1.3622052877178819e-06
1090.2 1.3618286726666114e-06
1091.2 1.3614556451857911e-06
1092.2 1.3610804061394964e-06
1093.2 1.360708745582834e-06
1094.2 1.360334875004548e-06
1095.2 1.3599616871701964e-06
1096.2 1.359589180211295e-06
1097.2 1.3592173522661722e-06
1098.2 1.3588462014799367e-06
1099.2 1.3584757260044478e-06
1100.2 1.3581059239982836e-06
1101.2 1.3577339226434439e-06
1102.2 1.3573654646831636e-06
1103.2 1.3569948089247932e-06
1104.2 1.3566276877057189e-06
1105.2 1.3562583702467458e-06
1106.2 1.3558897205105339e-06
1107.2 1.3555245921130556e-06
1108.2 1.355157269824602e-06
1109.2 1.354790609855457e-06
1110.2 1.3544246104158909e-06
1111.2 1.3540564245761317e-06
1112.2 1.3536917434103998e-06
1113.2 1.3533277174390008e-06
1114.2 1.3529615074119289e-06
1115.2 1.352598789087536e-06
1116.2 1.3522338882778135e-06
1117.2 1.3518724705762126e-06
1118.2 1.3515088719665715e-06
1119.2 1.3511459231042671e-06
1120.2 1.3507836222492154e-06
1121.2 1.3504219676675407e-06
1122.2 1.3500609576315473e-06
1123.2 1.3497005904196917e-06
1124.2 1.3493408643165567e-06
1125.2 1.3489817776128232e-06
1126.2 1.3486205213536234e-06
1127.2 1.348262710835456e-06
1128.2 1.3479027323455312e-06
1129.2 1.3475461912305206e-06
1130.2 1.3471874837338577e-06
1131.2 1.3468294104442253e-06
1132.2 1.3464747620559822e-06
1133.2 1.3461179496808024e-06
1134.2 1.3457617664933763e-06
1135.2 1.3454062108309454e-06
1136.2 1.3450484984923586e-06
1137.2 1.3446941953618711e-06
1138.2 1.3443405147988243e-06
1139.2 1.3439874551637322e-06
1140.2 1.3436322420402144e-06
1141.2 1.3432804217952635e-06
1142.2 1.3429264496624784e-06
1143.2 1.3425730967951466e-06
1144.2 1.342220361569603e-06
1145.2 1.3418710030443957e-06
1146.2 1.341519495845551e-06
1147.2 1.3411686014556301e-06
1148.2 1.3408183182734956e-06
1149.2 1.3404658936360794e-06
1150.2 1.340116830480187e-06
1151.2 1.3397683737578525e-06
1152.2 1.339417777985588e-06
1153.2 1.3390705317782892e-06
1154.2 1.3387211481300279e-06
1155.2 1.338375106149071e-06
1156.2 1.3380269283414303e-06
1157.2 1.3376793522928764e-06
1158.2 1.3373323764447175e-06
1159.2 1.3369859992436393e-06
1160.2 1.336640219141684e-06
1161.2 1.3362950345962252e-06
1162.2 1.3359504440699465e-06
1163.2 1.3356064460308177e-06
1164.2 1.3352630389520715e-06
1165.2 1.334917508021098e-06
1166.2 1.3345752806303708e-06
1167.2 1.3342309310052433e-06
1168.2 1.3338898772421458e-06
1169.2 1.3335467028673078e-06
1170.2 1.3332041150150727e-06
1171.2 1.3328621121830768e-06
1172.2 1.3325206928740838e-06
1173.2 1.332179855595962e-06
1174.2 1.3318395988616624e-06
1175.2 1.331499921189198e-06
1176.2 1.3311608211016214e-06
1177.2 1.3308222971270036e-06
1178.2 1.3304816644451848e-06
1179.2 1.3301442905762366e-06
1180.2 1.3298048096245605e-06
1181.2 1.3294685800178528e-06
1182.2 1.3291302449572795e-06
1183.2 1.3287924817950506e-06
1184.2 1.328455289082344e-06
1185.2 1.3281186653752279e-06
1186.2 1.3277826092346382e-06
1187.2 1.3274471192263612e-06
1188.2 1.32711219392101e-06
1189.2 1.3267778318940059e-06
1190.2 1.3264440317255585e-06
1191.2 1.3261107920006447e-06
1192.2 1.325775459466367e-06
1193.2 1.325443338624883e-06
1194.2 1.3251091266051291e-06
1195.2 1.324775473842436e-06
1196.2 1.3244450219092858e-06
1197.2 1.3241124812500185e-06
1198.2 1.323780495657784e-06
1199.2 1.3234490637439887e-06
1200.2 1.3231181841246674e-06
1201.2 1.322787855420463e-06
1202.2 1.3224580762566086e-06
1203.2 1.3221288452629067e-06
1204.2 1.3217975356570257e-06
1205.2 1.3214693990896324e-06
1206.2 1.3211391855419383e-06
1207.2 1.320812137960007e-06
1208.2 1.3204830150332573e-06
1209.2 1.320157051031935e-06
1210.2 1.3198290133248036e-06
1211.2 1.3195015172915605e-06
1212.2 1.319174561591651e-06
1213.2 1.3188481448889386e-06
1214.2 1.3185222658516894e-06
1215.2 1.3181969231525529e-06
1216.2 1.3178721154685442e-06
1217.2 1.3175478414810255e-06
1218.2 1.3172215046312525e-06
1219.2 1.3168982962267495e-06
1220.2 1.3165756175852432e-06
1221.2 1.316250878536359e-06
1222.2 1.3159266708883071e-06
1223.2 1.3156055779737984e-06
1224.2 1.3152824271104703e-06
1225.2 1.3149598037542647e-06
1226.2 1.3146377066145917e-06
1227.2 1.3143161344050687e-06
1228.2 1.313995085843501e-06
1229.2 1.3136745596518672e-06
1230.2 1.3133545545563021e-06
1231.2 1.313035069287078e-06
1232.2 1.3127161025785895e-06
1233.2 1.3123950894920952e-06
1234.2 1.312077158201863e-06
1235.2 1.311757182170542e-06
1236.2 1.3114402812717531e-06
1237.2 1.3111213372716255e-06
1238.2 1.3108029084451374e-06
1239.2 1.3104849935450963e-06
1240.2 1.310167591328332e-06
1241.2 1.3098532477090594e-06
1242.2 1.3095368650948308e-06
1243.2 1.3092184484060002e-06
1244.2 1.3089030845705299e-06
1245.2 1.308588227262261e-06
1246.2 1.308273875261821e-06
1247.2 1.307957492454155e-06
1248.2 1.3076441494577279e-06
1249.2 1.3073287772900068e-06
1250.2 1.3070164384538399e-06
1251.2 1.3067020720848236e-06
1252.2 1.306390732596107e-06
1253.2 1.3060773672154371e-06
1254.2 1.3057645015403654e-06
1255.2 1.305452134376567e-06
1256.2 1.3051402645335195e-06
1257.2 1.3048288908244891e-06
1258.2 1.3045180120665144e-06
1259.2 1.3042076270803914e-06
1260.2 1.3038952259406412e-06
1261.2 1.303585826964745e-06
1262.2 1.3032769182423365e-06
1263.2 1.302965995817166e-06
1264.2 1.3026580660922203e-06
1265.2 1.3023481243001515e-06
1266.2 1.3020386720702248e-06
1267.2 1.301729708243439e-06
1268.2 1.3014237245888868e-06
1269.2 1.3011157321418164e-06
1270.2 1.3008082246458515e-06
1271.2 1.3005012009565194e-06
1272.2 1.3001946599329465e-06
1273.2 1.2998886004378432e-06
1274.2 1.2995805401518247e-06
1275.2 1.2992754422617805e-06
1276.2 1.298970822506652e-06
1277.2 1.2986642044057179e-06
1278.2 1.2983605394912766e-06
1279.2 1.2980548778625263e-06
1280.2 1.2977521633123812e-06
1281.2 1.2974474536813174e-06
1282.2 1.2971432193421444e-06
1283.2 1.2968394591836743e-06
1284.2 1.2965361720981816e-06
1285.2 1.2962333569813866e-06
1286.2 1.295931012732446e-06
1287.2 1.2956291382539351e-06
1288.2 1.2953277324518386e-06
1289.2 1.2950267942355356e-06
1290.2 1.2947263225177847e-06
1291.2 1.2944238676964575e-06
1292.2 1.2941243276223957e-06
1293.2 1.2938228060708936e-06
1294.2 1.2935241933200996e-06
1295.2 1.2932236007196521e-06
1296.2 1.292923471925099e-06
1297.2 1.29262624305682e-06
1298.2 1.2923270367821036e-06
1299.2 1.2920282911081793e-06
1300.2 1.2917300049722865e-06
1301.2 1.2914321773149302e-06
1302.2 1.2911348070798703e-06
1303.2 1.290837893214109e-06
1304.2 1.2905390105559529e-06
1305.2 1.2902430081399736e-06
1306.2 1.289947458950784e-06
1307.2 1.2896499433996023e-06
1308.2 1.2893552993954903e-06
1309.2 1.2890586906504943e-06
1310.2 1.2887649476849696e-06
1311.2 1.2884692416010477e-06
1312.2 1.2881739862198905e-06
1313.2 1.2878791805118693e-06
1314.2 1.2875872291168824e-06
1315.2 1.2872933178496451e-06
1316.2 1.286999853188193e-06
1317.2 1.2867068341153558e-06
1318.2 1.2864118612505077e-06
1319.2 1.2861197321337673e-06
1320.2 1.2858280455698474e-06
1321.2 1.2855368005538593e-06
1322.2 1.2852436049730996e-06
1323.2 1.2849532418575263e-06
1324.2 1.2846609297912338e-06
1325.2 1.2843714445819488e-06
1326.2 1.2840800120371522e-06
1327.2 1.2837890186613505e-06
1328.2 1.2834984634625942e-06
1329.2 1.2832107239704064e-06
1330.2 1.2829210403737312e-06
1331.2 1.2826317919988058e-06
1332.2 1.2823429778655482e-06
1333.2 1.2820545969968172e-06
1334.2 1.281764278813563e-06
1335.2 1.2814767633288862e-06
1336.2 1.2811896781921885e-06
1337.2 1.2809030224379862e-06
1338.2 1.2806144325818074e-06
1339.2 1.28032863447181e-06
1340.2 1.2800409038662492e-06
1341.2 1.279753602325117e-06
1342.2 1.2794690843705262e-06
1343.2 1.2791826363304194e-06
1344.2 1.2788966144888553e-06
1345.2 1.2786110178953453e-06
1346.2 1.278325845602227e-06
1347.2 1.278041096664651e-06
1348.2 1.2777567701405706e-06
1349.2 1.2774728650907327e-06
1350.2 1.2771893805786673e-06
1351.2 1.276906315670675e-06
1352.2 1.2766236694358198e-06
1353.2 1.2763391046122093e-06
1354.2 1.2760572946670662e-06
1355.2 1.2757735677304216e-06
1356.2 1.2754925903739616e-06
1357.2 1.275209697624e-06
1358.2 1.2749272214441312e-06
1359.2 1.2746474869351959e-06
1360.2 1.2743658394298225e-06
1361.2 1.2740846057468196e-06
1362.2 1.2738037849748176e-06
1363.2 1.2735233762051222e-06
1364.2 1.2732433785317029e-06
1365.2 1.2729637910511828e-06
1366.2 1.272684612862832e-06
1367.2 1.2724035306586846e-06
1368.2 1.2721251700531205e-06
1369.2 1.2718472160508368e-06
1370.2 1.2715673604146535e-06
1371.2 1.2712902186335212e-06
1372.2 1.2710111768063236e-06
1373.2 1.2707348436963028e-06
1374.2 1.2704566121285952e-06
1375.2 1.270178785202493e-06
1376.2 1.2699013620359108e-06
1377.2 1.2696266373685352e-06
1378.2 1.2693500174193145e-06
1379.2 1.2690737986011108e-06
1380.2 1.2687979800420263e-06
1381.2 1.2685225608726882e-06
1382.2 1.2682452529112546e-06
1383.2 1.2679706315769873e-06
1384.2 1.2676964070370187e-06
1385.2 1.2674202960707625e-06
1386.2 1.267146864190285e-06
1387.2 1.2668738265310882e-06
1388.2 1.2665989048123505e-06
1389.2 1.2663243788922283e-06
1390.2 1.2660525220690806e-06
1391.2 1.2657787835516211e-06
1392.2 1.265505438280128e-06
1393.2 1.2652347546633266e-06
1394.2 1.2649621917182083e-06
1395.2 1.2646900194883207e-06
1396.2 1.2644182371341384e-06
1397.2 1.2641468438185395e-06
1398.2 1.2638735775662056e-06
1399.2 1.2636029614420012e-06
1400.2 1.2633327318570397e-06
1401.2 1.2630628879837324e-06
1402.2 1.2627911743065266e-06
1403.2 1.262522100990016e-06
1404.2 1.2622511594352628e-06
1405.2 1.2619828533842693e-06
1406.2 1.2617126806609165e-06
1407.2 1.2614451386028708e-06
1408.2 1.2611757314385497e-06
1409.2 1.260906706628989e-06
1410.2 1.2606380633607835e-06
1411.2 1.2603698008228332e-06
1412.2 1.260101918206336e-06
1413.2 1.2598344147047787e-06
1414.2 1.2595672895139294e-06
1415.2 1.2593005418318288e-06
1416.2 1.2590341708587843e-06
1417.2 1.258768175797358e-06
1418.2 1.2585003265992439e-06
1419.2 1.2582350825485157e-06
1420.2 1.257967985914579e-06
1421.2 1.2577034897028505e-06
1422.2 1.2574371424614844e-06
1423.2 1.2571733909348851e-06
1424.2 1.2569077899322853e-06
1425.2 1.2566425616507107e-06
1426.2 1.2563799220546895e-06
1427.2 1.256115435312101e-06
1428.2 1.25585131894725e-06
1429.2 1.2555875721826856e-06
1430.2 1.2553241942431317e-06
1431.2 1.255061184355477e-06
1432.2 1.254798541748772e-06
1433.2 1.2545340597326608e-06
1434.2 1.2542721509216855e-06
1435.2 1.2540106070895441e-06
1436.2 1.2537472261601254e-06
1437.2 1.2534864115322879e-06
1438.2 1.2532237613478396e-06
1439.2 1.2529636728831954e-06
1440.2 1.2527017504025506e-06
1441.2 1.2524423850768703e-06
1442.2 1.2521811872757206e-06
1443.2 1.2519203514449162e-06
1444.2 1.2516598768325448e-06
1445.2 1.2513997626887765e-06
1446.2 1.2511400082658543e-06
1447.2 1.250880612818088e-06
1448.2 1.2506215756018476e-06
1449.2 1.250362895875555e-06
1450.2 1.2501045728996777e-06
1451.2 1.2498466059367221e-06
1452.2 1.249588994251226e-06
1453.2 1.2493295615476983e-06
1454.2 1.2490726597148768e-06
1455.2 1.2488139383911894e-06
1456.2 1.2485577434851787e-06
1457.2 1.2482997306152914e-06
1458.2 1.2480442397262797e-06
1459.2 1.2477869324001822e-06
1460.2 1.2475299775015965e-06
1461.2 1.2472733743069506e-06
1462.2 1.2470171220946527e-06
1463.2 1.2467633808386139e-06
1464.2 1.246507826958438e-06
1465.2 1.246250464165477e-06
1466.2 1.2459956087060032e-06
1467.2 1.2457411006503727e-06
1468.2 1.245486939288729e-06
1469.2 1.245233123913148e-06
1470.2 1.2449775034117183e-06
1471.2 1.2447243793538564e-06
1472.2 1.2444715991678295e-06
1473.2 1.2442170161265207e-06
1474.2 1.2439649230410224e-06
1475.2 1.243711028612925e-06
1476.2 1.2434574781686078e-06
1477.2 1.2432064112252801e-06
1478.2 1.2429535452068022e-06
1479.2 1.2427010210839689e-06
1480.2 1.2424488381638417e-06
1481.2 1.2421969957553539e-06
1482.2 1.2419454931693036e-06
1483.2 1.2416943297183477e-06
1484.2 1.2414435047169955e-06
1485.2 1.2411930174816029e-06
1486.2 1.2409428673303645e-06
1487.2 1.2406909277584228e-06
1488.2 1.2404414511658634e-06
1489.2 1.2401923096211046e-06
1490.2 1.2399413809043669e-06
1491.2 1.2396929088562225e-06
1492.2 1.239442651134122e-06
1493.2 1.2391948458914069e-06
1494.2 1.2389452564723508e-06
1495.2 1.2386960009075204e-06
1496.2 1.2384491915650558e-06
1497.2 1.2382006002909259e-06
1498.2 1.2379523408700525e-06
1499.2 1.2377044126383742e-06
1500.2 1.2374568149336013e-06
1501.2 1.2372095470952084e-06
1502.2 1.2369626084644289e-06
1503.2 1.2367159983842488e-06
1504.2 1.2364676143999253e-06
1505.2 1.2362216608532459e-06
1506.2 1.235976033894731e-06
1507.2 1.2357307328743245e-06
1508.2 1.235483660918543e-06
1509.2 1.2352390112200403e-06
1510.2 1.2349925920688975e-06
1511.2 1.2347485911053383e-06
1512.2 1.234502822171374e-06
1513.2 1.2342573780707882e-06
1514.2 1.234012258160006e-06
1515.2 1.2337695483380538e-06
1516.2 1.2335250735067827e-06
1517.2 1.233280920946578e-06
1518.2 1.233037090020625e-06
1519.2 1.2327935800937846e-06
1520.2 1.2325503905325894e-06
1521.2 1.232307520705237e-06
1522.2 1.2320649699815868e-06
1523.2 1.2318206621509735e-06
1524.2 1.231578749112667e-06
1525.2 1.2313371532957589e-06
1526.2 1.2310938025744219e-06
1527.2 1.2308528406876948e-06
1528.2 1.23061012536359e-06
1529.2 1.230369794918783e-06
1530.2 1.2301277125030675e-06
1531.2 1.2298880110249207e-06
1532.2 1.2296465590417372e-06
1533.2 1.2294054220233114e-06
1534.2 1.229164599353756e-06
1535.2 1.2289240904187878e-06
1536.2 1.2286838946057247e-06
1537.2 1.2284440113034773e-06
1538.2 1.228204439902546e-06
1539.2 1.227965179795015e-06
1540.2 1.2277262303745478e-06
1541.2 1.2274875910363804e-06
1542.2 1.2272492611773185e-06
1543.2 1.22700919151327e-06
1544.2 1.2267714801357787e-06
1545.2 1.2265340764354522e-06
1546.2 1.2262949351077987e-06
1547.2 1.226058146293995e-06
1548.2 1.225819621303247e-06
1549.2 1.2255834449935953e-06
1550.2 1.2253455339567123e-06
1551.2 1.225107929664333e-06
1552.2 1.2248706315235993e-06
1553.2 1.2246356744355665e-06
1554.2 1.2243989855159823e-06
1555.2 1.2241626009802966e-06
1556.2 1.2239265202417266e-06
1557.2 1.2236907427149963e-06
1558.2 1.2234552678163327e-06
1559.2 1.2232180673039084e-06
1560.2 1.2229831972156594e-06
1561.2 1.2227486280114586e-06
1562.2 1.2225143591134982e-06
1563.2 1.22227836747438e-06
1564.2 1.222044698754359e-06
1565.2 1.2218113286143535e-06
1566.2 1.221576237885347e-06
1567.2 1.2213434644791015e-06
1568.2 1.221108971917161e-06
1569.2 1.22087477822415e-06
1570.2 1.2206428962838835e-06
1571.2 1.2204092973356655e-06
1572.2 1.2201759955493206e-06
1573.2 1.219942990358178e-06
1574.2 1.219710281197008e-06
1575.2 1.219477867502015e-06
1576.2 1.2192457487108352e-06
1577.2 1.21901392426253e-06
1578.2 1.2187823935975837e-06
1579.2 1.2185511561578968e-06
1580.2 1.2183202113867832e-06
1581.2 1.2180875592812201e-06
1582.2 1.2178571994465362e-06
1583.2 1.2176271306172015e-06
1584.2 1.21739535658075e-06
1585.2 1.2171658693692078e-06
1586.2 1.2169346783672542e-06
1587.2 1.216705770573956e-06
1588.2 1.2164751604061538e-06
1589.2 1.2162448404600582e-06
1590.2 1.2160167983196883e-06
1591.2 1.2157870559263692e-06
1592.2 1.2155576021178932e-06
1593.2 1.2153284363508538e-06
1594.2 1.2150995580832082e-06
1595.2 1.2148709667742736e-06
1596.2 1.2146426618847213e-06
1597.2 1.214414642876573e-06
1598.2 1.2141869092131982e-06
1599.2 1.213959460359307e-06
1600.2 1.213730320073679e-06
1601.2 1.2135034404721282e-06
1602.2 1.2132768440806652e-06
1603.2 1.2130485583591187e-06
1604.2 1.2128225280285563e-06
1605.2 1.2125948097674476e-06
1606.2 1.2123693433823791e-06
1607.2 1.2121421904654522e-06
1608.2 1.2119172859209956e-06
1609.2 1.2116906962425071e-06
1610.2 1.2114643880069179e-06
1611.2 1.2112383606901916e-06
1612.2 1.2110145747711867e-06
1613.2 1.2107891065096728e-06
1614.2 1.210563917604201e-06
1615.2 1.210339007535908e-06
1616.2 1.2101143757872142e-06
1617.2 1.209890021841821e-06
1618.2 1.2096659451847051e-06
1619.2 1.2094401927781704e-06
1620.2 1.2092166703627394e-06
1621.2 1.2089934236966492e-06
1622.2 1.2087685033568806e-06
1623.2 1.2085458078615257e-06
1624.2 1.208323386587936e-06
1625.2 1.208099293714404e-06
1626.2 1.2078774205632434e-06
1627.2 1.2076538771930123e-06
1628.2 1.2074306084123534e-06
1629.2 1.2072095542550274e-06
1630.2 1.2069868319474998e-06
1631.2 1.2067643827178384e-06
1632.2 1.206542206064123e-06
1633.2 1.2063203014856633e-06
1634.2 1.2061006030851073e-06
1635.2 1.2058792399768873e-06
1636.2 1.2056581474506354e-06
1637.2 1.2054353939533835e-06
1638.2 1.2052148422836059e-06
1639.2 1.2049945597105458e-06
1640.2 1.2047745457420133e-06
1641.2 1.2045547998870179e-06
1642.2 1.204333396478093e-06
1643.2 1.204114186553583e-06
1644.2 1.203895243275375e-06
1645.2 1.2036746444901055e-06
1646.2 1.2034562342143392e-06
1647.2 1.2032361697944362e-06
1648.2 1.2030163724105965e-06
1649.2 1.2027987585833549e-06
1650.2 1.2025794926538718e-06
1651.2 1.202360492308121e-06
1652.2 1.202141757063866e-06
1653.2 1.2019251988080347e-06
1654.2 1.2017069911686573e-06
1655.2 1.2014890471924502e-06
1656.2 1.2012713664018194e-06
1657.2 1.2010539483203255e-06
1658.2 1.2008367924726775e-06
1659.2 1.2006179929322386e-06
1660.2 1.2004013612787136e-06
1661.2 1.200184990438641e-06
1662.2 1.199968879941295e-06
1663.2 1.1997511284472085e-06
1664.2 1.1995355383698759e-06
1665.2 1.1993202072284995e-06
1666.2 1.1991032371095153e-06
1667.2 1.1988884235806287e-06
1668.2 1.1986719724185353e-06
1669.2 1.1984557806036289e-06
1670.2 1.1982417405731813e-06
1671.2 1.1980260649235902e-06
1672.2 1.1978106472283702e-06
1673.2 1.1975954870250165e-06
1674.2 1.1973824722327127e-06
1675.2 1.1971678245027364e-06
1676.2 1.1969534328850738e-06
1677.2 1.196739296921618e-06
1678.2 1.1965254161553534e-06
1679.2 1.196311790130354e-06
1680.2 1.196096536754609e-06
1681.2 1.1958834199679219e-06
1682.2 1.19567055655989e-06
1683.2 1.1954579460789114e-06
1684.2 1.1952437109062028e-06
1685.2 1.1950316060427268e-06
1686.2 1.1948197527566008e-06
1687.2 1.1946062767700231e-06
1688.2 1.1943949264076293e-06
1689.2 1.1941819546705914e-06
1690.2 1.1939692349412886e-06
1691.2 1.1937586361712055e-06
1692.2 1.1935464180126141e-06
1693.2 1.1933344505251292e-06
1694.2 1.1931227332648755e-06
1695.2 1.1929131307765035e-06
1696.2 1.1927019115437635e-06
1697.2 1.192490941214197e-06
1698.2 1.1922802193480968e-06
1699.2 1.1920697455067921e-06
1700.2 1.1918595192526434e-06
1701.2 1.1916476817392275e-06
1702.2 1.1914379504423553e-06
1703.2 1.1912284654246008e-06
1704.2 1.1910192262524253e-06
1705.2 1.1908083784428883e-06
1706.2 1.1905996307519728e-06
1707.2 1.1903911276108359e-06
1708.2 1.19018101779572e-06
1709.2 1.1899730035495273e-06
1710.2 1.1897633839365464e-06
1711.2 1.189555856870316e-06
1712.2 1.1893467257434378e-06
1713.2 1.1891378387574971e-06
1714.2 1.1889310398013925e-06
1715.2 1.188722638741241e-06
1716.2 1.1885144805444623e-06
1717.2 1.1883065647867668e-06
1718.2 1.1880988910448523e-06
1719.2 1.1878914588964025e-06
1720.2 1.1876842679200818e-06
1721.2 1.187477317695535e-06
1722.2 1.1872706078033818e-06
1723.2 1.1870641378252168e-06
1724.2 1.186857907343605e-06
1725.2 1.1866500833854043e-06
1726.2 1.1864443317100736e-06
1727.2 1.1862388182835565e-06
1728.2 1.1860317133167544e-06
1729.2 1.185826676206017e-06
1730.2 1.1856218761050019e-06
1731.2 1.185415486397603e-06
1732.2 1.1852093349879844e-06
1733.2 1.1850052455617448e-06
1734.2 1.184799568459389e-06
1735.2 1.1845959504170712e-06
1736.2 1.1843907459845399e-06
1737.2 1.1841857777993403e-06
1738.2 1.183981045453728e-06
1739.2 1.183776548540896e-06
1740.2 1.183572286654972e-06
1741.2 1.183368259391017e-06
1742.2 1.1831644663450205e-06
1743.2 1.1829609071139004e-06
1744.2 1.1827575812954977e-06
1745.2 1.1825544884885762e-06
1746.2 1.1823516282928182e-06
1747.2 1.1821490003088229e-06
1748.2 1.1819447956912583e-06
1749.2 1.1817426319701087e-06
1750.2 1.1815406992668096e-06
1751.2 1.1813371918368276e-06
1752.2 1.1811357210131886e-06
1753.2 1.1809326767323702e-06
1754.2 1.1807316662078715e-06
1755.2 1.1805290834946049e-06
1756.2 1.1803285316959267e-06
1757.2 1.1801264089757964e-06
1758.2 1.1799245161757207e-06
1759.2 1.179722852903612e-06
1760.2 1.1795232148862008e-06
1761.2 1.1793220084775e-06
1762.2 1.179121030426998e-06
1763.2 1.178920280346154e-06
1764.2 1.1787197578473083e-06
1765.2 1.1785194625436799e-06
1766.2 1.1783193940493639e-06
1767.2 1.1781195519793284e-06
1768.2 1.177918147957798e-06
1769.2 1.1777187585953316e-06
1770.2 1.1775195945061256e-06
1771.2 1.1773206553086192e-06
1772.2 1.1771201566661412e-06
1773.2 1.176921667116861e-06
1774.2 1.1767216193736485e-06
1775.2 1.1765235779521234e-06
1776.2 1.1763239795866e-06
1777.2 1.176126384779204e-06
1778.2 1.175927234276634e-06
1779.2 1.1757300845765477e-06
1780.2 1.1755313804289982e-06
1781.2 1.1753328993941227e-06
1782.2 1.1751346410963533e-06
1783.2 1.1749383781122717e-06
1784.2 1.1747405631716805e-06
1785.2 1.1745429698476482e-06
1786.2 1.1743455977679604e-06
1787.2 1.1741484465612352e-06
1788.2 1.1739515158569226e-06
1789.2 1.1737548052852995e-06
1790.2 1.1735565484587162e-06
1791.2 1.1733602780325498e-06
1792.2 1.1731642266337529e-06
1793.2 1.1729683938958964e-06
1794.2 1.172771017371785e-06
1795.2 1.1725756218413356e-06
1796.2 1.1723804438763364e-06
1797.2 1.1721837239734091e-06
1798.2 1.1719889810288731e-06
1799.2 1.171792697376865e-06
1800.2 1.1715983880022023e-06
1801.2 1.1714025391494006e-06
1802.2 1.1712069076407924e-06
1803.2 1.1710132464015888e-06
1804.2 1.1708180475255962e-06
1805.2 1.1706230649124841e-06
1806.2 1.1704282982030516e-06
1807.2 1.1702337470388932e-06
1808.2 1.170041159501049e-06
1809.2 1.1698470373889743e-06
1810.2 1.1696531297527723e-06
1811.2 1.169459436237193e-06
1812.2 1.16926421190838e-06
1813.2 1.1690709465335878e-06
1814.2 1.1688778942173063e-06
1815.2 1.1686850546074113e-06
1816.2 1.168492427352554e-06
1817.2 1.1682982723229533e-06
1818.2 1.1681060696840867e-06
1819.2 1.167914078349792e-06
1820.2 1.1677205610600504e-06
1821.2 1.1675289922445858e-06
1822.2 1.1673358986847777e-06
1823.2 1.1671447509970039e-06
1824.2 1.16695207977486e-06
1825.2 1.166759619676124e-06
1826.2 1.166569101559083e-06
1827.2 1.1663770617199868e-06
1828.2 1.166185231967138e-06
1829.2 1.165993611955983e-06
1830.2 1.1658039287641895e-06
1831.2 1.1656127262624408e-06
1832.2 1.1654217324742626e-06
1833.2 1.1652309470580984e-06
1834.2 1.1650403696731372e-06
1835.2 1.1648499999793103e-06
1836.2 1.1646598376372902e-06
1837.2 1.1644681614687466e-06
1838.2 1.1642784137514651e-06
1839.2 1.1640888723714143e-06
1840.2 1.1638995369922114e-06
1841.2 1.1637086901769803e-06
1842.2 1.1635197667253381e-06
1843.2 1.1633310482687611e-06
1844.2 1.1631408201658003e-06
1845.2 1.1629525116287294e-06
1846.2 1.1627626946366157e-06
1847.2 1.1625747946869218e-06
1848.2 1.1623853874723898e-06
1849.2 1.162196185110999e-06
1850.2 1.1620088960192526e-06
1851.2 1.1618201014453382e-06
1852.2 1.1616315107312378e-06
1853.2 1.161443123546939e-06
1854.2 1.1612549395631409e-06
1855.2 1.161066958451253e-06
1856.2 1.1608808831086773e-06
1857.2 1.1606933058405749e-06
1858.2 1.1605042290717525e-06
1859.2 1.1603170561757311e-06
1860.2 1.1601300845192494e-06
1861.2 1.159943313777937e-06
1862.2 1.1597567436281202e-06
1863.2 1.1595703737468193e-06
1864.2 1.1593825078956597e-06
1865.2 1.1591965384944659e-06
1866.2 1.1590107683960274e-06
1867.2 1.1588235040888397e-06
1868.2 1.1586381325422708e-06
1869.2 1.1584512679592794e-06
1870.2 1.1582662936853138e-06
1871.2 1.1580798275461143e-06
1872.2 1.1578952492709527e-06
1873.2 1.1577091803006048e-06
1874.2 1.1575233098885434e-06
1875.2 1.157339323684885e-06
1876.2 1.1571538485384885e-06
1877.2 1.1569685710003872e-06
1878.2 1.1567834907549475e-06
1879.2 1.156598607487206e-06
1880.2 1.15641392088287e-06
1881.2 1.1562294306283158e-06
1882.2 1.1560451364105847e-06
1883.2 1.1558610379173841e-06
1884.2 1.1556771348370838e-06
1885.2 1.1554934268587142e-06
1886.2 1.1553099136719665e-06
1887.2 1.1551265949671887e-06
1888.2 1.1549417960752675e-06
1889.2 1.1547588662943762e-06
1890.2 1.15457613006949e-06
1891.2 1.154391915389484e-06
1892.2 1.1542095662396191e-06
1893.2 1.1540274097256615e-06
1894.2 1.1538437764860437e-06
1895.2 1.153660337034142e-06
1896.2 1.153478758359414e-06
1897.2 1.1532957046849895e-06
1898.2 1.1531145094207027e-06
1899.2 1.1529318403062442e-06
1900.2 1.1527493634548264e-06
1901.2 1.1525670785630668e-06
1902.2 1.1523866473652179e-06
1903.2 1.1522047446118956e-06
1904.2 1.1520230329128248e-06
1905.2 1.151841511967165e-06
1906.2 1.151660181474706e-06
1907.2 1.1514790411358673e-06
1908.2 1.1512980906516965e-06
1909.2 1.1511173297238684e-06
1910.2 1.1509351029783674e-06
1911.2 1.1507547211367304e-06
1912.2 1.1505745279592935e-06
1913.2 1.1503945231502208e-06
1914.2 1.1502130547965055e-06
1915.2 1.1500334267014997e-06
1916.2 1.1498539860901545e-06
1917.2 1.1496730836357305e-06
1918.2 1.1494940179718818e-06
1919.2 1.1493134915976093e-06
1920.2 1.149134799709079e-06
1921.2 1.1489546482416415e-06
1922.2 1.1487763289611298e-06
1923.2 1.148596551232088e-06
1924.2 1.1484169603627584e-06
1925.2 1.1482375560619612e-06
1926.2 1.1480599793675266e-06
1927.2 1.1478809464810075e-06
1928.2 1.147702099293987e-06
1929.2 1.1475234375176934e-06
1930.2 1.147344960863953e-06
1931.2 1.1471666690451897e-06
1932.2 1.1469885617744222e-06
1933.2 1.1468106387652632e-06
1934.2 1.1466328997319175e-06
1935.2 1.1464553443891809e-06
1936.2 1.1462779724524385e-06
1937.2 1.14609915162921e-06
1938.2 1.145922146494982e-06
1939.2 1.145745323915554e-06
1940.2 1.1455686836086538e-06
1941.2 1.145390596647025e-06
1942.2 1.1452143208792468e-06
1943.2 1.1450365995704857e-06
1944.2 1.1448606872162516e-06
1945.2 1.1446833304336473e-06
1946.2 1.1445077803720064e-06
1947.2 1.1443307869934746e-06
1948.2 1.1441539753143354e-06
1949.2 1.1439789670161381e-06
1950.2 1.1438025170657118e-06
1951.2 1.1436262479782932e-06
1952.2 1.1434501594759451e-06
1953.2 1.1432758699208522e-06
1954.2 1.1431001409288214e-06
1955.2 1.1429245916923065e-06
1956.2 1.1427492219356366e-06
1957.2 1.1425740313837047e-06
1958.2 1.142399019761966e-06
1959.2 1.1422241867964356e-06
1960.2 1.142049532213688e-06
1961.2 1.1418734437039527e-06
1962.2 1.1416991458902695e-06
1963.2 1.141525025641596e-06
1964.2 1.1413510826867307e-06
1965.2 1.1411757079992863e-06
1966.2 1.1410021196388425e-06
1967.2 1.140828707761075e-06
1968.2 1.1406538657933685e-06
1969.2 1.1404808068902106e-06
1970.2 1.1403063189905207e-06
1971.2 1.1401336119870222e-06
1972.2 1.1399594770792717e-06
1973.2 1.1397871209048418e-06
1974.2 1.139613337917311e-06
1975.2 1.139439730894733e-06
1976.2 1.1392662995699815e-06
1977.2 1.1390946426683656e-06
1978.2 1.1389215611317428e-06
1979.2 1.1387486544956217e-06
1980.2 1.1385759224950288e-06
1981.2 1.1384033648655244e-06
1982.2 1.1382309813432036e-06
1983.2 1.138058771664693e-06
1984.2 1.1378867355671508e-06
1985.2 1.1377148727882638e-06
1986.2 1.1375431830662485e-06
1987.2 1.137371666139847e-06
1988.2 1.1372003217483277e-06
1989.2 1.137027560285629e-06
1990.2 1.1368565609823605e-06
1991.2 1.1366857334341178e-06
1992.2 1.136515077382259e-06
1993.2 1.1363430064123439e-06
1994.2 1.1361726933747896e-06
1995.2 1.136000966493661e-06
1996.2 1.1358309954388707e-06
1997.2 1.1356596116138703e-06
1998.2 1.1354899815144344e-06
1999.2 1.1353189397170322e-06
