# wavelength (nm)
# intensity (erg s-1 cm-2 nm-1 sr-1)
col1 col2
9.09000015258789 0.0
9.350000762939453 0.0
9.60999984741211 0.0
9.770000457763672 0.0
9.95999984741211 0.0
10.200000000000001 0.0
10.380000305175782 0.0
10.560000610351564 0.0
10.770000457763672 0.0
11.040000152587892 0.0
11.4 0.0
11.779999542236329 0.0
12.130000305175782 0.0
12.479999542236328 0.0
12.70999984741211 0.0
12.840000915527344 0.0
13.05 0.0
13.239999389648439 0.0
13.390000915527345 0.0
13.660000610351563 0.0
13.980000305175782 0.0
14.330000305175782 0.0
14.719999694824219 0.0
15.100000000000001 0.0
15.520001220703126 0.0
15.880000305175782 0.0
16.200001525878907 0.0
16.6 0.0
17.030000305175783 0.0
17.340000915527344 0.0
17.68000030517578 0.0
18.020001220703126 0.0
18.16999969482422 0.0
18.610000610351562 0.0
19.1 0.0
19.389999389648438 0.0
19.840000915527344 0.0
20.18000030517578 0.0
20.5 0.0
21.05 0.0
21.620001220703127 0.0
21.980000305175782 0.0
22.3 0.0
22.68000030517578 0.0
23.0 0.0
23.400000000000002 0.0
24.0 0.0
24.650000000000002 0.0
25.23999938964844 0.0
25.68000183105469 0.0
26.0 0.0
26.400000000000002 0.0
26.85 0.0
27.35 0.0
27.85 0.0
28.400000000000002 0.0
29.0 0.0
29.6 0.0
30.1 0.0
30.8 0.0
31.8 0.0
32.800000000000004 0.0
33.800000000000004 0.0
34.800000000000004 0.0
35.7 0.0
36.6 0.0
37.5 0.0
38.5 0.0
39.5 0.0
40.5 0.0
41.400003051757814 0.0
42.2 0.0
43.0 0.0
44.1 0.0
45.1 0.0
46.0 0.0
47.0 0.0
48.0 0.0
49.0 0.0
50.0 0.0
50.6 0.01942523142228816
51.2 0.04964216469768829
52.0 0.07620096397236167
53.0 0.12971656926545305
54.0 0.1987328560640816
55.0 0.3494639726990252
56.0 0.5513276997296825
57.0 0.8673591771019648
58.0 1.2309495936881303
59.0 2.0242242701839053
60.0 3.0237410621276624
61.0 4.52597324763522
62.0 6.442887846586625
63.0 9.289264453622165
64.0 12.83047696383301
65.0 18.142237672541334
65.80000610351563 23.597640295134656
66.5 28.960682064131436
67.5 39.23277051709332
68.5 53.22504140926809
69.5 71.85462825728798
70.5 94.55234863031863
71.60000000000001 127.10846048738256
72.60000000000001 166.59692293060485
73.5 207.78069296733767
74.5 269.4014575458988
75.5 343.8837901093948
76.5 434.9674772577764
77.5 552.4518794268101
78.5 694.262586203293
79.5 850.7701115452159
80.5 1057.4682225647462
81.5 1294.7193422030723
82.5 1582.8607017411857
83.5 1896.9843194480814
84.5 2334.9411489038794
85.5 2815.410921422732
86.5 3396.2534140760667
87.5 4045.8927291149867
88.5 4870.478141755701
89.5 5753.7418370528585
90.5 6629.056722118496
91.5 149834.5063409558
92.5 911264.206780198
93.5 1929495.0582067068
94.5 14011636.724990787
95.5 49006194.30214096
96.5 70052735.75125189
97.5 13624969.790749026
98.5 89082631.28264315
99.5 81341659.52673727
100.5 126099721.91885798
101.5 144270569.09561414
102.5 17486625.752459228
103.5 44894512.29103111
104.5 182506894.8212742
105.5 220650987.0743136
106.5 174854865.21376577
107.5 223272663.69129598
108.5 132515079.42135601
109.5 234908443.38355812
110.5 332495302.5995941
111.5 347836285.7614082
112.5 324388280.8407746
113.5 432421790.40866274
114.5 408569913.9044391
115.5 481187221.479092
116.5 537637569.9344702
117.5 457215482.20412695
118.5 445859254.9863069
119.5 58647469.71236635
120.5 94829442.53118938
121.5 11505324.364283279
122.5 164106024.18836617
123.5 570209787.6862123
124.5 764787477.2226027
125.5 705139005.6787589
126.5 449363312.07258165
127.5 850345915.1355712
128.5 926416121.0315914
129.5 681200065.0544661
130.5 587852355.0434624
131.5 843505461.1462724
132.5 850868707.2926395
133.5 590728705.0341827
134.5 953787817.3276536
135.5 928985110.9962126
136.5 765496977.226511
137.5 893054800.3396043
138.5 925403233.5089637
139.5 910057437.5016705
140.5 929436245.2317032
141.5 842529039.204206
142.5 901787797.5881974
143.5 855370882.322823
144.20000000000002 934716114.975811
144.70000000000002 986685271.3887029
145.5 946353320.6963632
146.5 865033038.861582
147.5 830965375.7997576
148.5 889660954.8683218
149.5 917770722.663676
150.5 887429118.7351464
151.20000000000002 784394704.126961
151.70000000000002 867400245.8231536
152.5 798535862.7361895
153.5 699661223.5798174
154.5 822781908.7386721
155.5 748010712.7557726
156.5 731651876.4371063
157.5 741872170.2626954
158.5 821587100.7498927
159.5 844525275.0920235
160.5 794256351.8375891
161.5 809530897.359959
162.5 741107055.1554732
163.5 785787475.4001559
164.5 799904697.1059433
165.5 708506520.5562562
166.5 786448184.8647099
167.20000000000002 599245404.3489162
167.70000000000002 757601822.5279354
168.5 837409801.3610619
169.5 787300796.9934464
170.5 728694803.0592498
171.5 665527301.132085
172.5 664603744.0959159
173.5 711540752.2505237
174.5 705358257.5283623
175.5 780817053.7950006
176.5 682014887.433515
177.5 722461378.755299
178.5 734110654.7867353
179.5 799477856.2809663
180.5 782896101.1828077
181.5 727734474.8650287
182.5 728890321.7237393
183.5 693723649.2164812
184.5 637715013.0239626
185.5 589979785.5339694
186.5 617508548.6602702
187.5 722887557.4957126
188.5 661594315.1079798
189.5 622639143.8001533
190.5 667700924.753275
191.5 636989419.2722089
192.5 632734762.0095218
193.5 667654935.3409193
194.5 675499567.8943597
195.5 631991852.1999599
196.70000000000002 701090918.7998097
197.60001220703126 722774188.2466495
198.4 676195418.7703483
199.5 641627423.4970248
200.5 671113512.3106561
201.5 628554818.4433199
202.5 680396141.6059204
203.5 626786492.4340099
204.5 659812034.3932595
205.5 617868569.8739395
206.5 624103674.8540894
207.4 669534644.3456026
207.8 629204934.5548617
208.5 654613244.5433605
209.5 613174390.3204099
210.5 612084904.7067709
211.5 617502742.6879462
212.5 626934493.79869
213.5 558120734.7160244
214.5 590094886.3888135
215.5 620097248.3730439
216.5 588619303.6156291
217.5 576919912.8757119
218.5 556166210.1556923
219.5 597242394.8267206
220.5 571391099.3358176
221.5 532660374.6949368
222.5 501432086.74745363
223.5 556442757.7848089
224.5 505754633.1426659
225.5 485926830.2195777
226.5 503606015.9461344
227.5 523887244.93589365
228.5 539178444.4315087
229.5 512895011.4391225
230.5 487351025.0447367
231.5 456455409.1255019
232.5 310505895.43661815
233.5 420879924.86522025
234.5 409033169.38039553
235.5 449286815.84073395
236.5 402122840.0048817
237.5 415474946.60344684
238.5 377445394.9798518
239.5 420418528.3189991
240.5 391169516.7085976
241.5 403861372.20884484
242.5 428984043.63787776
243.5 406163312.91135335
244.5 441412389.48194665
245.5 423766715.4202074
246.5 427361223.4437401
247.5 404710521.12601966
248.5 436831579.1774803
249.5 422828592.52364653
250.5 455826225.07207555
251.3 405086508.76357996
251.8 430090488.80225265
252.5 397935027.8182933
253.5 404327912.64282674
254.5 388465206.8451619
255.5 413122483.7558032
256.5 404257273.3128848
257.5 439355903.8988722
258.5 427905609.7434871
259.5 426635171.32575035
260.5 404784750.9914777
261.5 401738627.2398624
262.5 417626670.5044674
263.5 419255576.78362894
264.5 450767084.13544303
265.5 442997318.06723297
266.5 410528054.4650782
267.5 430415012.09741473
268.5 420669560.22763914
269.5 408646028.16442335
270.5 420371876.82208
271.5 399694975.9113989
272.5 403081054.6214585
273.5 426494198.2433573
274.5 370333078.88296115
275.5 369892996.3667189
276.5 382758521.74086803
277.5 402032032.56055117
278.5 404228931.000619
279.5 354822474.7489974
280.5 378641221.56026703
281.5 407394561.0159032
282.5 404785922.37185884
283.5 382695725.5665217
284.5 369898573.1559248
285.5 373660053.81335413
286.5 387141088.6482191
287.5 375414170.46934485
288.5 381482277.35080725
289.5 373535912.95774245
291.0 395354731.48651475
293.0 383180218.6780843
295.0 378491335.8010608
297.0 376299835.89666265
299.0 374146303.99548846
301.0 380236030.4844205
303.0 374527613.77434576
305.0 367917437.8891078
307.0 361936955.35311407
309.0 362949868.34053266
311.0 352568789.82523435
313.0 348873110.187477
315.0 348614413.3767777
317.0 341884425.65038013
319.0 329497536.4858878
321.0 333626525.0055095
323.0 329082434.9295133
325.0 325146851.4967369
327.0 323519956.9360561
329.0 320146890.7341437
331.0 318900185.5015208
333.0 313372441.482844
335.0 307745181.0613507
337.0 304541430.25409716
339.0 299628202.56929135
341.0 299315596.796268
343.0 295376550.1519299
345.0 292153216.92047834
347.0 287092166.12452877
349.0 284116325.19578284
351.0 283574205.26242554
353.0 281481508.7466988
355.0 278480584.9989216
357.0 274583453.4003962
359.0 270885863.90332174
361.0 268311373.54386723
363.0 264694023.60290194
364.0 264178361.5872842
365.0 263893970.80257216
367.0 246348551.62258536
369.0 253425879.09678665
371.0 320381930.7541018
373.0 331978520.133177
375.0 390321921.1436674
377.0 389077074.84077984
379.0 413866946.9176099
381.0 440226952.53621644
383.0 382512455.4664525
385.0 441765484.2724926
387.0 445538296.7618701
389.0 362558016.138245
391.0 436625976.4557964
393.0 425166616.8348528
395.0 426559515.4320022
397.0 338259334.4129829
399.0 413003104.81608886
401.0 408632608.21962184
403.0 396317096.8640074
405.0 399723420.0828283
407.0 391497223.10262156
409.0 373663135.05305237
411.0 320480810.537146
413.0 368991135.3323921
415.0 369760121.0878303
417.0 364980456.2312672
419.0 361538609.6291482
421.0 357198365.2042641
423.0 351818011.39528584
425.0 346356883.26958954
427.0 339009323.4344137
429.0 337908225.8761267
431.0 331616283.4826998
433.0 308454273.6286046
435.0 275573091.56893706
437.0 318334052.2703498
439.0 310997365.90088594
441.0 311136480.0535437
443.0 305012427.0264856
445.0 303024747.3084087
447.0 294743724.6334056
449.0 291481379.3423034
451.0 289515039.1189962
453.0 285576399.91131246
455.0 279989806.76087797
457.0 280053646.991651
459.0 274251698.10462004
461.0 273014185.6615101
463.0 266414832.3124024
465.0 265594916.97517475
467.0 261546117.0820805
469.0 258878603.84148768
471.0 252225163.2765196
473.0 251377695.0355439
475.0 247923294.2915138
477.0 246536405.38501558
479.0 243159646.78842345
481.0 239164373.88578987
483.0 235645750.93912336
485.0 222156822.019081
487.0 194301600.27351016
489.0 227090166.88869363
491.0 224709183.475248
493.0 219347164.3157139
495.0 219288748.08540148
497.0 217005473.0746188
499.0 213684991.66590396
501.0 207424574.68360475
503.0 207084123.161738
505.0 202139115.4178956
507.0 202630484.02299976
509.0 200134017.78284666
511.0 197015968.72934926
513.0 195448572.65259394
515.0 191817509.92173186
517.0 189582579.81646279
519.0 188251127.75974232
521.0 184562145.36199024
523.0 182703903.17603105
525.0 181651723.48105282
527.0 178285087.13884133
529.0 178105101.99679756
531.0 174781972.24982968
533.0 173837877.859804
535.0 171717310.13044304
537.0 169918731.94955015
539.0 167828352.72979486
541.0 165626934.2893432
543.0 163613980.76630327
545.0 162146865.03609127
547.0 159995446.71256137
549.0 158483703.93630642
551.0 156547284.8423005
553.0 155085631.30973542
555.0 153420985.19655323
557.0 151642855.2427488
559.0 149985988.62318492
561.0 148537449.45793062
563.0 147030010.23133686
565.0 144311771.12728179
567.0 143069815.07816076
569.0 141923224.6709404
571.0 140458133.39160454
573.0 138966189.49027023
575.0 137431706.65574628
577.0 135947542.2480303
579.0 134194418.71888445
581.0 132854716.06991412
583.0 131440210.59769058
585.0 130045453.0708059
587.0 126952601.42789882
589.0 126864467.78661226
591.0 125847620.48900041
593.0 124648929.11960949
595.0 122530283.98196107
597.0 121730893.26619455
599.0 120062070.92730562
601.0 119382173.7428125
603.0 118072137.57523449
605.0 116786624.00128807
607.0 115523583.10530624
609.0 114295607.22638641
611.0 113227359.24835362
613.0 111996684.10159895
615.0 110045597.28803767
617.0 109616833.87134811
619.0 108562247.75363031
621.0 107428746.24892984
623.0 106159269.12704937
625.0 104398799.0057304
627.0 104127337.96859513
629.0 102997917.19663553
631.0 101731635.90601236
633.0 100875815.21362317
635.0 98677083.3086109
637.0 97999318.80035521
639.0 97748051.34239945
641.0 96648717.22088194
643.0 95913555.07394958
645.0 94567339.80470791
647.0 94015097.61696994
649.0 92869984.16762148
651.0 91843262.89734021
653.0 90692375.30665638
655.0 87042379.50376408
656.124755859375 75393861.04985687
659.0 87630514.31426814
661.0 87553890.75846599
663.0 86729092.54758427
665.0 85983126.96311483
667.0 84798447.59491372
669.0 83996122.06199658
671.0 83450863.59316148
673.0 82633921.27027078
675.0 81858091.85227957
677.0 81096509.98479396
679.0 80242331.77141748
681.0 79492438.24295254
683.0 78625272.98621976
685.0 77938073.77293758
687.0 77230878.33260532
689.0 76492673.14316104
691.0 75760439.44718158
693.0 74891803.59877463
695.0 74336015.43890457
697.0 73663184.7338847
699.0 73001736.7903948
701.0 72253886.81139915
703.0 71607991.48894817
705.0 70722154.17429185
707.0 69899151.23116821
709.0 69666383.94379745
711.0 68915618.24624437
713.0 68293653.46103668
715.0 67698668.62178195
717.0 67092918.54217647
719.0 66495177.13930738
721.0 65898409.764690004
723.0 65046841.692380235
725.0 64637125.93927991
727.0 64106146.851939
729.0 63402872.98940454
731.0 62911657.17304571
733.0 62371294.31026011
735.0 61852525.59015321
737.0 61286570.61251843
739.0 60736817.60809041
741.0 60161510.68599955
743.0 59538298.12603803
745.0 59051615.04245846
747.0 58418846.8197137
749.0 57992922.7272089
751.0 57446314.62445637
753.0 57024191.15199259
755.0 56521567.10931294
757.0 56037054.899157144
759.0 55522519.7005365
761.0 55083010.14208937
763.0 54583486.43770114
765.0 54062807.85827714
767.0 53617142.18663122
769.0 53140899.66731848
771.0 52646679.00563408
773.0 52233121.25220751
775.0 51776203.32608499
777.0 50656895.25920945
779.0 50893116.208845295
781.0 50492227.18888885
783.0 50050756.841542825
785.0 49425328.844773464
787.0 48985672.86377869
789.0 48522856.65546518
791.0 48339121.82296217
793.0 47963067.34032578
795.0 47383377.29110217
797.0 47146809.38369038
799.0 46434902.957042605
801.0 46364043.99327923
803.0 45969718.52317589
805.0 45578741.6730752
807.0 45208556.82474004
809.0 44812159.157277636
811.0 44432787.88562721
813.0 44085632.757557444
815.0 43718780.61373063
817.0 43377441.00728144
819.0 42963825.95807536
821.0 42511908.680264786
823.0 42089549.658485234
825.0 42002011.25668583
827.0 41655324.04414876
829.0 41002648.72112206
831.0 40407854.867799036
833.0 39650665.676742755
835.0 39154802.53604565
837.0 38417590.473446265
839.0 38353899.84831975
841.0 38127616.53333055
843.0 38886814.25976865
845.0 38575316.205149196
847.0 36730185.20340192
849.0 40180794.87668755
851.0 36355076.1011275
853.0 40455833.71694352
855.0 35167621.07071887
857.0 40464396.25288186
859.0 37452484.4478336
861.0 36335624.183982804
863.0 39790184.08295597
865.0 38651191.732718825
867.0 33404805.005538724
869.0 38569319.246893495
871.0 38749629.065021165
873.0 37965720.942118615
875.0 32416946.18926164
877.0 36899873.02062764
879.0 37569469.69720387
881.0 37321834.15504946
883.0 36803062.251843706
885.0 35317895.16798624
887.0 31234065.27191747
889.0 35883869.244214185
891.0 35829447.802973345
893.0 35524023.10098227
895.0 35412592.35912591
897.0 35090166.72611377
899.0 34487599.74537013
901.0 30217781.38280417
903.0 32351059.225920457
905.0 33876623.01743351
907.0 33474476.67342663
909.0 33248241.104920365
911.0 33165267.26688884
913.0 32900000.540138714
915.0 32754902.161620695
917.0 32401832.83586563
919.0 31969173.30616918
921.0 31291147.78380681
923.0 26749212.665740054
925.0 30609757.725947477
927.0 30648766.6024993
929.0 30925451.104866836
931.0 30772662.359498616
933.0 30527910.70491304
935.0 30350809.4504381
937.0 30118946.163144104
939.0 29845934.956863128
941.0 29371156.663026836
943.0 29435496.640321165
945.0 29248594.624450628
947.0 28986787.926163323
949.0 28792835.346313816
951.0 28435841.259662107
953.0 27667654.462038178
955.0 23959078.499242056
957.0 27530469.26729069
959.0 27693488.492400855
961.0 27523151.323007323
963.0 27104427.400127996
965.0 27158310.897661187
967.0 26892840.452583905
969.0 26755120.497227628
971.0 26570613.763250623
973.0 26379793.352681164
975.0 26178962.096191224
977.0 26007195.715408728
979.0 25812835.698904905
981.0 25616105.865298446
983.0 25411454.8901743
985.0 25241004.720771175
987.0 25063109.283130206
989.0 24842310.44747996
991.0 24697570.167583898
993.0 24534947.23828203
995.0 24357680.462666277
997.0 24183448.771815285
999.0 24009813.91200089
1002.5 23034066.786893096
1007.5 22045789.39311568
1012.5 22744498.69188227
1017.5 22468815.274106782
1022.5 22107955.313887373
1027.5 21729190.422570128
1032.5 21334204.459452953
1037.5 20988701.35969248
1042.5 20636136.555107024
1047.5 20273482.91867897
1052.5 19913530.141635183
1057.5 19599671.819209673
1062.5 19279670.115980815
1067.5 18872188.898281496
1072.5 18620009.48250182
1077.5 18327788.274589654
1082.5 17936801.875192378
1087.5 17719518.772235032
1092.5 16221441.039393947
1097.5 16935141.142250363
1102.5 16869195.291580237
1107.5 16614076.284001654
1112.5 16345414.782315379
1117.5 16080401.111924771
1122.5 15826588.766428972
1127.5 15487969.117957223
1132.5 15258480.422414158
1137.5 15087100.788143374
1142.5 14849686.176434333
1147.5 14621292.46689974
1152.5 14393586.306719303
1157.5 14169260.597530138
1162.5 13927844.830551766
1167.5 13712909.263005022
1172.5 13520750.359364161
1177.5 13270382.922611585
1182.5 13110801.444272203
1187.5 12903257.032282649
1192.5 12724447.24949362
1197.5 12518061.485489773
1202.5 12344517.34399294
1207.5 12159839.518452112
1212.5 11976560.664861063
1217.5 11800325.213276545
1222.5 11625764.071693353
1227.5 11451658.90902212
1232.5 11285517.859703207
1237.5 11121683.761284411
1242.5 10962444.466072677
1247.5 10784589.612942198
1252.5 10644384.45314954
1257.5 10481417.749170594
1262.5 10339877.279405395
1267.5 10195760.886886252
1272.5 10050625.106956607
1277.5 9851601.054845475
1282.5 9096176.096333371
1287.5 9605478.28042516
1292.5 9495413.08798053
1297.5 9358622.597491907
1302.5 9232835.283993943
1307.5 9104134.639262682
1312.5 8978516.82577911
1317.5 8842795.06073335
1322.5 8733205.741568564
1327.5 8613444.03421606
1332.5 8495569.904488623
1337.5 8380219.972158627
1342.5 8264019.356657803
1347.5 8152611.692268192
1352.5 8041312.253239883
1357.5 7934682.4202418905
1362.5 7828428.192909595
1367.5 7719987.176659216
1372.5 7618962.78075692
1377.5 7522675.631735754
1382.5 7423500.616272186
1387.5 7325867.016432463
1392.5 7228826.268755757
1397.5 7134824.584717391
1402.5 7042587.928997913
1407.5 6950570.907099904
1412.5 6859677.519100122
1417.5 6772876.800461949
1422.5 6685641.588829135
1427.5 6600344.486515822
1432.5 6515487.845507516
1437.5 6432231.507451999
1442.5 6341325.387056771
1447.5 6268403.377343568
1452.5 6186670.947868156
1457.0 6121682.812068085
1462.0 6046501.200050335
1467.5 5965904.341093884
1472.5 5891997.162282943
1477.5 5814832.4796742685
1482.5 5739664.793714039
1487.5 5658057.698756312
1492.5 5568262.081976507
1497.5 5485419.5467730295
1502.5 5398509.011224123
1507.5 5328457.758796941
1512.5 5261048.478425084
1517.5 5211856.072839525
1522.5 5211823.843963549
1527.5 5050557.710551539
1532.5 5020718.943933313
1537.5 5047469.706768199
1542.5 4864607.043353335
1547.5 4950397.92387759
1552.5 4912841.33618148
1557.5 4654694.007923215
1562.5 4855806.570775068
1567.5 4697252.437593345
1572.5 4519275.433044044
1577.5 4694268.68029773
1582.5 4633288.065964712
1587.5 4291050.427749128
1592.5 4492059.937775331
1597.5 4488184.117023685
1605.0 4382096.20660692
1615.0 4160872.029371259
1625.0 4211088.199128256
1635.0 4084371.818649993
1645.0 3887074.995558767
1655.0 3932839.601557484
1665.0 3845079.1786124664
1675.0 3728994.348332742
1685.0 3552244.826282038
1695.0 3592888.224099415
1705.0 3514978.6963570705
1715.0 3439859.154767127
1725.0 3365434.3245037794
1735.0 3163222.398882518
1745.0 3216073.3787224013
1755.0 3154804.6939423876
1765.0 3088554.4594435976
1775.0 3022832.022524836
1785.0 2960642.2285116776
1795.0 2900205.327252998
1805.0 2834481.0998411267
1815.0 2679019.7450910364
1825.0 2709868.150879502
1835.0 2668660.9466762217
1845.0 2615151.264315617
1855.0 2561068.8231035597
1865.0 2506786.244550565
1875.0 2366874.327740553
1885.0 2409325.7257114537
1895.0 2363928.5686876005
1905.0 2317201.2742268564
1915.0 2272626.7493151096
1925.0 2228041.6803883826
1935.0 2183614.1748553165
1945.0 2060891.9866176236
1955.0 2100416.7241287436
1965.0 2062167.0166554684
1975.0 2022891.1576866084
1985.0 1984604.844576422
1995.0 1947283.607252409
2005.0 1910904.5671915002
2015.0 1875297.8264919447
2025.0 1840445.6791663237
2035.0 1806331.2150019337
2045.0 1773080.9621785327
2055.0 1740107.2410687539
2065.0 1708952.2630711577
2075.0 1678037.6090376303
2085.0 1647773.7992495091
2095.0 1618009.9349263755
2105.0 1589142.1129328492
2115.0 1560076.1430351734
2125.0 1532813.398642729
2135.0 1505728.9077865474
2145.0 1479342.2118839843
2155.0 1452733.7932513263
2165.0 1374233.7011982715
2175.0 1401044.0476649771
2185.0 1379206.8952825353
2195.0 1355343.998890052
2205.0 1332473.035680389
2215.0 1309592.3242304614
2225.0 1287431.4904825066
2235.0 1265733.797618949
2245.0 1244370.926966921
2255.0 1223572.061644475
2265.0 1203091.4067363734
2275.0 1183154.2659589304
2285.0 1166505.0673620873
2295.0 1157613.8764662587
2305.0 1135064.7046571595
2315.0 1113308.621823855
2325.0 1092494.2388944575
2335.0 1072291.50830573
2345.0 1053646.9046098723
2355.0 1033377.0305295279
2365.0 1016327.2588352903
2375.0 999771.7627111925
2385.0 983521.0483031156
2395.0 967934.8057824475
2405.0 951267.1054234699
2415.0 934481.8293502831
2425.0 928024.4159498478
2435.0 907150.2504449514
2445.0 891891.6681633736
2455.0 886122.7988354895
2465.0 867175.5023322388
2475.0 854172.3445379522
2485.0 852379.9614632191
2495.0 816048.817092997
2505.0 828284.1517587048
2515.0 814790.5977960161
2525.0 777512.7301939958
2535.0 788978.1528224965
2545.0 779476.1550966329
2555.0 765662.1526032127
2565.0 729948.6786199462
2575.0 743994.1520837258
2585.0 734184.2890148187
2595.0 723417.1586991338
2605.0 708808.4259445681
2615.0 677023.1446364083
2625.0 663042.6760196979
2635.0 680316.6572400162
2645.0 672311.1636024938
2655.0 662603.4083767643
2665.0 651907.8480495509
2675.0 619089.8501044034
2685.0 633391.3143469623
2695.0 625628.5319976552
2705.0 616791.2548387988
2715.0 608107.6616718655
2725.0 599566.9100663572
2735.0 591174.7196530413
2745.0 582697.6797606895
2755.0 555108.1206397897
2765.0 561703.3522737587
2775.0 559056.0087391039
2785.0 551376.5837912412
2795.0 543823.1399280195
2805.0 536393.7871844898
2815.0 529078.727584468
2825.0 521891.1908825986
2835.0 514799.196882504
2845.0 507912.36355123884
2855.0 501109.23577285605
2865.0 492021.7372019074
2875.0 469360.2119501693
2885.0 480959.0263153489
2895.0 474737.46064620785
2905.0 468689.5728087158
2915.0 462466.36585422413
2925.0 456443.2465047508
2935.0 450456.68305626884
2945.0 444602.86477750953
2955.0 438845.33523932076
2965.0 433162.06142926833
2975.0 427572.191676443
2985.0 422074.3831110123
2995.0 416660.3547023436
3005.0 411335.5027977261
3015.0 406091.77017816575
3025.0 400855.87096596067
3035.0 384100.0136892861
3045.0 385597.08974070405
3055.0 385839.3285376819
3065.0 381111.0092541407
3075.0 376347.1785239221
3085.0 371441.650158432
3095.0 367036.0175220096
3105.0 362492.74072777265
3115.0 358018.72120174044
3125.0 353594.4375954245
3135.0 349274.1269292752
3145.0 344983.30966351775
3155.0 340794.07801378064
3165.0 336626.82964055805
3175.0 332564.7230016156
3185.0 328552.82477362663
3195.0 324584.5449472288
3210.0 318765.06932103354
3230.0 311197.59992845193
3250.0 303854.1162503123
3270.0 296716.93716715556
3290.0 283443.1662336929
3310.0 283579.9400129125
3330.0 277847.949869498
3350.0 270869.80138963385
3370.0 264375.2103892106
3390.0 258165.80515244018
3410.0 252068.00731951295
3430.0 246247.3628992043
3450.0 240604.77307147975
3470.0 235244.88221142214
3490.0 229957.20790679252
3510.0 225017.8093799757
3530.0 220184.84572135156
3550.0 215103.69982334352
3570.0 210235.15011416242
3590.0 207085.07590301608
3610.0 201060.9991370882
3630.0 198578.53017629264
3650.0 192393.80638968138
3670.0 190529.61708085806
3690.0 184009.10123228276
3710.0 182522.75570554353
3730.0 177299.72566256503
3750.0 170493.22827562148
3770.0 171561.95371848356
3790.0 168136.45441792873
3810.0 162959.95232784477
3830.0 160187.4856531639
3850.0 158163.45753235256
3870.0 154995.60272990767
3890.0 151749.66253350832
3910.0 146079.29519462225
3930.0 145986.05277913428
3950.0 143093.424122419
3970.0 140342.84125241326
3990.0 137613.71943176506
4010.0 133925.1544178512
4030.0 130494.83073308393
4050.0 127154.81504454135
4070.0 127345.19171123511
4090.0 124955.84082612825
4110.0 122599.7508373316
4130.0 120297.36320784854
4150.0 118030.10157166506
4170.0 113300.8248716693
4190.0 113659.59492854224
4210.0 111621.52884439102
4230.0 109576.61163729889
4250.0 107575.11388811901
4270.0 105622.66818975926
4290.0 103708.3761588118
4310.0 101844.35470871752
4330.0 100016.65913098597
4350.0 98230.87849959526
4370.0 94489.2328253643
4390.0 94476.4755619571
4410.0 93112.79746420795
4430.0 91479.59420052667
4450.0 89884.02859409063
4470.0 88550.34747292033
4490.0 87013.76866726772
4510.0 85515.62951056579
4530.0 84037.57744843925
4550.0 82608.21685171488
4570.0 81203.48175224
4590.0 79825.72217222121
4610.0 78480.04847740933
4630.0 77160.20015891011
4650.0 74243.46201511241
4670.0 72682.4007029795
4690.0 73265.92738105002
4710.0 72153.14213030934
4730.0 70965.37998059647
4750.0 69792.3707480694
4770.0 68660.21335659926
4790.0 67544.49990358528
4810.0 66450.10450915968
4830.0 65379.19068583008
4850.0 64328.74319346371
4870.0 63298.3703616928
4890.0 62290.19218409526
4910.0 61298.78744542201
4930.0 60331.2621652025
4950.0 59379.79537006137
4970.0 58448.91924568275
4990.0 57533.448822436236
5010.0 56637.8727670762
5030.0 55759.436953048375
5050.0 54897.80566289466
5070.0 54052.66804711684
5090.0 53223.73190718657
5110.0 52355.57899456007
5130.0 50339.64228618758
5150.0 50808.465499412574
5170.0 50063.93432373572
5190.0 49309.33162431632
5210.0 48571.427759941645
5230.0 47845.54444566338
5250.0 47133.64314181534
5270.0 46431.151252278614
5290.0 45748.62833450794
5310.0 45075.045448306264
5330.0 44414.49026457525
5350.0 43764.63452057319
5370.0 43127.36507275432
5390.0 42500.387851821724
5410.0 41887.64132091792
5430.0 41284.78602104769
5450.0 40691.64476799703
5470.0 40110.07644176533
5490.0 39537.87090242022
5510.0 38976.85594501125
5530.0 38426.82330037462
5550.0 37883.69151459862
5570.0 37351.228083601745
5590.0 36829.23406370513
5610.0 36313.72436434152
5630.0 35810.27251701411
5650.0 35314.899648145605
5670.0 34825.61942944233
5690.0 34347.8841611032
5710.0 33875.977320855796
5730.0 33413.458135454835
5750.0 32958.365144566495
5770.0 32510.567791401536
5790.0 32069.944844655638
5810.0 31638.162457639297
5830.0 31213.305797443438
5850.0 30839.058544053816
5870.0 30427.419204522543
5890.0 29980.89944279529
5910.0 28861.645413996517
5930.0 29214.618127727532
5950.0 28847.48932784729
5970.0 28469.477687034145
5990.0 28095.8645666209
6010.0 27729.904560853993
6030.0 27369.822719098545
6050.0 27013.884501154454
6070.0 26665.294765348433
6090.0 26322.309645995436
6110.0 25983.235013330122
6130.0 25651.212001532076
6150.0 25322.95182291006
6170.0 25001.545875723936
6190.0 24683.762879439637
6210.0 24372.65537612975
6230.0 24065.032495694984
6250.0 23762.37388174689
6270.0 23466.13120144219
6290.0 23173.167983343774
6310.0 22884.951437083277
6330.0 22599.907109952183
6350.0 22320.96631271876
6370.0 22045.07961180541
6390.0 21775.141016040623
6420.0 21375.72272453212
6460.0 20857.51951426638
6500.0 20356.09129717242
6540.0 19869.53878281609
6580.0 19396.045055880244
6620.0 18936.61260599667
6660.0 18492.195741124917
6700.0 18059.67819504527
6740.0 17640.05934889453
6780.0 17232.966183274817
6820.0 16836.760521330485
6860.0 16452.41998473345
6900.0 16078.351469805306
6940.0 15715.52482698052
6980.0 15362.396688500394
7020.0 15019.92447081947
7060.0 14685.405337550665
7100.0 14361.02145217153
7140.0 14045.314930535385
7180.0 13739.222983879381
7220.0 13440.182658090644
7260.0 13149.15603236618
7300.0 12867.057781354522
7340.0 12591.42597702972
7380.0 12324.29901497639
7420.0 12063.273251449498
7460.0 11737.094210218107
7500.0 11391.585770063257
7540.0 11321.662506808474
7580.0 11087.697746349677
7620.0 10859.040741073097
7660.0 10636.587514657367
7700.0 10420.180310982141
7740.0 10208.66898690398
7780.0 10001.934642489814
7820.0 9801.434384762575
7860.0 9605.458541482023
7900.0 9414.379354922281
7940.0 9228.08103364526
7980.0 9046.352977115912
8020.0 8868.994687407881
8060.0 8695.994507664984
8100.0 8527.158934074574
8140.0 8362.39004904471
8180.0 8201.593043478435
8220.0 8044.676216773769
8260.0 7891.460830469234
8300.0 7741.863732324053
8340.0 7595.713955114203
8380.0 7453.019270077139
8420.0 7313.703519085795
8460.0 7177.603506153603
8500.0 7044.730888136746
8540.0 6914.767821423288
8580.0 6787.893044474709
8620.0 6663.877305786067
8660.0 6542.656881210225
8700.0 6424.171543656903
8740.0 6308.361066035818
8780.0 6195.167164066053
8820.0 6084.456949587117
8860.0 5976.252182063887
8900.0 5870.423858954596
8940.0 5766.920690092038
8980.0 5665.619889924414
9020.0 5566.622484538647
9060.0 5469.732638750856
9100.0 5374.906445069414
9140.0 5282.173434196654
9180.0 5191.418203256359
9220.0 5102.599953251887
9260.0 5015.608721173241
9300.0 4930.545921669216
9340.0 4847.233981963952
9380.0 4765.706318378507
9420.0 4685.859573454721
9460.0 4607.657999500297
9500.0 4531.135789960042
9540.0 4456.128583161767
9580.0 4382.670183988405
9620.0 4310.730673175752
9660.0 4240.278965773985
9700.0 4171.15963703399
9740.0 4103.599218527601
9780.0 4037.3156143351757
9820.0 3972.346514958376
9860.0 3908.728833775115
9900.0 3846.3133630262446
9940.0 3785.198020303706
9980.0 3725.2386491526963
10020.0 3666.4721629511305
20000.0 231.87456471951154
40000.0 14.274248421869569
60000.0 2.7809090541134913
80000.0 0.8700261762453777
100000.0 0.3530656879735414
120000.0 0.16894561846781359
140000.0 0.09058629693077691
160000.0 0.05279159931208637
