# wavelength (nm)
# intensity (erg s-1 cm-2 nm-1 sr-1)
col1 col2
9.09000015258789 2.6173219149569748e-09
9.350000762939453 9.328898365209297e-09
9.60999984741211 3.090893290055216e-08
9.770000457763672 6.322304899517349e-08
9.95999984741211 1.4238707197975873e-07
10.200000000000001 3.802328525400098e-07
10.380000305175782 7.719050718127528e-07
10.560000610351564 1.5294273643683588e-06
10.770000457763672 3.298953597270359e-06
11.040000152587892 8.470233478203166e-06
11.4 2.7874526069392876e-05
11.779999542236329 9.095202781607238e-05
12.130000305175782 0.00025333143654185673
12.479999542236328 0.0006667215768607149
12.70999984741211 0.0012248240805301628
12.840000915527344 0.0017111195051550392
13.05 0.0028973655418526
13.239999389648439 0.0046011014242696244
13.390000915527345 0.006582348759778127
13.660000610351563 0.012268646514233112
13.980000305175782 0.02514116742490916
14.330000305175782 0.052997939801231145
14.719999694824219 0.11583079468281714
15.100000000000001 0.24629505621897502
15.520001220703126 0.5373031869295307
15.880000305175782 1.019136605198357
16.200001525878907 1.7648964066867692
16.6 3.4302724037070056
17.030000305175783 6.733475209185187
17.340000915527344 10.740961207825661
17.68000030517578 17.78619964276617
18.020001220703126 28.771625463545114
18.16999969482422 35.13618394182013
18.610000610351562 63.957320687748755
19.1 119.67213908094546
19.389999389648438 171.43666747961137
19.840000915527344 292.5681235291444
20.18000030517578 428.6721435056494
20.5 612.582654933951
21.05 1097.054517602
21.620001220703127 1935.2732063921128
21.980000305175782 2747.351395190753
22.3 3692.7133004676543
22.68000030517578 5207.3834334852645
23.0 3935499.876431265
23.400000000000002 12016668.506294936
24.0 16231477.350105323
24.650000000000002 23003637.953323357
25.23999938964844 38706921.42759188
25.68000183105469 50722600.7859155
26.0 66901633.399173185
26.400000000000002 292626378.20009285
26.85 397066143.6881751
27.35 475597801.7368682
27.85 339409731.80644196
28.400000000000002 821887075.9866323
29.0 1240449552.091689
29.6 1032042443.9162033
30.1 1685636231.0208852
30.8 5652522716.370824
31.8 9770146809.111996
32.800000000000004 12665053502.253094
33.800000000000004 15330767298.862162
34.800000000000004 15930318484.420141
35.7 31450120093.418407
36.6 62981597137.97048
37.5 60173830551.834404
38.5 47093066986.56353
39.5 81676537926.32796
40.5 107817491135.5734
41.400003051757814 108046763889.68967
42.2 97063412511.98256
43.0 90920310802.7436
44.1 108537050343.04001
45.1 111073033864.29517
46.0 95375399193.66124
47.0 96346193620.65834
48.0 111566025697.03015
49.0 85762397442.6254
50.0 112515750759.75931
50.6 94315998702.57689
51.2 177933206305.80692
52.0 165242890916.11295
53.0 148446943924.16095
54.0 121471508294.98613
55.0 114337416338.66898
56.0 154842473827.45422
57.0 174826387734.3899
58.0 167495265931.03235
59.0 168317896833.56104
60.0 134621855521.82758
61.0 130972513858.48378
62.0 169300125562.82483
63.0 157880191142.29938
64.0 172248976054.12396
65.0 161866681747.84918
65.80000610351563 146252744344.4913
66.5 164924034249.9391
67.5 172851591163.3224
68.5 144636452915.3024
69.5 164635308339.22513
70.5 127691938221.72087
71.60000000000001 165633951876.41797
72.60000000000001 165129460551.5516
73.5 164783941230.71933
74.5 155463798427.81882
75.5 152235335568.88947
76.5 131724817934.9844
77.5 146416071031.48672
78.5 127773973147.44733
79.5 138942665829.45584
80.5 141674277615.66055
81.5 141188782617.36496
82.5 139848126974.06018
83.5 108853651439.8956
84.5 133927844222.33315
85.5 129591257967.4498
86.5 132173558887.56752
87.5 130281762052.22388
88.5 127606813296.4081
89.5 125834092267.90802
90.5 122087604668.20253
91.5 107445139666.43454
92.5 168917448019.11902
93.5 230184160576.54276
94.5 261554123212.3378
95.5 283072671723.9511
96.5 301001396918.68304
97.5 209988027584.09384
98.5 259720853837.51324
99.5 230374149918.1966
100.5 233915524127.64008
101.5 242802232558.18677
102.5 213199762723.74365
103.5 242184858463.62244
104.5 251314829393.248
105.5 243125496059.2137
106.5 227918734550.71234
107.5 227402639429.93106
108.5 211322281582.686
109.5 217831385268.24298
110.5 209933972148.2925
111.5 205138683929.50137
112.5 193549021177.26788
113.5 198093810821.99954
114.5 195380530425.7458
115.5 183220599775.17328
116.5 174266132999.26733
117.5 145172874235.89417
118.5 161968782113.92734
119.5 154835524587.87823
120.5 152082230652.6775
121.5 129362298124.68404
122.5 142254258803.83844
123.5 143065455404.1004
124.5 140258106033.09836
125.5 140414900695.6518
126.5 140860199623.37927
127.5 141141559079.3832
128.5 139519791701.5603
129.5 136847815603.5744
130.5 132304629629.51411
131.5 133354786197.78535
132.5 129990232977.32823
133.5 127373889909.86916
134.5 125921081623.35094
135.5 120428105396.69681
136.5 116214714948.10545
137.5 111752364406.2613
138.5 110150675506.76306
139.5 85650838027.18065
140.5 67305158457.88868
141.5 104966510188.13402
142.5 97483795873.42534
143.5 101697036385.3279
144.20000000000002 98056384530.94734
144.70000000000002 97666262304.69388
145.5 94221831943.03156
146.5 93727738401.5833
147.5 92339898334.21558
148.5 92731806762.76157
149.5 89840179934.6877
150.5 89282936971.31381
151.20000000000002 88106709723.71773
151.70000000000002 86768687750.94644
152.5 85241960676.85574
153.5 77378791792.82716
154.5 59051104626.189766
155.5 62211893886.583984
156.5 71777137542.7476
157.5 73955176554.9605
158.5 72965261940.64969
159.5 72559930918.96394
160.5 68448862481.99071
161.5 66321078336.467674
162.5 66506406602.79613
163.5 66002645404.414276
164.5 63857657653.599434
165.5 65540032048.62504
166.5 64056538892.79703
167.20000000000002 60244111744.95717
167.70000000000002 65886946432.56168
168.5 64084420597.92513
169.5 62846328168.73782
170.5 61255330407.04881
171.5 59126268540.17784
172.5 57503751478.911
173.5 58804745608.538124
174.5 57992890590.642784
175.5 56524065154.370125
176.5 55627469831.363686
177.5 54279281499.193924
178.5 54273114537.99421
179.5 52613090488.07773
180.5 51980207724.70352
181.5 51057718987.44204
182.5 49934445466.934006
183.5 49646319302.9752
184.5 48901759782.399796
185.5 48327150239.07238
186.5 47684449882.0758
187.5 46334657879.23465
188.5 45446113504.51748
189.5 45503698971.49178
190.5 44971052144.065605
191.5 44165797599.97017
192.5 42230858112.1744
193.5 43004518388.3476
194.5 42419217707.21095
195.5 40634097566.446754
196.70000000000002 40747296506.988464
197.60001220703126 40160434528.59248
198.4 39867686403.22712
199.5 39008943575.15318
200.5 38713268424.86323
201.5 38075975567.142715
202.5 37469817388.798355
203.5 36741959511.556656
204.5 35984925910.37274
205.5 26960582118.50511
206.5 30492301708.98794
207.4 35111085109.6365
207.8 34774702148.34059
208.5 34464362537.98852
209.5 33869739706.201138
210.5 33188766379.644794
211.5 33293865479.498722
212.5 32496603212.814342
213.5 32244194575.719425
214.5 31632798391.747192
215.5 31426404020.644024
216.5 30035382687.87941
217.5 30482278767.291786
218.5 29540796962.952744
219.5 29722738615.810528
220.5 29226849093.59005
221.5 28188742871.806835
222.5 28300478299.88625
223.5 27915760313.41562
224.5 27418987468.528587
225.5 26560839497.96995
226.5 26652902254.63241
227.5 26350757010.27192
228.5 25714099753.732143
229.5 25029459497.286964
230.5 24528364564.370956
231.5 24542911682.67663
232.5 24347772341.712265
233.5 24040698743.58118
234.5 23586408503.766293
235.5 23133545921.98812
236.5 22771096793.295742
237.5 22304433517.16261
238.5 21241843611.948284
239.5 21572845149.913994
240.5 21357534435.06779
241.5 21126542298.2703
242.5 20998540369.204006
243.5 20623164090.34351
244.5 20370564772.894375
245.5 20000014173.767593
246.5 19799587934.776833
247.5 19612509320.581444
248.5 19154951438.798946
249.5 16635167598.919355
250.5 18569388368.456917
251.3 17343354434.49072
251.8 18025406653.307686
252.5 18116509489.212574
253.5 18022380213.83943
254.5 17804192996.213764
255.5 17525490027.195957
256.5 17307997081.629242
257.5 17062602873.975018
258.5 16851883155.349638
259.5 16426646408.480661
260.5 16406800983.922274
261.5 16082522150.752764
262.5 15978495424.172995
263.5 15808222757.094799
264.5 15542362191.42101
265.5 15385525155.455515
266.5 15159686277.461803
267.5 14801880296.882002
268.5 14740900067.703947
269.5 14526867074.205675
270.5 14440963130.009848
271.5 14207074933.473486
272.5 14036781079.689266
273.5 13470220854.904501
274.5 13724762830.321411
275.5 13522613949.156208
276.5 13342631251.73237
277.5 13190580781.58177
278.5 12961515820.159193
279.5 12726943944.91689
280.5 12668366777.125986
281.5 12530852831.928045
282.5 12355895458.198534
283.5 12218899772.424881
284.5 12102040420.980799
285.5 11943852325.069593
286.5 11743744701.54251
287.5 11609237638.853415
288.5 11496479544.771667
289.5 11354238519.510363
291.0 11134818398.568735
293.0 10899516396.8419
295.0 10628210032.846533
297.0 10350284452.965162
299.0 10064064277.67524
301.0 9831499435.392094
303.0 9553889211.481163
305.0 9379374313.958237
307.0 9160230435.068235
309.0 8984890070.883667
311.0 8794692121.662838
313.0 8581064120.198956
315.0 8415643208.800346
317.0 8216110070.955847
319.0 8040937570.672855
321.0 7740298212.186718
323.0 7699911461.264373
325.0 7541857819.449091
327.0 7305777613.712513
329.0 7195065666.5087385
331.0 7035593330.263131
333.0 6883747393.312998
335.0 6694410357.742737
337.0 6582981322.027368
339.0 6457536057.966899
341.0 6317555491.263733
343.0 6196699593.677472
345.0 6034891423.092675
347.0 5945606976.975994
349.0 5828431454.688162
351.0 5718885998.625691
353.0 5591232427.898834
355.0 5479882027.457747
357.0 5376785071.323125
359.0 5264472712.941199
361.0 5150632467.105593
363.0 5047619035.485105
364.0 4910410667.7779
365.0 4978953328.6967
367.0 4874085652.862424
369.0 4756661594.21546
371.0 4563504432.574339
373.0 4462551815.551377
375.0 4405271518.631159
377.0 4316469477.513187
379.0 4318618705.8647
381.0 4347334026.38753
383.0 4096858676.21734
385.0 4260300260.349286
387.0 4208773783.861308
389.0 3831977995.6971803
391.0 4092510512.242488
393.0 3994283646.4368954
395.0 3917814305.4083915
397.0 3533736401.921687
399.0 3791448234.5091705
401.0 3727248440.888716
403.0 3629430234.047402
405.0 3603249576.9510665
407.0 3517937230.7773046
409.0 3372000755.061359
411.0 3161042685.993205
413.0 3330446494.4060736
415.0 3278196206.701704
417.0 3232689199.344579
419.0 3175399123.9446573
421.0 3095640139.369212
423.0 3073238660.959978
425.0 3014805318.308048
427.0 2962097682.9592094
429.0 2911835889.8462257
431.0 2851693350.429443
433.0 2722979833.246384
435.0 2584624531.3572826
437.0 2709026350.14605
439.0 2649740446.294965
441.0 2611456068.5088863
443.0 2578916751.26698
445.0 2533593294.1226244
447.0 2471811840.7638583
449.0 2453795806.783346
451.0 2398652718.8333387
453.0 2364079070.3764367
455.0 2298595443.858235
457.0 2294195535.4282846
459.0 2253755410.304224
461.0 2221800560.942933
463.0 2175656322.658459
465.0 2101688031.5324697
467.0 2110860449.2127419
469.0 2013927398.5029273
471.0 2047699211.6241372
473.0 2027417626.1273053
475.0 1996003852.642945
477.0 1964517555.4341168
479.0 1933303425.910371
481.0 1903213006.6792266
483.0 1872551768.6953866
485.0 1805344277.6927772
487.0 1687223502.3669338
489.0 1784781357.1861408
491.0 1759626218.1487172
493.0 1724902633.003027
495.0 1707713491.712448
497.0 1683753160.6638036
499.0 1659037951.3538768
501.0 1625800796.9822924
503.0 1607802486.4962432
505.0 1583172635.1653955
507.0 1561843122.593665
509.0 1539456821.199804
511.0 1517028146.3938944
513.0 1494445867.9693081
515.0 1472597892.2549613
517.0 1451356182.2822356
519.0 1430442356.95707
521.0 1409828405.0094807
523.0 1390013232.6226764
525.0 1367935055.1986415
527.0 1347403711.0327144
529.0 1331385338.9683104
531.0 1312422422.2031698
533.0 1293748378.025939
535.0 1275902856.285258
537.0 1257995709.750612
539.0 1240339544.195024
541.0 1201358144.152576
543.0 1206251050.9342477
545.0 1189682537.5273545
547.0 1173023369.464876
549.0 1157131812.0591276
551.0 1139879416.227966
553.0 1125747679.5913687
555.0 1110543977.1172678
557.0 1094852674.8271153
559.0 1076920369.0790653
561.0 1066226379.2132529
563.0 1051892452.1369516
565.0 1037809607.898872
567.0 1023917545.8741757
569.0 994175586.8416344
571.0 992721852.8590376
573.0 984470955.0316631
575.0 970888137.4275919
577.0 958964503.739056
579.0 946574049.5038385
581.0 927403849.3408152
583.0 919905079.5773065
585.0 910191993.456758
587.0 888026115.2928818
589.0 886239913.0003637
591.0 875874520.7962565
593.0 864520177.9729627
595.0 853416968.9174724
597.0 842628046.3112046
599.0 833551376.2446965
601.0 821289875.7105697
603.0 810508185.104916
605.0 802160622.931305
607.0 790276357.8094925
609.0 782620724.9340724
611.0 771434551.5898472
613.0 762212477.5673304
615.0 753664507.4893782
617.0 742124169.8333894
619.0 735677605.2296499
621.0 726686395.0013845
623.0 715184712.8979739
625.0 709049226.1798041
627.0 700460767.0843294
629.0 692057997.2440587
631.0 680796040.6821308
633.0 675528139.3897436
635.0 667279635.2527131
637.0 659446258.1368481
639.0 651506845.6316974
641.0 640939313.9174681
643.0 636291225.635458
645.0 628258255.4885602
647.0 620699032.3114675
649.0 613633724.2185686
651.0 606317995.3720111
653.0 596366507.8791064
655.0 585406869.3146805
656.124755859375 541982372.5569245
659.0 578004356.4607538
661.0 572480890.5269473
663.0 565976775.4957857
665.0 559472660.4646242
667.0 549976992.7287347
669.0 540865945.1945188
671.0 539697315.0107791
673.0 533833486.68187404
675.0 527779640.08331263
677.0 522324267.0003586
679.0 516624788.43188787
681.0 510840919.54639214
683.0 505128657.6528923
685.0 499448685.11424696
687.0 493800951.0008743
689.0 484976891.66004175
691.0 482914396.3863161
693.0 477771425.3580583
695.0 472505714.03768796
697.0 467329536.9221034
699.0 462217123.64291924
701.0 457191850.8781767
703.0 451500521.0427923
705.0 446927859.47141224
707.0 439400721.93084687
709.0 437700539.7019711
711.0 432845677.31789595
713.0 428191681.2043982
715.0 423782248.9426532
717.0 416592876.3885152
719.0 414104457.0222848
721.0 410391639.58025527
723.0 405967819.7116547
725.0 401734858.45081
727.0 397530927.0515852
729.0 392295187.79009795
731.0 388939666.829112
733.0 385168509.55114275
735.0 381155105.71739215
737.0 377047100.1854677
739.0 373219411.0717122
741.0 369274685.7790046
743.0 365616719.49656224
745.0 361506549.45741177
747.0 358069006.404954
749.0 353722523.10630065
751.0 350682256.25659114
753.0 347267427.7976115
755.0 343694488.4519665
757.0 340185745.8441672
759.0 333493114.9660122
761.0 333140223.89379334
763.0 329995373.1478793
765.0 326704583.6853477
767.0 323494619.46911585
769.0 319745743.8831794
771.0 316848385.43997097
773.0 313414789.4301019
775.0 310591304.345279
777.0 307772912.218635
779.0 304682887.16751724
781.0 301699075.7592213
783.0 298722165.3092578
785.0 295324067.2178959
787.0 292750417.19654095
789.0 290025659.1060168
791.0 287315110.3688119
793.0 284542351.1474512
795.0 281755891.8685892
797.0 278757820.17739224
799.0 276349691.2968528
801.0 273644413.77136314
803.0 270869591.90194
805.0 268489041.38993955
807.0 265972228.78186157
809.0 263367053.34937894
811.0 260839010.7685164
813.0 258486802.56878176
815.0 255946944.32494405
817.0 253392902.19257802
819.0 250163457.41131175
821.0 238298316.34746101
823.0 234804572.50149864
825.0 233887738.17012572
827.0 231732118.15609822
829.0 229803975.11913306
831.0 227891671.18210444
833.0 226055532.43464184
835.0 224311754.48375437
837.0 224884304.84223086
839.0 223626038.5945418
841.0 222368714.5441158
843.0 223719392.51796177
845.0 221360079.64156753
847.0 219438379.19669873
849.0 217865011.6264786
851.0 215360192.934912
853.0 213980663.35298234
855.0 211135316.74517635
857.0 210665313.0996328
859.0 206890208.77907485
861.0 205493426.80131403
863.0 205781866.48777834
865.0 202667726.2796833
867.0 197410532.93186724
869.0 200290193.34540385
871.0 199158016.0098299
873.0 196240400.32546473
875.0 188938307.87443134
877.0 191803873.52620775
879.0 192639258.72390392
881.0 190846333.72658965
883.0 189136895.04622367
885.0 184018981.3722062
887.0 177718279.09071156
889.0 183481967.12942326
891.0 183036804.3873975
893.0 181195305.3014516
895.0 180146868.93073487
897.0 178480020.11314029
899.0 175416631.2332984
901.0 166462574.13494834
903.0 168924637.44260272
905.0 171890457.9761316
907.0 170695917.3676565
909.0 169677122.01354122
911.0 167842014.59010985
913.0 166942025.2179138
915.0 165547000.31072474
917.0 163984277.0230986
919.0 162298698.85180095
921.0 158788364.69457066
923.0 148719344.4592915
925.0 155841311.7119312
927.0 156816231.2313349
929.0 155975040.06131473
931.0 154600030.47976887
933.0 153428217.19716734
935.0 149590202.110704
937.0 150270341.21071061
939.0 149658091.24322927
941.0 148298080.42352042
943.0 147143761.4522635
945.0 146004619.49637985
947.0 144639757.63400555
949.0 143551405.20356137
951.0 141575910.38792753
953.0 138334968.25357231
955.0 129472648.06442045
957.0 137135156.43338203
959.0 137535157.36875603
961.0 136664630.75962514
963.0 135470408.46103624
965.0 134593961.28802234
967.0 133524834.77470368
969.0 132431427.58326691
971.0 130271172.97729655
973.0 130173171.72953829
975.0 129311685.12117502
977.0 127658434.50191821
979.0 127262495.20069191
981.0 126251924.97403562
983.0 125205067.42035437
985.0 124264550.8334494
987.0 123293692.94819339
989.0 122299000.01865993
991.0 121317434.1888327
993.0 120415764.1404376
995.0 119477934.08897202
997.0 118540651.53051068
999.0 117621894.60742523
1002.5 113729550.38958806
1007.5 110482942.33925876
1012.5 109827249.43851104
1017.5 109503400.96030766
1022.5 107408539.93735489
1027.5 105354849.11508113
1032.5 103223312.42704228
1037.5 101489949.57563072
1042.5 99365714.91638091
1047.5 97769110.72446936
1052.5 95965554.17695656
1057.5 94207738.76008837
1062.5 92494614.05124037
1067.5 90783074.52562559
1072.5 89172331.00856975
1077.5 87566839.60463594
1082.5 85572685.463474
1087.5 84397249.81436767
1092.5 79396696.99538618
1097.5 80680988.25936964
1102.5 79970584.25538465
1107.5 78658638.22848955
1112.5 77284640.87238176
1117.5 75984835.18454571
1122.5 74657495.69155474
1127.5 73369524.765287
1132.5 72101333.6153467
1137.5 70880360.55392292
1142.5 69682547.71981788
1147.5 68502872.18302757
1152.5 67350030.16964257
1157.5 66201084.26926445
1162.5 64505905.8717995
1167.5 63769820.62619721
1172.5 62961058.86738143
1177.5 61921535.17347786
1182.5 60884443.367104724
1187.5 59896587.733926505
1192.5 58918924.38330388
1197.5 57758952.22846836
1202.5 57030831.096218385
1207.5 56098927.97483355
1212.5 55192674.2640774
1217.5 54323643.71141159
1222.5 53458935.80700015
1227.5 52610461.706784084
1232.5 51773971.97378284
1237.5 50961005.341370575
1242.5 50163298.484901965
1247.5 49380564.925479434
1252.5 48581966.80132951
1257.5 47851353.30267072
1262.5 47115710.50781022
1267.5 46390174.05183606
1272.5 45678267.62518828
1277.5 44630712.97285629
1282.5 42260236.96875357
1287.5 43531378.85133878
1292.5 42969116.268383734
1297.5 42261067.75755651
1302.5 41682765.53943666
1307.5 41066460.30400533
1312.5 40454837.40699976
1317.5 39854750.0602695
1322.5 39266000.911685094
1327.5 38688367.14432623
1332.5 38121664.138458915
1337.5 37562342.73885221
1342.5 37010272.438452765
1347.5 36478554.87217592
1352.5 35950399.193525456
1357.5 35435529.76952431
1362.5 34927230.26157401
1367.5 34425408.359807536
1372.5 33929959.021962464
1377.5 33453420.474455576
1382.5 32982878.885204386
1387.5 32515116.14125958
1392.5 32056310.63751199
1397.5 31609362.177024744
1402.5 31164915.632242903
1407.5 30735054.046446003
1412.5 30310485.954056337
1417.5 29888149.213968825
1422.5 29479878.58775177
1427.5 29075118.919579323
1432.5 28675273.956049554
1437.5 28285513.04971409
1442.5 27903041.43977223
1447.5 27525459.06968216
1452.5 27154112.39026242
1457.0 26825081.827111963
1462.0 26474164.276187506
1467.5 26086212.961554993
1472.5 25736525.678340636
1477.5 25238257.706453405
1482.5 25062846.677474104
1487.5 24733408.677669328
1492.5 24408621.1853017
1497.5 24088950.524354473
1502.5 23773252.37078682
1507.5 23450651.667337272
1512.5 23158260.163635995
1517.5 22852547.391197927
1522.5 22553442.731997035
1527.5 22260075.60849461
1532.5 21969027.37251303
1537.5 21691943.39123833
1542.5 21395805.38017667
1547.5 21140843.93599175
1552.5 20865332.4055548
1557.5 20573144.62018068
1562.5 20374888.49066997
1567.5 20064778.267154273
1572.5 19790197.79313441
1577.5 19634103.399598174
1582.5 19376633.673510123
1587.5 18994249.598786965
1592.5 18869962.32062764
1597.5 18725946.195722647
1605.0 18320917.555696376
1615.0 17790831.327586215
1625.0 17505784.824508633
1635.0 17012160.993860826
1645.0 16505277.964904033
1655.0 16283872.748920605
1665.0 15901125.8009272
1675.0 15449179.875226866
1685.0 14969857.707765298
1695.0 14817533.694830908
1705.0 14445402.38154173
1715.0 14147168.299879551
1725.0 13823025.385031443
1735.0 13242272.180787979
1745.0 13183477.957485687
1755.0 12914531.568451278
1765.0 12627524.276474802
1775.0 12348242.365436004
1785.0 12076854.539574567
1795.0 11812963.707307473
1805.0 11555820.24885276
1815.0 11056985.685368124
1825.0 11020754.062573254
1835.0 10825999.341810564
1845.0 10595528.660268622
1855.0 10370952.282044087
1865.0 10024214.935699936
1875.0 9656977.636910835
1885.0 9732305.67147623
1895.0 9532352.154497443
1905.0 9323326.805762418
1915.0 9144134.255335253
1925.0 8957310.22538683
1935.0 8766163.547184033
1945.0 8360535.688797021
1955.0 8413118.890445152
1965.0 8256122.088381583
1975.0 8091718.215266516
1985.0 7931114.962192485
1995.0 7774521.617909654
2005.0 7622289.914842256
2015.0 7473281.099372469
2025.0 7328006.854642333
2035.0 7186233.222885503
2045.0 7047162.042062375
2055.0 6908038.340108026
2065.0 6780972.216642318
2075.0 6650599.251346518
2085.0 6526409.455589839
2095.0 6403734.814891395
2105.0 6283903.875138645
2115.0 6158138.843332714
2125.0 6052515.26746242
2135.0 5940703.747404713
2145.0 5831100.104295049
2155.0 5720687.556187119
2165.0 5448325.702073959
2175.0 5508103.105037201
2185.0 5418241.041068655
2195.0 5321694.46949025
2205.0 5226549.655073127
2215.0 5133391.492233147
2225.0 5042298.364779785
2235.0 4953346.269198367
2245.0 4866251.511802832
2255.0 4781092.874290009
2265.0 4697829.772149411
2275.0 4616305.835649449
2285.0 4542915.910403557
2295.0 4464821.762927226
2305.0 4388021.5451382315
2315.0 4313497.640922809
2325.0 4240202.014980699
2335.0 4168439.8469152786
2345.0 4098182.0909494343
2355.0 4029396.916094548
2365.0 3962055.2765735053
2375.0 3896126.9329471188
2385.0 3831585.22676242
2395.0 3768296.8657545703
2405.0 3706444.4802207667
2415.0 3645484.953917709
2425.0 3583771.4310717536
2435.0 3525272.8380762544
2445.0 3466405.801387497
2455.0 3412258.5045361305
2465.0 3354729.960918776
2475.0 3299975.8858468714
2485.0 3252788.6336005917
2495.0 3193439.755321624
2505.0 3151846.401437667
2515.0 3101711.7985890047
2525.0 3042584.3446246134
2535.0 3003231.8923393902
2545.0 2959219.1843767576
2555.0 2909832.0129295904
2565.0 2854197.2141913506
2575.0 2822576.9069288895
2585.0 2781130.373479935
2595.0 2738724.7325551724
2605.0 2689552.619224858
2615.0 2632633.8379832245
2625.0 2526730.547300447
2635.0 2570714.408429644
2645.0 2538114.7014361313
2655.0 2499552.2544996804
2665.0 2459385.923624221
2675.0 2403912.8660968984
2685.0 2386538.716734272
2695.0 2355817.2370129223
2705.0 2321386.8502864945
2715.0 2287480.4812101973
2725.0 2254250.3216983615
2735.0 2221524.0865250905
2745.0 2188020.9762858525
2755.0 2133615.450539319
2765.0 2116406.623373829
2775.0 2096664.4474016733
2785.0 2066792.4571890768
2795.0 2037523.6642107982
2805.0 2008695.1335938477
2815.0 1980451.2984490811
2825.0 1952631.2133402969
2835.0 1925302.9170056663
2845.0 1898458.0538106775
2855.0 1871868.0374683144
2865.0 1838224.2740481186
2875.0 1790059.6115075762
2885.0 1793736.0906929988
2895.0 1771063.673274843
2905.0 1746884.0585456067
2915.0 1723135.3558247918
2925.0 1699739.778133962
2935.0 1676761.9821687485
2945.0 1654125.5735564672
2955.0 1631962.650899884
2965.0 1610060.543406293
2975.0 1588618.990529274
2985.0 1567495.2501792416
2995.0 1546684.6471797426
3005.0 1526248.7545993854
3015.0 1506181.2062404468
3025.0 1485427.7995486213
3035.0 1441026.0572219682
3045.0 1433193.34616954
3055.0 1428837.076433436
3065.0 1410465.6224086597
3075.0 1392239.1983257758
3085.0 1374281.7460967172
3095.0 1356715.0192529494
3105.0 1339345.5450667758
3115.0 1322232.8076981776
3125.0 1305434.003454828
3135.0 1288883.1825071834
3145.0 1272637.5411629176
3155.0 1256571.5459606668
3165.0 1240802.6731428008
3175.0 1225266.663901046
3185.0 1210019.1229936453
3195.0 1194938.197417294
3210.0 1172798.9490584957
3230.0 1144067.403484992
3250.0 1116235.7796428334
3270.0 1089165.8116752089
3290.0 1044888.2102041675
3310.0 1035199.7525152878
3330.0 1013556.271804221
3350.0 989629.3155471431
3370.0 966408.6093500357
3390.0 943821.837185631
3410.0 921903.217366694
3430.0 900583.0201337826
3450.0 879895.2648559826
3470.0 859822.5439613933
3490.0 840249.0722289154
3510.0 821308.1916593082
3530.0 802837.4647387782
3550.0 784920.0499250912
3570.0 767493.7773186018
3590.0 750545.6658442642
3610.0 734016.8281731342
3630.0 717987.8364951523
3650.0 702400.052160973
3670.0 687197.5222609154
3690.0 672018.2687712851
3710.0 657561.1311000144
3730.0 638073.801980485
3750.0 621010.3529083255
3770.0 617096.5339140169
3790.0 604214.2841405603
3810.0 590783.0492852761
3830.0 578743.1767840531
3850.0 567406.3712439386
3870.0 555751.9023845965
3890.0 544187.7042195393
3910.0 531614.5631871191
3930.0 522529.5514121562
3950.0 512025.1262244123
3970.0 501781.46646374045
3990.0 491792.3054042565
4010.0 480895.563281791
4030.0 470411.97744440817
4050.0 454116.5007085867
4070.0 454116.5504445064
4090.0 445384.96211504703
4110.0 436766.02564374486
4130.0 428222.3396189734
4150.0 419996.8142726265
4170.0 409357.4057987727
4190.0 404058.4911762872
4210.0 396676.56163220695
4230.0 389214.80593698216
4250.0 381875.57467997825
4270.0 374820.8826196708
4290.0 367620.19076703646
4310.0 361053.1345315867
4330.0 354431.54286016815
4350.0 347947.89376208244
4370.0 338773.4816714297
4390.0 334542.6210568901
4410.0 329357.00485951814
4430.0 323426.29484887753
4450.0 317649.1693583206
4470.0 312112.29322795285
4490.0 306601.8020029946
4510.0 301176.53327647
4530.0 295893.38494053454
4550.0 290691.2564178168
4570.0 285631.8202487649
4590.0 280672.1294667038
4610.0 275790.35000287823
4630.0 271021.47107680846
4650.0 259716.2478457137
4670.0 257994.04215370023
4690.0 256855.98483875373
4710.0 253068.44534460464
4730.0 248804.95796673122
4750.0 244625.37508541904
4770.0 240538.69890213676
4790.0 236535.1065727404
4810.0 232612.9319439195
4830.0 228770.608334203
4850.0 225009.1304619852
4870.0 221324.34537796982
4890.0 217712.27420857953
4910.0 214176.42333615434
4930.0 210710.4265629706
4950.0 207312.95345317587
4970.0 203985.0111591444
4990.0 200722.93165679715
5010.0 197525.4839821211
5030.0 194391.37500120368
5050.0 191319.4234859516
5070.0 188306.12305402485
5090.0 185352.72953739628
5110.0 182159.57158579578
5130.0 176349.35927464764
5150.0 176691.38076055612
5170.0 174102.17851604958
5190.0 171425.1550713041
5210.0 168797.2582812583
5230.0 166219.80614778472
5250.0 163691.9034243284
5270.0 161210.45404988705
5290.0 158776.80089429294
5310.0 156390.0238430314
5330.0 154045.08713423111
5350.0 151745.47228227224
5370.0 149488.23243391156
5390.0 147272.6339843333
5410.0 145097.94332872162
5430.0 142963.46416420053
5450.0 140868.4380179943
5470.0 138810.19158441824
5490.0 136790.09260126448
5510.0 134805.4926308082
5530.0 132857.72210890177
5550.0 130944.19476771995
5570.0 129066.3032130148
5590.0 127219.54634405201
5610.0 125407.2315994927
5630.0 123626.87218335105
5650.0 121877.9210005102
5670.0 120159.85582381312
5690.0 118472.14199212287
5710.0 116812.45435119269
5730.0 115182.11090289509
5750.0 113580.7013258924
5770.0 112005.85073001817
5790.0 110458.9765889843
5810.0 108939.56910961372
5830.0 107445.46477939877
5850.0 106004.21729786223
5870.0 104559.22718836703
5890.0 102896.33158061517
5910.0 99293.11962192433
5930.0 100259.64396675954
5950.0 99021.08900903648
5970.0 97694.2403598372
5990.0 96389.55527986147
6010.0 95106.69183466121
6030.0 93843.62950249798
6050.0 92603.35243855474
6070.0 91383.88985701273
6090.0 90183.24610409336
6110.0 89001.17250019802
6130.0 87838.96217923934
6150.0 86696.31050870908
6170.0 85571.3088726881
6190.0 84465.29392401878
6210.0 83376.37569775192
6230.0 82305.86597877003
6250.0 81250.40759249225
6270.0 80214.32756393391
6290.0 79192.80150888252
6310.0 78188.62085583217
6330.0 77198.5154680615
6350.0 76225.26434008467
6370.0 75267.1267147116
6390.0 74323.87878030357
6420.0 72936.98644202689
6460.0 71137.11811137656
6500.0 69392.92914284853
6540.0 67701.37942835016
6580.0 66059.55941657803
6620.0 64468.7622414448
6660.0 62924.83495365412
6700.0 61427.75268524616
6740.0 59973.56764759343
6780.0 58562.34822758555
6820.0 57192.9069801393
6860.0 55862.79441120864
6900.0 54569.672932566915
6940.0 53315.015970835724
6980.0 52096.526348223175
7020.0 50912.009467271775
7060.0 49760.526562496896
7100.0 48642.40091737668
7140.0 47554.36861217977
7180.0 46496.79644931405
7220.0 45468.88243707411
7260.0 44468.69620007597
7300.0 43495.516567483726
7340.0 42548.64723642136
7380.0 41627.398121002814
7420.0 40699.524802777065
7460.0 39168.535071102575
7500.0 38297.76791419599
7540.0 38169.875105140716
7580.0 37379.891515833195
7620.0 36596.084506055435
7660.0 35832.70341680613
7700.0 35088.218868554
7740.0 34364.1820002952
7780.0 33658.09047356901
7820.0 32970.49449198729
7860.0 32299.97347334314
7900.0 31646.10466231898
7940.0 31008.49949704202
7980.0 30387.70196413416
8020.0 29781.44597075333
8060.0 29191.239136965927
8100.0 28614.85888885963
8140.0 28051.994376936218
8180.0 27504.11902781728
8220.0 26969.103522439964
8260.0 26446.649445285977
8300.0 25936.475477559423
8340.0 25439.15513658453
8380.0 24953.541387712838
8420.0 24479.37000887086
8460.0 24016.379886480085
8500.0 23564.317678199455
8540.0 23122.942475667853
8580.0 22692.01026202916
8620.0 22270.485908454288
8660.0 21858.956920494886
8700.0 21456.41770002419
8740.0 21063.454198346357
8780.0 20679.853483555104
8820.0 20303.874798460358
8860.0 19937.645907877482
8900.0 19578.676907325684
8940.0 19228.319992122248
8980.0 18884.904346214207
9020.0 18549.757296958986
9060.0 18221.972718069253
9100.0 17901.39207630092
9140.0 17587.866163894832
9180.0 17281.248881586827
9220.0 16980.68850175176
9260.0 16686.763204456336
9300.0 16399.336215921336
9340.0 16118.270762367536
9380.0 15842.757080852058
9420.0 15573.359363214186
9460.0 15309.950161159642
9500.0 15051.74457970541
9540.0 14798.641592764561
9580.0 14551.19140394896
9620.0 14308.632431987951
9660.0 14071.50866350343
9700.0 13839.078722442126
9740.0 13611.247799707082
9780.0 13387.928857438792
9820.0 13169.650339784244
9860.0 12955.703509887479
9900.0 12745.39051062498
9940.0 12539.852936778985
9980.0 12338.399925339683
10020.0 12140.952986808774
20000.0 745.1344665545912
40000.0 45.148758598357475
60000.0 8.749113362399955
80000.0 2.7299860095740307
100000.0 1.1060546518000465
120000.0 0.5286342539167075
140000.0 0.2831418397889474
160000.0 0.16484609386769616
