# wavelength (nm)
# intensity (erg s-1 cm-2 nm-1 sr-1)
col1 col2
9.09000015258789 0.0
9.350000762939453 0.0
9.60999984741211 0.0
9.770000457763672 0.0
9.95999984741211 0.0
10.200000000000001 0.0
10.380000305175782 0.0
10.560000610351564 0.0
10.770000457763672 0.0
11.040000152587892 0.0
11.4 0.0
11.779999542236329 0.0
12.130000305175782 0.0
12.479999542236328 0.0
12.70999984741211 0.0
12.840000915527344 0.0
13.05 0.0
13.239999389648439 0.0
13.390000915527345 0.0
13.660000610351563 0.0
13.980000305175782 0.0
14.330000305175782 0.0
14.719999694824219 0.0
15.100000000000001 0.0
15.520001220703126 0.0
15.880000305175782 0.0
16.200001525878907 0.0
16.6 0.0
17.030000305175783 0.0
17.340000915527344 0.0
17.68000030517578 0.0
18.020001220703126 0.0
18.16999969482422 0.0
18.610000610351562 0.0
19.1 0.0
19.389999389648438 0.0
19.840000915527344 0.0
20.18000030517578 0.0
20.5 0.0
21.05 0.0
21.620001220703127 0.0
21.980000305175782 0.0
22.3 0.0
22.68000030517578 0.0
23.0 0.0
23.400000000000002 0.0
24.0 0.0
24.650000000000002 0.0
25.23999938964844 0.0
25.68000183105469 0.0
26.0 0.0
26.400000000000002 0.0
26.85 0.0
27.35 0.0
27.85 0.0
28.400000000000002 0.0
29.0 0.0
29.6 0.0
30.1 0.0
30.8 0.0
31.8 0.0
32.800000000000004 0.0
33.800000000000004 0.0
34.800000000000004 0.0
35.7 0.0
36.6 0.0
37.5 0.0
38.5 0.0
39.5 0.0
40.5 0.0
41.400003051757814 0.0
42.2 0.0
43.0 0.0
44.1 0.0
45.1 0.0
46.0 0.0
47.0 0.0
48.0 0.0
49.0 0.0
50.0 0.0
50.6 3.45251579380362e-05
51.2 7.10621230924639e-05
52.0 0.00011941366801784073
53.0 0.00022410268196957633
54.0 0.0004011010247296807
55.0 0.0007392834896368034
56.0 0.0012950732727993234
57.0 0.002234095698843069
58.0 0.0036042836361230477
59.0 0.006168096230258643
60.0 0.009996416889489313
61.0 0.0161151584070003
62.0 0.025234359189990983
63.0 0.03916262086949523
64.0 0.05906850165644251
65.0 0.08990937893795614
65.80000610351563 0.12335998730976376
66.5 0.16077517068472816
67.5 0.2338069565271222
68.5 0.339989599114702
69.5 0.4871532344267507
70.5 0.6815142358134951
71.60000000000001 0.9928564088656097
72.60000000000001 1.3767992713585977
73.5 1.827862023370347
74.5 2.4821706196504274
75.5 3.3441706595748713
76.5 4.486245831782796
77.5 5.9617605939869875
78.5 7.885556608527179
79.5 10.165032826821015
80.5 13.236625814818835
81.5 17.22501308672014
82.5 22.05856493087919
83.5 27.819685302902467
84.5 35.70429479186474
85.5 44.90992965037936
86.5 56.322413807923255
87.5 69.55696476305422
88.5 86.87276320640235
89.5 107.0910884830428
90.5 129.60599049492905
91.5 9222.679246489832
92.5 56474.69543147726
93.5 83707.70396092144
94.5 203994.22473827185
95.5 1262775.9030015862
96.5 1762521.628535422
97.5 527710.5919049142
98.5 3784914.631250153
99.5 3420394.903114346
100.5 5565258.828200363
101.5 5411034.107358097
102.5 512465.83620901767
103.5 1820822.2725704508
104.5 8333602.693552295
105.5 11117125.563714258
106.5 9492076.404598607
107.5 12247750.342818351
108.5 8248959.320167732
109.5 12793049.39616395
110.5 61234017.65030949
111.5 87510078.58573164
112.5 89675426.14988095
113.5 106798734.58979943
114.5 100107313.28921191
115.5 121397979.32243265
116.5 135191327.08522576
117.5 114390743.68516903
118.5 82583456.4209152
119.5 3310928.13325574
120.5 7362546.660392136
121.5 727068.9191324576
122.5 7352646.427157105
123.5 80025925.61219656
124.5 181798999.09919232
125.5 197951315.9637026
126.5 111439705.46275455
127.5 296903699.12667614
128.5 348750446.28973716
129.5 274292696.41796046
130.5 193924033.81891438
131.5 317253352.00956947
132.5 348967508.16732365
133.5 245294232.88517195
134.5 401242522.1836518
135.5 392304889.87542886
136.5 319949283.9568008
137.5 384654197.1694424
138.5 397686440.52957916
139.5 407996090.3064178
140.5 406066444.8467899
141.5 365340477.4449365
142.5 403458595.61126333
143.5 367223955.2386724
144.20000000000002 408592297.45563555
144.70000000000002 449214393.9754294
145.5 425567305.319581
146.5 383291983.64532113
147.5 363698940.62949127
148.5 406153687.22039515
149.5 427860180.55653095
150.5 422563886.0222961
151.20000000000002 366154026.58444047
151.70000000000002 411814484.7714968
152.5 359345021.6118967
153.5 308950251.3608607
154.5 394109401.3526002
155.5 343332099.012744
156.5 323780487.2116998
157.5 329954604.01765686
158.5 376568718.6237198
159.5 394958677.59372944
160.5 365054405.9840254
161.5 369995772.2627699
162.5 334666405.2064856
163.5 353059292.62744814
164.5 363780377.0307725
165.5 319447449.32263887
166.5 355677378.70891434
167.20000000000002 229253197.15687153
167.70000000000002 340798250.4595575
168.5 389646645.81872165
169.5 366718326.3506671
170.5 333120590.54001355
171.5 310553565.525173
172.5 308877625.777229
173.5 334427952.9045476
174.5 332220562.9706311
175.5 378183288.2256076
176.5 319268024.40599483
177.5 348223223.25905323
178.5 345141703.4480943
179.5 392481437.2707018
180.5 376348091.6754081
181.5 363312104.99100983
182.5 354066858.00877887
183.5 337290857.4856755
184.5 307751878.301356
185.5 305087471.7652523
186.5 312512215.38163
187.5 353888477.1485615
188.5 330586207.2262182
189.5 319659621.9603736
190.5 324408168.8424633
191.5 323743003.0395028
192.5 326439673.4656701
193.5 334636127.5701118
194.5 340887962.9178795
195.5 326475247.77854997
196.70000000000002 357433787.19608563
197.60001220703126 365302865.94878507
198.4 343901237.0892406
199.5 325581739.19563663
200.5 336705192.75988823
201.5 312106612.1922592
202.5 335497143.0798435
203.5 318048082.6686023
204.5 336006489.8273194
205.5 314627677.4204166
206.5 312150258.8438527
207.4 337645734.8115841
207.8 329029468.1644523
208.5 333416644.19895536
209.5 315733231.3171102
210.5 309398278.89186215
211.5 309857179.8885756
212.5 315551922.00593984
213.5 271181153.6185367
214.5 295490505.0911837
215.5 311010505.7329876
216.5 291885581.96817505
217.5 284404102.7976839
218.5 277612159.23503953
219.5 301719905.95817316
220.5 284548691.880384
221.5 259950875.25648183
222.5 245023745.8762884
223.5 276624940.2216337
224.5 247137272.590967
225.5 236224743.88969624
226.5 247280028.2087227
227.5 258410255.4073523
228.5 268142287.33232638
229.5 254404134.50379756
230.5 240600307.9795513
231.5 223691024.74090508
232.5 154920199.295688
233.5 201807270.99535125
234.5 189687851.26202148
235.5 221356820.14833298
236.5 187618735.14266327
237.5 199913976.52472553
238.5 173501768.08478484
239.5 198846887.19467843
240.5 184487711.778205
241.5 193665107.82509705
242.5 211892053.93619424
243.5 200609178.04854637
244.5 220365170.26131147
245.5 210545310.27254152
246.5 211327181.21217248
247.5 200598291.85043886
248.5 216910820.44686317
249.5 208288747.8274074
250.5 232246354.14342585
251.3 201261522.32929143
251.8 212926955.77055043
252.5 194669719.29068398
253.5 197260889.08817452
254.5 192140518.0618357
255.5 207383296.25756443
256.5 201622854.9796918
257.5 221599525.0703504
258.5 214432841.6448996
259.5 208384864.68063945
260.5 197395852.47991645
261.5 195845161.30598804
262.5 210183824.83339575
263.5 211044012.7374234
264.5 237039235.22646332
265.5 231854629.2650926
266.5 209561108.8368567
267.5 222526774.50119925
268.5 215948709.7172795
269.5 209379392.08903208
270.5 217790323.39478445
271.5 204841833.73190036
272.5 207935563.9100933
273.5 224460927.22881553
274.5 183845617.07579508
275.5 185586377.44896156
276.5 193869297.25088623
277.5 209775471.4466083
278.5 208944249.74222338
279.5 162222100.76078966
280.5 182397358.02324063
281.5 214449266.43502668
282.5 217524165.40035298
283.5 204041220.7061709
284.5 196720195.1831073
285.5 194925245.7349169
286.5 207102470.54357764
287.5 198751254.17247337
288.5 202648958.7287939
289.5 194898571.3664547
291.0 215070658.26243922
293.0 206508338.77481788
295.0 205233456.75107
297.0 206176417.95790085
299.0 206673465.21137458
301.0 211890793.42904496
303.0 207404763.07628867
305.0 204126425.89650455
307.0 201093760.28687713
309.0 203422248.03389335
311.0 196691891.06802782
313.0 194945184.66618744
315.0 196532188.6319317
317.0 192950298.41228727
319.0 185659805.1735064
321.0 189242204.68896872
323.0 186038110.10703814
325.0 185151884.45432067
327.0 184699515.1764717
329.0 183845578.87860873
331.0 183682833.4000007
333.0 179774433.6315044
335.0 176934396.43259993
337.0 175801340.5617401
339.0 172945298.74175832
341.0 174800141.37813306
343.0 172838945.0425866
345.0 171349611.28231898
347.0 168214882.79078555
349.0 166484410.19314057
351.0 167332527.7862841
353.0 167005585.335987
355.0 165747637.3981841
357.0 163222994.366906
359.0 161576886.62149513
361.0 160173381.9389381
363.0 158326802.6272087
364.0 158123288.01837823
365.0 159323800.1203181
367.0 147081741.95403945
369.0 158358697.27780432
371.0 214418504.9676259
373.0 225911579.97171408
375.0 276826035.67532915
377.0 276436297.0506857
379.0 303864474.2529524
381.0 328199952.60105735
383.0 277056059.131481
385.0 331985472.0210912
387.0 339188009.8721218
389.0 261605526.43923786
391.0 330526594.1507337
393.0 323494670.3986977
395.0 325188231.7819408
397.0 244278951.67220014
399.0 315763203.3759932
401.0 313009084.3815675
403.0 305723454.9178475
405.0 306078077.59584713
407.0 299674930.46058315
409.0 282811942.21178347
411.0 235424130.86396676
413.0 283276369.0681211
415.0 285315131.1567328
417.0 280495333.78971964
419.0 277936631.60061985
421.0 274608714.47296375
423.0 270500097.7860579
425.0 265858961.39196193
427.0 261226915.9282154
429.0 260021871.09349626
431.0 253950810.29629007
433.0 232601537.04682517
435.0 204456233.13577732
437.0 245417686.19142947
439.0 239779908.81129664
441.0 239882149.94673887
443.0 235845165.7166198
445.0 233869225.26714528
447.0 229089407.6218368
449.0 224908751.04148978
451.0 223505004.44341928
453.0 220443067.05665836
455.0 214978883.15605474
457.0 216489021.6504833
459.0 211046240.90662667
461.0 211947197.94087672
463.0 205533037.28355074
465.0 206353207.26868734
467.0 202832750.8570764
469.0 200825743.36271036
471.0 195961611.79474953
473.0 195779220.2299662
475.0 193121549.13105416
477.0 191753185.85993183
479.0 189264129.87392905
481.0 186195546.17674464
483.0 183068418.9252933
485.0 169428509.26003623
487.0 144619525.8576397
489.0 176494734.08540744
491.0 175072245.4012384
493.0 171195141.86075172
495.0 170849648.31028783
497.0 169229769.2994985
499.0 166575612.34172994
501.0 161961379.49921426
503.0 161417731.67840323
505.0 157868207.207986
507.0 158062032.46388102
509.0 156220622.50470325
511.0 153769381.73317912
513.0 152741342.65996906
515.0 149710344.9941452
517.0 147582965.4332199
519.0 146739316.9108784
521.0 144543577.11879626
523.0 142284977.49039054
525.0 141896906.80955073
527.0 138926438.95168358
529.0 139221346.69503513
531.0 136177807.61969566
533.0 135980862.92691603
535.0 134718904.2845472
537.0 133029048.02837926
539.0 131465789.98014432
541.0 129626951.9648469
543.0 128311861.0362763
545.0 127283019.82215305
547.0 125632557.59749919
549.0 124362768.53193027
551.0 122896773.25251764
553.0 121785922.67931801
555.0 120534086.29132985
557.0 119169491.80925994
559.0 117942203.47969426
561.0 116946542.88810681
563.0 115649913.93293487
565.0 113786400.53526048
567.0 112804185.35326543
569.0 111838509.55295649
571.0 110659196.88943644
573.0 109480813.69078405
575.0 108278047.95484997
577.0 107139720.87227495
579.0 105722980.86465041
581.0 104735252.55542667
583.0 103640374.77231573
585.0 102607064.48739046
587.0 100758842.69664834
589.0 100110311.76833977
591.0 99354924.2112393
593.0 98419882.55437668
595.0 96790587.93715405
597.0 96131393.62765832
599.0 94850495.54706158
601.0 94324832.23481993
603.0 93358831.7584271
605.0 92300317.69671379
607.0 91346463.92557772
609.0 90420901.53712566
611.0 89529576.56003153
613.0 88584126.16989072
615.0 86808854.6388642
617.0 86777768.4953795
619.0 85956586.28480482
621.0 85089739.33795823
623.0 84102488.49356376
625.0 82501383.39986157
627.0 82541725.99483651
629.0 81678183.10460849
631.0 80635680.03017025
633.0 80014708.37180746
635.0 78210375.14817236
637.0 77690479.61106837
639.0 77552925.17685291
641.0 76719507.13425334
643.0 76095072.26432887
645.0 74865810.41346887
647.0 74687276.7645061
649.0 73682455.21439429
651.0 72913507.65614237
653.0 71954319.01131386
655.0 68197778.52331813
656.124755859375 57516692.9402916
659.0 69555191.93435574
661.0 69550729.22975144
663.0 68959876.05281936
665.0 68399275.0474702
667.0 67585388.49948686
669.0 66960845.40420109
671.0 66447742.60006827
673.0 65759512.06275485
675.0 65187483.73249168
677.0 64589665.9352499
679.0 63944426.331164464
681.0 63348308.30871491
683.0 62683511.74522234
685.0 62121217.331278674
687.0 61565683.81931755
689.0 60996596.672402725
691.0 60416725.186543986
693.0 59790093.97840485
695.0 59301233.65520379
697.0 58770101.77911752
699.0 58278427.596522585
701.0 57649854.69807773
703.0 57196129.42011363
705.0 56523438.7714437
707.0 56020566.44705282
709.0 55657247.54296265
711.0 55043304.1668868
713.0 54574541.92989938
715.0 54107797.77759036
717.0 53638418.019423746
719.0 53158330.3166859
721.0 52702351.40472762
723.0 52098040.085807696
725.0 51707193.742760345
727.0 51288091.031116456
729.0 50788185.35486481
731.0 50308683.34231755
733.0 49922923.59125141
735.0 49525083.9800046
737.0 49086659.858269356
739.0 48650056.469083086
741.0 48159566.39926476
743.0 47670387.766177505
745.0 47298111.62189012
747.0 46800192.19932826
749.0 46476849.8338439
751.0 46021265.62614449
753.0 45735881.714587554
755.0 45343478.83619676
757.0 44954571.000356264
759.0 44555604.57211237
761.0 44209907.303321324
763.0 43812621.55127647
765.0 43377902.5566164
767.0 43042925.964792036
769.0 42673320.44044972
771.0 42235357.86804944
773.0 41960891.98558861
775.0 41600848.49022727
777.0 40577558.60051906
779.0 40903014.54364768
781.0 40592541.44686173
783.0 40232873.557166085
785.0 39768335.292368315
787.0 39362206.891685285
789.0 38996277.846528396
791.0 38888447.189484775
793.0 38599093.95364712
795.0 38111042.13755696
797.0 37955881.983536676
799.0 37296503.054306954
801.0 37334767.08572511
803.0 37022562.38315832
805.0 36717621.51219425
807.0 36413400.021572955
809.0 36113571.207380995
811.0 35803486.448656194
813.0 35538649.440252416
815.0 35249799.13403494
817.0 34975027.67408337
819.0 34614019.69976688
821.0 34298803.78567679
823.0 33965886.65881603
825.0 33933543.191280894
827.0 33681066.155757636
829.0 33076417.428358354
831.0 32502367.830317922
833.0 31770993.57103115
835.0 31420330.668015637
837.0 30757695.428650256
839.0 30807991.573766157
841.0 30690458.831391655
843.0 31598803.838100027
845.0 31366272.100045044
847.0 29560996.67914685
849.0 33206717.58026769
851.0 29322668.518064458
853.0 33644250.43432162
855.0 28261557.047679897
857.0 33761967.79643011
859.0 30816980.644951988
861.0 29713116.973754082
863.0 33286893.474399664
865.0 32227625.018256105
867.0 26891191.607373472
869.0 32160289.744932786
871.0 32452985.23457537
873.0 31761616.161784176
875.0 26174604.43384937
877.0 30770943.486113224
879.0 31528925.2687861
881.0 31318729.335444633
883.0 30830967.1813509
885.0 29394195.932588816
887.0 25306567.008028448
889.0 30048252.720521547
891.0 30044923.199112065
893.0 29830796.13867623
895.0 29748522.582394302
897.0 29460267.515663985
899.0 28950974.88086878
901.0 24655486.41753154
903.0 26770730.41404608
905.0 28422688.695164993
907.0 28065704.157809872
909.0 27862517.408162173
911.0 27842903.152975526
913.0 27645522.37565182
915.0 27539124.11309603
917.0 27237305.862115417
919.0 26816449.26299866
921.0 26196827.23855329
923.0 21623459.019225888
925.0 25514557.05385866
927.0 25639714.909556698
929.0 26009501.87053413
931.0 25896489.128543437
933.0 25679510.011527393
935.0 25539588.943308156
937.0 25348045.96929706
939.0 25080377.594455678
941.0 24672557.376727574
943.0 24766918.750937328
945.0 24619229.329945773
947.0 24409046.128999755
949.0 24227711.35303857
951.0 23938294.455223683
953.0 23177742.320219874
955.0 19436674.87579154
957.0 23068846.91660697
959.0 23299352.61223639
961.0 23170012.1646339
963.0 22771933.820972454
965.0 22877240.280618638
967.0 22626894.329783376
969.0 22538695.43497014
971.0 22396337.704572164
973.0 22228363.98608355
975.0 22062206.22549561
977.0 21917954.55127484
979.0 21752172.396352597
981.0 21583196.0017225
983.0 21407350.47974856
985.0 21263030.36890226
987.0 21118476.300289612
989.0 20918518.80443725
991.0 20829893.374376528
993.0 20678576.812231906
995.0 20533152.16608055
997.0 20392343.013278857
999.0 20236277.267632376
1002.5 19296378.201906603
1007.5 18381140.194612917
1012.5 19164497.641412366
1017.5 18952289.989590216
1022.5 18659000.852009904
1027.5 18339842.669979434
1032.5 18015850.952327263
1037.5 17718406.279182818
1042.5 17425274.704996165
1047.5 17113966.044758987
1052.5 16806150.835522678
1057.5 16552704.546395987
1062.5 16288400.70705157
1067.5 15917817.971358677
1072.5 15721790.01105125
1077.5 15485325.554352468
1082.5 15199846.149829673
1087.5 14968129.28508332
1092.5 13506230.653905887
1097.5 14262534.943478573
1102.5 14275034.972709011
1107.5 14054530.573703483
1112.5 13830623.44201465
1117.5 13608228.28228519
1122.5 13394949.517696034
1127.5 13083036.864449821
1132.5 12896709.397923848
1137.5 12771996.380291754
1142.5 12572256.13093671
1147.5 12382335.741570435
1152.5 12191618.781713987
1157.5 12002386.737476584
1162.5 11793323.987329932
1167.5 11608949.351955695
1172.5 11457812.63489677
1177.5 11233576.052475737
1182.5 11108333.844657863
1187.5 10930797.301413568
1192.5 10787467.1343133
1197.5 10616457.535285205
1202.5 10466986.374705736
1207.5 10310574.467058029
1212.5 10156789.411746055
1217.5 10009626.793616133
1222.5 9861720.126127258
1227.5 9714292.515017089
1232.5 9575243.615885993
1237.5 9437339.040795727
1242.5 9304833.797149854
1247.5 9148716.326146867
1252.5 9038362.267480524
1257.5 8895346.431392863
1262.5 8778381.872165198
1267.5 8658130.763362685
1272.5 8535792.337481523
1277.5 8362931.766465269
1282.5 7604509.12460003
1287.5 8152864.748627707
1292.5 8068374.163988513
1297.5 7956093.534736043
1302.5 7847061.257872078
1307.5 7738409.361322103
1312.5 7632225.957939483
1317.5 7513267.187274877
1322.5 7425367.503754654
1327.5 7324285.016298129
1332.5 7224847.39517846
1337.5 7127359.422111666
1342.5 7028791.582755993
1347.5 6933798.363422164
1352.5 6839032.735656957
1357.5 6749702.249198338
1362.5 6660526.540921875
1367.5 6567343.311178359
1372.5 6482341.043397125
1377.5 6402821.265518048
1382.5 6318947.008395976
1387.5 6237047.06834296
1392.5 6154304.402866273
1397.5 6075039.272896143
1402.5 5997356.143060346
1407.5 5920016.390014271
1412.5 5842717.221478684
1417.5 5769344.007501815
1422.5 5695373.962488353
1427.5 5623180.484527154
1432.5 5551561.158023159
1437.5 5480802.461873934
1442.5 5399938.222613088
1447.5 5343238.478361884
1452.5 5270422.306685838
1457.0 5218145.876190516
1462.0 5158951.378206348
1467.5 5091398.858385708
1472.5 5028674.303763761
1477.5 4961188.62901922
1482.5 4896679.549597856
1487.5 4822898.103191957
1492.5 4740572.821553528
1497.5 4666456.751879779
1502.5 4588971.769948131
1507.5 4530614.029077269
1512.5 4474236.971473184
1517.5 4437771.788799327
1522.5 4455231.086056508
1527.5 4294027.81884702
1532.5 4279329.461965126
1537.5 4322814.969178767
1542.5 4140107.481833417
1547.5 4245845.25137538
1552.5 4219784.425218797
1557.5 3955699.026033773
1562.5 4185837.0737446537
1567.5 4025693.7784561575
1572.5 3850040.8339633564
1577.5 4046375.9633109495
1582.5 3994510.5504561625
1587.5 3641777.837405741
1592.5 3865772.106425917
1597.5 3873329.1810112777
1605.0 3775766.8030085885
1615.0 3562488.038419432
1625.0 3636849.2067055427
1635.0 3519826.953811007
1645.0 3330259.092643682
1655.0 3397399.0032743555
1665.0 3321890.72573591
1675.0 3213957.6126976735
1685.0 3044147.6440531337
1695.0 3105377.3358720895
1705.0 3039150.7756710844
1715.0 2974049.043030381
1725.0 2908031.771579542
1735.0 2708288.9359566728
1745.0 2777365.762244775
1755.0 2727116.965724444
1765.0 2670318.5454085236
1775.0 2613862.9050512877
1785.0 2560194.4656349486
1795.0 2508487.0140611804
1805.0 2450587.6394264223
1815.0 2297706.783134888
1825.0 2340283.3166797953
1835.0 2309147.636219049
1845.0 2262871.148134613
1855.0 2215887.2163281334
1865.0 2170640.4607255016
1875.0 2030381.7850832283
1885.0 2083987.557240725
1895.0 2046355.967777683
1905.0 2006423.5946685688
1915.0 1967538.858972357
1925.0 1929189.6796596493
1935.0 1889924.7625931266
1945.0 1768788.3544196654
1955.0 1818196.4149531135
1965.0 1785917.4051699308
1975.0 1752045.2544063982
1985.0 1719067.5544230419
1995.0 1686812.218937644
2005.0 1655411.4460248102
2015.0 1624697.0288040603
2025.0 1594653.3501966032
2035.0 1565265.0915391664
2045.0 1536660.7704482966
2055.0 1508537.694116601
2065.0 1481167.0227783723
2075.0 1454392.0882865044
2085.0 1428337.230440288
2095.0 1402575.8145203972
2105.0 1377644.2921568912
2115.0 1352584.2521768387
2125.0 1328863.202627386
2135.0 1305434.202398507
2145.0 1282761.2876211538
2155.0 1259393.064686168
2165.0 1181920.4172626105
2175.0 1214195.8460595738
2185.0 1196300.5637301605
2195.0 1175792.9519535727
2205.0 1155829.45113868
2215.0 1136018.7390691559
2225.0 1116964.8087540336
2235.0 1098145.631979972
2245.0 1079735.5828814958
2255.0 1061679.0567003626
2265.0 1044038.7206954146
2275.0 1026724.9507393233
2285.0 1013520.4619420253
2295.0 1008498.0292972423
2305.0 988097.6481635625
2315.0 968257.3929577268
2325.0 949397.930088695
2335.0 931210.1010795109
2345.0 914518.5274790695
2355.0 896335.7715336966
2365.0 881278.6197269694
2375.0 867048.4767932837
2385.0 852909.8479518757
2395.0 839499.1540314343
2405.0 824716.2958219422
2415.0 809840.4314425808
2425.0 806498.9734123664
2435.0 786732.2278958713
2445.0 773409.3676096487
2455.0 770414.3699961775
2465.0 752769.1598710974
2475.0 741687.0022399299
2485.0 742273.8363566615
2495.0 705764.1897705779
2505.0 722528.2286060458
2515.0 710376.4502854613
2525.0 672381.6891366515
2535.0 687399.3506231238
2545.0 680045.5467416431
2555.0 667256.3031380558
2565.0 631096.6482190152
2575.0 648684.4630927428
2585.0 640588.6490250159
2595.0 631244.8612597695
2605.0 617289.4595465962
2615.0 585624.0418049523
2625.0 573104.3668862269
2635.0 592855.8434753692
2645.0 586753.1466543499
2655.0 578301.1239296154
2665.0 568524.0368318014
2675.0 535264.1849758951
2685.0 552326.340914142
2695.0 546088.6110710931
2705.0 538411.9713347345
2715.0 530857.8311686368
2725.0 523415.89523741894
2735.0 516108.59444087284
2745.0 508559.47760266653
2755.0 480977.87622892135
2765.0 488963.1770830389
2775.0 488131.64224130346
2785.0 481447.631990641
2795.0 474869.55924897414
2805.0 468395.78273095214
2815.0 462017.0018195881
2825.0 455754.1553370826
2835.0 449612.8137064438
2845.0 443561.1956749731
2855.0 437649.484785664
2865.0 429004.238012832
2875.0 406591.7156431531
2885.0 419827.9110892702
2895.0 414578.8567263002
2905.0 409391.9971309353
2915.0 403948.9229451524
2925.0 398717.72377736046
2935.0 393506.61792113393
2945.0 388398.39081484044
2955.0 383384.5376162084
2965.0 378429.37280284154
2975.0 373559.18180830986
2985.0 368765.78307381994
2995.0 364048.0575411783
3005.0 359398.1718030296
3015.0 354828.2116878648
3025.0 350107.5517359599
3035.0 333692.11196178297
3045.0 335739.59056874044
3055.0 337123.5671387238
3065.0 333050.8916168416
3075.0 328890.83008401806
3085.0 324588.5735567258
3095.0 320779.3740695403
3105.0 316813.4318313692
3115.0 312910.30605979956
3125.0 309050.5251422627
3135.0 305288.4504390083
3145.0 301537.5911856499
3155.0 297894.38533051725
3165.0 294261.1763952476
3175.0 290709.3602925935
3185.0 287219.9627691833
3195.0 283762.5951780703
3210.0 278678.688936518
3230.0 272083.109151111
3250.0 265679.36080804945
3270.0 259456.32792927674
3290.0 246523.37238566947
3310.0 248062.67423292654
3330.0 243183.20748936775
3350.0 237109.2580299444
3370.0 231341.507760254
3390.0 225880.72758705204
3410.0 220433.82373545095
3430.0 215342.83012533907
3450.0 210369.8598527138
3470.0 205676.19407123487
3490.0 201061.19808076706
3510.0 196771.35066544404
3530.0 192584.75501945187
3550.0 188070.62347416856
3570.0 183767.5836061408
3590.0 181293.08482647978
3610.0 175705.81377545957
3630.0 173938.7960197818
3650.0 168104.34988175193
3670.0 166989.40733549354
3690.0 160714.58693031635
3710.0 159962.256540729
3730.0 155075.3045412529
3750.0 148650.2194886331
3770.0 150393.028285389
3790.0 147444.98138012993
3810.0 142514.07526160465
3830.0 140203.903960686
3850.0 138714.61158070358
3870.0 135935.430556861
3890.0 133023.653571055
3910.0 127556.10931277166
3930.0 128031.3733275999
3950.0 125516.1035277515
3970.0 123109.55644840276
3990.0 120718.47724008575
4010.0 117257.69030449227
4030.0 114117.91142872718
4050.0 111158.56203571262
4070.0 111697.6123675769
4090.0 109632.95000035744
4110.0 107574.71600076128
4130.0 105558.11096596761
4150.0 103526.57272127914
4170.0 98991.25367419672
4190.0 99711.70955623595
4210.0 97958.07076296184
4230.0 96166.04827364674
4250.0 94416.60594859869
4270.0 92702.22744695058
4290.0 91028.67591839952
4310.0 89391.79841364919
4330.0 87794.00090781589
4350.0 86228.09034351064
4370.0 82640.00432140351
4390.0 82850.08262929485
4410.0 81742.69372584338
4430.0 80312.74251507237
4450.0 78914.21818857206
4470.0 77813.51876632242
4490.0 76467.54043900229
4510.0 75151.1736348832
4530.0 73855.01204814883
4550.0 72601.85959798905
4570.0 71367.76843906051
4590.0 70160.91391316657
4610.0 68980.74270820039
4630.0 67795.92119474073
4650.0 65006.69973210544
4670.0 63587.82098046126
4690.0 64365.96431238134
4710.0 63428.60386746972
4730.0 62386.822859113905
4750.0 61354.995251691296
4770.0 60364.59766539229
4790.0 59385.95640711622
4810.0 58424.051285824644
4830.0 57483.71911970998
4850.0 56561.98197057922
4870.0 55658.47303602445
4890.0 54772.84416460767
4910.0 53904.72855392095
4930.0 53053.81535446608
4950.0 52219.76263179501
4970.0 51402.23155995467
4990.0 50598.51463981551
5010.0 49813.13784007171
5030.0 49040.99701196238
5050.0 48284.20282358049
5070.0 47542.459967902716
5090.0 46815.49800586561
5110.0 46036.44077642075
5130.0 44108.415414641655
5150.0 44682.06018716356
5170.0 44040.92066309176
5190.0 43379.389411936325
5210.0 42728.896426462896
5230.0 42091.45601142
5250.0 41466.816378714066
5270.0 40852.59020419871
5290.0 40250.73583971276
5310.0 39658.89393756469
5330.0 39079.01352410836
5350.0 38508.77255359204
5370.0 37950.08275042981
5390.0 37398.60776412141
5410.0 36860.3842919224
5430.0 36331.09774279739
5450.0 35810.58647500732
5470.0 35298.71060627798
5490.0 34797.30725714388
5510.0 34304.21602359235
5530.0 33819.29391485422
5550.0 33342.397940160285
5570.0 32875.3434605802
5590.0 32416.019808021007
5610.0 31964.308859673372
5630.0 31520.076950253067
5650.0 31085.077270930084
5670.0 30657.28619147097
5690.0 30234.729817561987
5710.0 29821.010894887582
5730.0 29414.143095154082
5750.0 29014.026946522063
5770.0 28622.337927786957
5790.0 28235.35827894998
5810.0 27854.79767225138
5830.0 27480.553527356737
5850.0 27165.072371606806
5870.0 26802.786606908932
5890.0 26392.937760487446
5910.0 25335.69509808985
5930.0 25726.050572477565
5950.0 25412.823075589775
5970.0 25079.653029143272
5990.0 24752.0332004876
6010.0 24429.873443268276
6030.0 24113.080502635832
6050.0 23799.936935112564
6070.0 23493.6444905302
6090.0 23190.855319792856
6110.0 22893.129887381612
6130.0 22601.97892185786
6150.0 22314.127623757777
6170.0 22029.52159441918
6190.0 21751.25534059691
6210.0 21476.11001573683
6230.0 21207.136607664037
6250.0 20941.158234506653
6270.0 20679.660756866204
6290.0 20421.060396549223
6310.0 20166.82591743483
6330.0 19916.888932633417
6350.0 19671.179501007886
6370.0 19429.637006906076
6390.0 19190.730516549225
6420.0 18840.138909974627
6460.0 18384.84852965492
6500.0 17943.558810735325
6540.0 17514.465271878642
6580.0 17098.598379171493
6620.0 16694.209604186348
6660.0 16303.68316257461
6700.0 15922.595665976516
6740.0 15553.345318270882
6780.0 15194.279954374633
6820.0 14846.411389404497
6860.0 14506.873590986828
6900.0 14179.224231628827
6940.0 13859.389628656236
6980.0 13548.395585413204
7020.0 13246.002747786093
7060.0 12953.181743333118
7100.0 12667.2911284431
7140.0 12388.152164654557
7180.0 12119.080838989823
7220.0 11856.346957470176
7260.0 11599.787324109053
7300.0 11351.499395895731
7340.0 11109.03367878419
7380.0 10873.125331837733
7420.0 10643.604164956083
7460.0 10347.475721841978
7500.0 10036.149846759588
7540.0 9989.956834199405
7580.0 9784.514846574115
7620.0 9583.340822559472
7660.0 9387.256181954539
7700.0 9196.335528638892
7740.0 9009.950946626113
7780.0 8828.587361133437
7820.0 8651.532149686176
7860.0 8478.972599107015
7900.0 8310.608739630163
7940.0 8146.435908513149
7980.0 7986.352302545302
8020.0 7830.074271559492
8060.0 7677.698178900168
8100.0 7528.946591390163
8140.0 7383.737133912448
8180.0 7242.076023456986
8220.0 7103.7930699235
8260.0 6968.7196374592
8300.0 6836.872045662745
8340.0 6708.088652795056
8380.0 6582.3010719665235
8420.0 6459.610717825944
8460.0 6339.610766092514
8500.0 6222.490057836405
8540.0 6107.939297806883
8580.0 5996.063009147725
8620.0 5886.722086708476
8660.0 5779.85980045571
8700.0 5675.422917412855
8740.0 5573.357816041467
8780.0 5473.534328114164
8820.0 5375.906214768084
8860.0 5280.501063896196
8900.0 5187.194924261081
8940.0 5095.868895929669
8980.0 5006.629833416972
9020.0 4919.285787157839
9060.0 4833.796735279372
9100.0 4750.197259788248
9140.0 4668.446173125953
9180.0 4588.36395970726
9220.0 4509.9863672244655
9260.0 4433.347977684249
9300.0 4358.2751039294735
9340.0 4284.802716528691
9380.0 4212.831732204343
9420.0 4142.40023001996
9460.0 4073.407572450493
9500.0 4005.8257830411003
9540.0 3939.6944951028063
9580.0 3874.851678334661
9620.0 3811.402244442315
9660.0 3749.18999155291
9700.0 3688.254164415597
9740.0 3628.5706721942634
9780.0 3570.0516999056604
9820.0 3512.736103737066
9860.0 3456.6021242236047
9900.0 3401.5032735392374
9940.0 3347.5413548946326
9980.0 3294.6347702965068
10020.0 3242.7629259656014
20000.0 206.0924159152128
40000.0 12.734063531328927
60000.0 2.484780700550757
80000.0 0.7780647464196723
100000.0 0.31594538852961845
120000.0 0.15124952324976065
140000.0 0.08112448093383402
160000.0 0.04728993529649399
