# wavelength (nm)
# intensity (erg s-1 cm-2 nm-1 sr-1)
col1 col2
9.09000015258789 1.1758320642172957e-19
9.350000762939453 8.442096490823562e-19
9.60999984741211 5.473143132857005e-18
9.770000457763672 1.6521536389822726e-17
9.95999984741211 5.85202530950053e-17
10.200000000000001 2.7070655758249113e-16
10.380000305175782 8.162015563696654e-16
10.560000610351564 2.3707334050389555e-15
10.770000457763672 7.861765361010946e-15
11.040000152587892 3.424398609060984e-14
11.4 2.1886979189187046e-13
11.779999542236329 1.3722305768955834e-12
12.130000305175782 6.689952350412924e-12
12.479999542236328 2.973549715687508e-11
12.70999984741211 7.563102821170903e-11
12.840000915527344 1.2622278629863192e-10
13.05 2.821776186314377e-10
13.239999389648439 5.712384435116387e-10
13.390000915527345 9.819514650900968e-10
13.660000610351563 2.5253213669384435e-09
13.980000305175782 7.3650274172733995e-09
14.330000305175782 2.2367112266566057e-08
14.719999694824219 7.252188829148324e-08
15.100000000000001 2.1433699758892473e-07
15.520001220703126 6.653000711844154e-07
15.880000305175782 1.6715903443603208e-06
16.200001525878907 3.6629882721385565e-06
16.6 9.350185266396187e-06
17.030000305175783 2.4308320566507965e-05
17.340000915527344 4.7093283160362275e-05
17.68000030517578 9.478812077071174e-05
18.020001220703126 0.00018534821613311374
18.16999969482422 0.00024820708081750955
18.610000610351562 0.0005629830299410029
19.1 0.001343063485543114
19.389999389648438 0.0022010871940309367
19.840000915527344 0.004618911350044861
20.18000030517578 0.00790529474057959
20.5 0.012904241714350713
21.05 0.02904676386316256
21.620001220703127 0.06442958354060245
21.980000305175782 0.10492854396497471
22.3 0.15957507324524844
22.68000030517578 0.262304142143904
23.0 154.25997418671955
23.400000000000002 336.9901439285332
24.0 570.8029281248372
24.650000000000002 1038.183216835251
25.23999938964844 1794.6398420901623
25.68000183105469 2509.126830920637
26.0 4599.243303583309
26.400000000000002 8407.319458394602
26.85 12981.87315201941
27.35 18462.338646820277
27.85 24120.309307717085
28.400000000000002 53998.0455732885
29.0 80911.90492290368
29.6 110861.92457654516
30.1 169913.68047112826
30.8 420658.8988358888
31.8 1002035.9407203535
32.800000000000004 1514567.5775511558
33.800000000000004 2848191.9003011356
34.800000000000004 4613385.342443713
35.7 10181030.301128382
36.6 20616837.4267077
37.5 25057435.40940898
38.5 36636481.13910714
39.5 64141479.249305405
40.5 81681028.79499099
41.400003051757814 107686437.20038879
42.2 123244163.9299032
43.0 145006195.97498032
44.1 186089930.95650885
45.1 211451462.1241341
46.0 229834354.61467046
47.0 281172595.36835515
48.0 337891189.9310181
49.0 375183968.7596567
50.0 460001686.83508
50.6 1220288567.8445346
51.2 7066414283.415463
52.0 6993237030.553826
53.0 6220615310.412468
54.0 5378171170.821105
55.0 6796619101.970952
56.0 9169484136.361044
57.0 10071701270.323725
58.0 9153119035.703817
59.0 9840189244.35533
60.0 7434855990.419511
61.0 9706316967.97366
62.0 12025394252.44432
63.0 11804832493.997303
64.0 11937247776.903143
65.0 12019090392.528755
65.80000610351563 10513689367.79822
66.5 12002955901.017872
67.5 13091582638.18956
68.5 9818769484.564669
69.5 13460795215.343573
70.5 9306009640.235615
71.60000000000001 14745890351.846
72.60000000000001 14515375730.80737
73.5 14466180199.418728
74.5 14193862577.64735
75.5 14215854378.500671
76.5 13532094185.228815
77.5 14842258899.07126
78.5 15307189754.550247
79.5 15464321774.653467
80.5 14851186651.040617
81.5 14738118090.228283
82.5 15521160817.677061
83.5 10538802133.423594
84.5 14759857280.355927
85.5 14765199589.76731
86.5 15320882885.628473
87.5 15447269735.797064
88.5 15874871245.007687
89.5 16031853328.42212
90.5 15536025736.5731
91.5 20684781550.448917
92.5 59658934924.56343
93.5 85765239720.7259
94.5 94890249701.64851
95.5 98120205408.4793
96.5 100951909712.9297
97.5 38418228875.754
98.5 71952068025.65793
99.5 68054216079.127716
100.5 81286291839.33157
101.5 85547349116.98457
102.5 76997998236.2109
103.5 82502597815.73933
104.5 94443470963.99258
105.5 90005781747.96083
106.5 78189629848.83334
107.5 80114171553.21098
108.5 77207935676.45999
109.5 81004808522.58472
110.5 78116336883.96187
111.5 76711782135.28752
112.5 65936001805.74124
113.5 73897124980.45366
114.5 71267404952.76012
115.5 69013921710.14098
116.5 66239414992.969955
117.5 41707455207.561325
118.5 60363083248.01722
119.5 59105127467.05873
120.5 57178454054.105705
121.5 50749823997.015854
122.5 55782145823.3147
123.5 58959023942.314514
124.5 57946064710.83564
125.5 56763631388.121025
126.5 58140337026.599625
127.5 59492863744.264534
128.5 59362092875.69551
129.5 56371599098.83212
130.5 55718696528.01149
131.5 58303709346.500336
132.5 56204328425.02293
133.5 54625335376.91666
134.5 54923093343.383484
135.5 53396966016.04793
136.5 51825831606.1301
137.5 50323130256.67105
138.5 48614458270.229324
139.5 32733353244.410614
140.5 30401071752.846905
141.5 45754402893.625046
142.5 42073196424.42057
143.5 44630578518.76037
144.20000000000002 44189676647.40628
144.70000000000002 43933496776.63902
145.5 42029939689.70522
146.5 40910551485.13274
147.5 41269920392.71849
148.5 41199939072.973305
149.5 39912872757.9373
150.5 38958046588.29613
151.20000000000002 37501871245.26665
151.70000000000002 38023670479.208336
152.5 36579043520.70877
153.5 31559185996.53875
154.5 24315721744.73721
155.5 25267614370.467316
156.5 30566484515.51243
157.5 32572474436.834312
158.5 32936041571.70613
159.5 32540844314.48651
160.5 30684214151.650127
161.5 29521500763.00437
162.5 30042547054.00889
163.5 30526252590.518723
164.5 30453145416.761627
165.5 30397088652.11432
166.5 29948706243.787
167.20000000000002 27678104142.70015
167.70000000000002 32073625294.75689
168.5 30477373229.973827
169.5 29421779826.987404
170.5 29162232899.708885
171.5 27881327026.886127
172.5 26968608620.595123
173.5 27847750987.077316
174.5 27507831475.621952
175.5 27185514857.379627
176.5 26803272456.02061
177.5 25902646769.629684
178.5 26198478375.594902
179.5 25646859667.797188
180.5 25680008713.992275
181.5 24822657689.52948
182.5 24583777579.10445
183.5 24510655737.6278
184.5 23125424894.59431
185.5 23458750451.236237
186.5 23471601003.31334
187.5 23032597786.76836
188.5 21771341768.909916
189.5 21171500488.454063
190.5 21916345214.68748
191.5 21207364692.513508
192.5 20031341163.244583
193.5 21120334593.405155
194.5 21322139598.034115
195.5 19452660512.86725
196.70000000000002 20353502955.55827
197.60001220703126 20773539180.97157
198.4 19998579996.744404
199.5 19457773028.005596
200.5 19753371580.204544
201.5 19729096504.340443
202.5 19735041820.00021
203.5 18868314863.248314
204.5 18655557961.351357
205.5 15754100501.682177
206.5 17684297426.82172
207.4 18792634319.582565
207.8 18010807383.11026
208.5 18007313206.362854
209.5 17278443256.47183
210.5 17431308599.93106
211.5 17592575287.20227
212.5 17326475148.775745
213.5 17155338715.990402
214.5 16753368231.829443
215.5 16757046569.944603
216.5 16328861611.445
217.5 16288056015.64202
218.5 16028791034.528286
219.5 16054809939.272858
220.5 15812096664.804028
221.5 15458223262.811676
222.5 15318373075.83789
223.5 15075975972.21281
224.5 14887243165.2009
225.5 14604571763.170063
226.5 14537840158.179693
227.5 14395256886.128763
228.5 14089240993.55228
229.5 13227921536.076454
230.5 13608813692.363068
231.5 13448981996.988356
232.5 12674683675.01449
233.5 13136003011.989626
234.5 13024207283.285372
235.5 12794911712.716452
236.5 12611898501.457819
237.5 12373045281.85197
238.5 12011254570.792965
239.5 11981196339.057512
240.5 11930489217.68136
241.5 11771236082.355776
242.5 11686587857.928547
243.5 11491697053.323317
244.5 11363786390.067585
245.5 11219665452.08327
246.5 11069613051.28543
247.5 10912804535.885736
248.5 10557167748.053509
249.5 7799101914.757421
250.5 10072989585.02467
251.3 9952940819.450607
251.8 10115827474.859375
252.5 10243201136.60472
253.5 10166279540.889925
254.5 9964349860.644743
255.5 9862623521.415236
256.5 9774935004.673508
257.5 9649426587.93162
258.5 9538124672.452396
259.5 9389072121.204248
260.5 9320660247.451483
261.5 9152184376.018818
262.5 9073014544.845512
263.5 8992190520.855686
264.5 8858332097.320263
265.5 8763659301.450262
266.5 8595018825.609253
267.5 8430326410.94856
268.5 8443332603.827611
269.5 8254564757.263429
270.5 8190040644.066139
271.5 8081666568.384826
272.5 8020198230.094901
273.5 7857054889.593913
274.5 7858795458.981148
275.5 7768985827.017055
276.5 7644269467.131156
277.5 7616915799.907047
278.5 7491890603.037177
279.5 7280422830.714476
280.5 7295741634.04342
281.5 7259208418.997589
282.5 7160950180.569613
283.5 7025848260.365219
284.5 7009953341.607073
285.5 6915399517.240132
286.5 6820166495.9704485
287.5 6752856330.930951
288.5 6677597076.765763
289.5 6604860262.927442
291.0 6464651939.134515
293.0 6359378048.955885
295.0 6186905631.381042
297.0 6058998227.618546
299.0 5896189392.610751
301.0 5736431035.833816
303.0 5609293687.347976
305.0 5524433595.860503
307.0 5424378154.350344
309.0 5270114080.856849
311.0 5204223832.55764
313.0 5070912596.448961
315.0 4977840619.193766
317.0 4866120673.707215
319.0 4763697210.362175
321.0 4647554132.556378
323.0 4566901639.39802
325.0 4489579940.888688
327.0 4367765752.291477
329.0 4292389156.369847
331.0 4202694421.54227
333.0 4110890794.5919576
335.0 4013227006.2426286
337.0 3942503336.9132786
339.0 3885895717.9093347
341.0 3805692627.380686
343.0 3717510297.413927
345.0 3637759869.0082226
347.0 3583896335.8710923
349.0 3513155554.202261
351.0 3448511247.1919484
353.0 3388132801.952317
355.0 3320233687.2290072
357.0 3260884630.696503
359.0 3186457565.8977547
361.0 3123091183.9537024
363.0 3067203301.7996063
364.0 3032046204.053725
365.0 3019910703.304945
367.0 2962557475.223604
369.0 2841138907.617733
371.0 2765023832.7601566
373.0 2707008520.1155534
375.0 2770776227.1641064
377.0 2718886520.898806
379.0 2734721750.1870956
381.0 2773371802.370422
383.0 2584499448.3044076
385.0 2720532768.700567
387.0 2643884766.699146
389.0 2450072854.354541
391.0 2599047992.6383696
393.0 2525145095.0953975
395.0 2481077561.4379687
397.0 2261060138.361115
399.0 2414256727.8203044
401.0 2366668534.032937
403.0 2304139841.850157
405.0 2291199042.554123
407.0 2216179972.296654
409.0 2144199157.1704144
411.0 2017074235.5025313
413.0 2112497937.1264348
415.0 2083725779.1903276
417.0 2064682597.4042869
419.0 2029513683.9954302
421.0 1995527559.1940506
423.0 1968759989.5971744
425.0 1924548019.6457906
427.0 1880352347.1605794
429.0 1856344957.1783617
431.0 1813625427.6917348
433.0 1754728829.5638478
435.0 1653235849.6781006
437.0 1733773140.1224513
439.0 1701895601.8663168
441.0 1678817473.0334287
443.0 1662898617.3718412
445.0 1632906084.796896
447.0 1588978913.0668786
449.0 1584609867.9634926
451.0 1552045187.7898552
453.0 1533871272.1057963
455.0 1503155030.1736238
457.0 1489137070.222744
459.0 1460848641.4544723
461.0 1438072117.6049411
463.0 1411046742.465047
465.0 1352099316.6145341
467.0 1367678471.9655864
469.0 1337911557.4379685
471.0 1320032625.8916337
473.0 1320443729.4758377
475.0 1298771053.3820102
477.0 1284108121.2073493
479.0 1264391548.4908893
481.0 1244050782.820018
483.0 1223308997.6221373
485.0 1191319312.4269025
487.0 1106722934.313936
489.0 1170404774.087592
491.0 1152632183.5080335
493.0 1124846531.571187
495.0 1116411472.376062
497.0 1106133475.3343053
499.0 1089795672.932918
501.0 1059159288.5849912
503.0 1056203844.953752
505.0 1038802836.6029291
507.0 1028454047.4424852
509.0 1013421773.9406875
511.0 998684790.154105
513.0 983439936.5779183
515.0 969667457.2112634
517.0 956122938.6526979
519.0 943403581.1782844
521.0 930696548.6626638
523.0 917783047.6224691
525.0 903233484.6968714
527.0 890367551.886068
529.0 880284003.9875834
531.0 867881224.7935728
533.0 856209488.8165674
535.0 844603757.577561
537.0 833042997.1592747
539.0 821320637.1779705
541.0 805774229.5480088
543.0 799869810.3424176
545.0 788983510.3757683
547.0 778254939.323921
549.0 767880176.0767645
551.0 757536479.8744996
553.0 747518274.6294508
555.0 738091667.4064678
557.0 727988562.548576
559.0 717204936.6188142
561.0 709433133.3673326
563.0 700183404.5819042
565.0 690727309.1310651
567.0 680529067.8143908
569.0 665401148.5579926
571.0 662936360.5177125
573.0 655851240.8174974
575.0 645965146.9076103
577.0 639315678.8500218
579.0 630954009.1822553
581.0 621537536.9460484
583.0 613505330.7428775
585.0 607197651.1086776
587.0 589442071.0094368
589.0 590699878.8908899
591.0 584219598.9040058
593.0 576500202.1921854
595.0 569328553.1325102
597.0 563333377.4121702
599.0 555817902.7458346
601.0 549236374.7503532
603.0 541888814.9151773
605.0 535772987.0155782
607.0 529253898.6873706
609.0 523277566.91229266
611.0 516548903.35502166
613.0 510503205.4895466
615.0 503764050.438427
617.0 497526704.55667835
619.0 492423407.6726344
621.0 486722401.21671003
623.0 480389256.79161555
625.0 474909794.0164751
627.0 469429363.5792807
629.0 464024054.2752256
631.0 457774281.57552034
633.0 453210227.1034627
635.0 447579197.8929169
637.0 442674781.02576065
639.0 437441155.3419177
641.0 431884687.0391116
643.0 427447447.2257096
645.0 422235364.7549635
647.0 416792902.32099307
649.0 411893476.55285215
651.0 407598075.6247336
653.0 402560044.9997528
655.0 395493438.2025182
656.124755859375 364113558.3548388
659.0 388111322.6460982
661.0 384997793.5929846
663.0 381014387.282908
665.0 376502433.7730209
667.0 369665723.10798365
669.0 365542998.9269221
671.0 363726697.25156647
673.0 359211738.8963538
675.0 355770274.26609826
677.0 352297793.5205329
679.0 347806491.9560614
681.0 344590059.68294233
683.0 340788319.1911085
685.0 337101705.01890963
687.0 333299760.80874866
689.0 328828932.9361565
691.0 325622228.2131592
693.0 322771597.66124254
695.0 319290484.35156393
697.0 315868627.61029726
699.0 312456116.447289
701.0 309138308.8416181
703.0 305331526.32118714
705.0 302298771.58479154
707.0 295744720.0986855
709.0 296165907.74008393
711.0 292390854.34910774
713.0 289408290.7155656
715.0 286923563.7440149
717.0 283389050.76783013
719.0 280875192.0754959
721.0 278004240.6204453
723.0 273325441.8006161
725.0 271922179.03357255
727.0 269429812.6247535
729.0 264997538.44557592
731.0 263807543.30227554
733.0 261131193.77924222
735.0 258491157.04802474
737.0 255853768.65506035
739.0 253263108.1533877
741.0 250663866.01718354
743.0 248143208.22568047
745.0 245559550.54150388
747.0 242828044.28139263
749.0 240250447.21744898
751.0 238207076.0016853
753.0 235790772.9232687
755.0 233543938.02825636
757.0 231171026.95352432
759.0 228268269.9746462
761.0 226314203.78055024
763.0 224284787.27019688
765.0 222099297.05644986
767.0 219994683.01858443
769.0 217533765.6265203
771.0 215508932.77852798
773.0 213251288.07978082
775.0 211443275.19386145
777.0 209422631.3039713
779.0 207419914.62687102
781.0 205316968.53280917
783.0 203418593.83639994
785.0 201420117.04698363
787.0 199303789.20530665
789.0 197273697.87799454
791.0 195568231.70500815
793.0 193619996.94802707
795.0 191954510.49674535
797.0 189982338.83632326
799.0 188337427.93608448
801.0 186379465.62898162
803.0 184661827.28594756
805.0 183051446.64216197
807.0 181417931.23584855
809.0 179486821.55074418
811.0 177362854.27179876
813.0 176400578.02107427
815.0 174515852.4525846
817.0 173087583.26088247
819.0 171063323.37068528
821.0 167838029.35033485
823.0 166040686.21180034
825.0 165139716.44515485
827.0 162991850.45995477
829.0 162110399.45553005
831.0 160766635.172412
833.0 159235169.91560912
835.0 157492932.58457077
837.0 156501550.07785362
839.0 155526312.2485637
841.0 153804102.97556403
843.0 152324267.58230016
845.0 150713963.33288726
847.0 148732675.27732486
849.0 149030944.37307453
851.0 145309354.31058177
853.0 147084403.02468795
855.0 141574344.3032875
857.0 145837061.1722927
859.0 140226403.79446274
861.0 138952922.33421406
863.0 142689154.6514713
865.0 139602019.85412008
867.0 131747939.86325763
869.0 138748554.65488863
871.0 138119994.48883924
873.0 135497452.06896642
875.0 126225136.0140144
877.0 132330943.5183964
879.0 133545333.93137392
881.0 132406650.34172636
883.0 131069290.45351835
885.0 126757070.03101385
887.0 119555945.47587794
889.0 127424565.86234125
891.0 126845598.37655929
893.0 125638974.72480465
895.0 124681358.5308139
897.0 123753396.08582002
899.0 121178052.65587054
901.0 112929841.36393535
903.0 116915590.4347743
905.0 119408236.95629323
907.0 117869106.797431
909.0 117336485.2310774
911.0 116561757.1652924
913.0 115677606.89303285
915.0 114735613.34825599
917.0 113572547.22132675
919.0 112709596.38748705
921.0 109944540.26537204
923.0 101206010.79095706
925.0 108540220.70950639
927.0 108944550.6593325
929.0 108156402.64874598
931.0 107007380.35399519
933.0 106252909.52936691
935.0 105085558.95136966
937.0 104541822.0037905
939.0 103824962.67531371
941.0 102896560.9626769
943.0 102096450.8665676
945.0 101275351.41656333
947.0 100139328.89756428
949.0 99617829.07863393
951.0 98125267.6561204
953.0 96023773.05513957
955.0 88732216.66133887
957.0 95674466.1522392
959.0 95719150.4940617
961.0 94775781.8505765
963.0 93845890.44767235
965.0 93495927.82640645
967.0 92776165.51176766
969.0 91978506.40178198
971.0 90080112.60677958
973.0 90400497.87342128
975.0 89859702.10919046
977.0 89090168.86074798
979.0 88451289.0881885
981.0 87729636.01282577
983.0 87075165.42204101
985.0 86369669.75650097
987.0 85687639.89577042
989.0 84949103.66404451
991.0 84105932.60653228
993.0 83743154.8292486
995.0 83104033.14117561
997.0 82421092.91417056
999.0 81827063.00457437
1002.5 79120881.47900793
1007.5 76795806.0139716
1012.5 77162155.22817825
1017.5 76243512.89665182
1022.5 74777084.715794
1027.5 73397988.03530955
1032.5 71845176.91753916
1037.5 70719887.80790223
1042.5 69392147.24445468
1047.5 68146575.1950266
1052.5 66894433.22954771
1057.5 65689674.87372612
1062.5 64499259.56137598
1067.5 63270341.48519305
1072.5 62207434.74705041
1077.5 61094349.638449766
1082.5 59492563.36159114
1087.5 58931554.91958766
1092.5 55228554.15444804
1097.5 56468727.66820643
1102.5 55715994.81555673
1107.5 54930526.97421188
1112.5 53972808.92105754
1117.5 53053988.335994855
1122.5 52120821.52436187
1127.5 51249244.49260659
1132.5 50344241.73970314
1137.5 49504110.54160395
1142.5 48672134.442788795
1147.5 47866406.17718835
1152.5 47072795.96895492
1157.5 46273185.61936693
1162.5 45432319.12543066
1167.5 44692099.03440684
1172.5 44032615.06291468
1177.5 43304859.987033814
1182.5 42591664.405347
1187.5 41905502.88229377
1192.5 41226802.54297269
1197.5 40313351.84568993
1202.5 39913290.43143755
1207.5 39272128.37699413
1212.5 38638131.47808871
1217.5 38034641.39867513
1222.5 37432491.40388239
1227.5 36845228.76246647
1232.5 36263485.61447697
1237.5 35695410.69300021
1242.5 35144600.899750054
1247.5 34577184.87973769
1252.5 33998965.42218825
1257.5 33528554.339990396
1262.5 33020496.747553587
1267.5 32521638.31082749
1272.5 32026625.05752649
1277.5 31234886.511423822
1282.5 29654707.109639354
1287.5 30557691.777864393
1292.5 30138678.192988638
1297.5 29569571.947480638
1302.5 29230947.524360597
1307.5 28813159.43254665
1312.5 28387996.100669824
1317.5 27969829.220091313
1322.5 27559562.79088789
1327.5 27157050.3905119
1332.5 26755741.201505683
1337.5 26364695.914779466
1342.5 25968737.514960002
1347.5 25613249.034069944
1352.5 25238046.030379094
1357.5 24886862.690699674
1362.5 24518503.349561773
1367.5 24183394.659134634
1372.5 23824497.079363547
1377.5 23506820.629853263
1382.5 23176792.165209617
1387.5 22850591.37694733
1392.5 22519814.88407115
1397.5 22216198.1822336
1402.5 21899570.563798293
1407.5 21608966.37010794
1412.5 21307795.879745714
1417.5 21017790.108641386
1422.5 20731919.182958588
1427.5 20447181.440470602
1432.5 20170283.67047932
1437.5 19896451.22469199
1442.5 19630533.55422462
1447.5 19366662.616325416
1452.5 19105102.608199902
1457.0 18876554.51837051
1462.0 18627317.8774886
1467.5 18357098.248909455
1472.5 18114566.80578001
1477.5 17860608.037736565
1482.5 17642123.314958874
1487.5 17410451.013596587
1492.5 17181751.72657126
1497.5 16951433.833774682
1502.5 16724859.265239628
1507.5 16475847.03282748
1512.5 16274837.522801278
1517.5 16058932.701651106
1522.5 15862578.473710341
1527.5 15630158.144115523
1532.5 15428255.774858575
1537.5 15271766.677063469
1542.5 15004582.13324909
1547.5 14895010.321128042
1552.5 14712154.023910902
1557.5 14392427.658733593
1562.5 14415645.181831839
1567.5 14120796.325809225
1572.5 13847828.091362884
1577.5 13908122.350003818
1582.5 13723169.982186157
1587.5 13220269.80568024
1592.5 13332906.942005236
1597.5 13249577.392675897
1605.0 12960781.199139068
1615.0 12487904.011098005
1625.0 12390081.812650718
1635.0 12040037.226589119
1645.0 11594973.956402795
1655.0 11531674.056661572
1665.0 11261856.294313736
1675.0 10942928.886950748
1685.0 10531927.161910238
1695.0 10498387.644977767
1705.0 10220498.339691024
1715.0 10025209.654094262
1725.0 9798487.071462132
1735.0 9333906.630604452
1745.0 9353057.7449067
1755.0 9156058.143671697
1765.0 8953670.351838319
1775.0 8756393.025227621
1785.0 8561267.473447528
1795.0 8378867.9509170605
1805.0 8197396.30170482
1815.0 7818827.966742291
1825.0 7826807.995588919
1835.0 7681904.581876188
1845.0 7518537.603215365
1855.0 7353881.469515498
1865.0 7160080.086861928
1875.0 6866459.906999983
1885.0 6909051.361320806
1895.0 6764862.553302556
1905.0 6610425.75849862
1915.0 6492355.072416467
1925.0 6360517.483756864
1935.0 6229289.856416661
1945.0 5927659.806156259
1955.0 5976202.859574003
1965.0 5864597.843054958
1975.0 5748331.178252751
1985.0 5634865.242561604
1995.0 5524133.190905417
2005.0 5416068.973982809
2015.0 5310907.743222197
2025.0 5207991.790821253
2035.0 5107707.4654043345
2045.0 5008269.446397307
2055.0 4905551.641900513
2065.0 4820753.092446436
2075.0 4729141.915653311
2085.0 4640578.953907752
2095.0 4553214.4288836755
2105.0 4468243.992091059
2115.0 4371537.469794846
2125.0 4304730.98876995
2135.0 4225564.534864537
2145.0 4147162.422573323
2155.0 4071579.342211624
2165.0 3875178.163562648
2175.0 3922264.551363743
2185.0 3854042.785007402
2195.0 3786898.8955031508
2205.0 3719455.7947058873
2215.0 3653439.9158608
2225.0 3588215.434970237
2235.0 3525809.588121832
2245.0 3464014.4983675415
2255.0 3403645.834790712
2265.0 3344556.379068984
2275.0 3286719.870636747
2285.0 3232061.8853617343
2295.0 3183808.09605306
2305.0 3128706.6653178576
2315.0 3076115.108035214
2325.0 3024088.7497442253
2335.0 2973058.3035096345
2345.0 2919515.795442017
2355.0 2867638.6449101768
2365.0 2818462.1548189274
2375.0 2771072.7757949214
2385.0 2724273.065835071
2395.0 2678574.310194058
2405.0 2634161.924380586
2415.0 2590185.8220548644
2425.0 2549291.3573147594
2435.0 2507260.7252246574
2445.0 2465329.5649739876
2455.0 2430164.678185191
2465.0 2387100.9315707437
2475.0 2347099.7239487423
2485.0 2320479.6671108706
2495.0 2267144.856243988
2505.0 2250131.1928274645
2515.0 2213409.3728078716
2525.0 2157824.508933027
2535.0 2142979.729503488
2545.0 2113026.9681572723
2555.0 2077139.3189831597
2565.0 2021787.617099945
2575.0 2015428.7802923871
2585.0 1986226.8323902073
2595.0 1955990.1784142512
2605.0 1919884.6859117816
2615.0 1863405.1723130818
2625.0 1808337.7609469648
2635.0 1838334.090958852
2645.0 1813232.9691091138
2655.0 1784884.2906455854
2665.0 1757162.682657839
2675.0 1699472.1988858888
2685.0 1704967.6201271731
2695.0 1683339.8559667366
2705.0 1658707.0475370463
2715.0 1634635.061338076
2725.0 1610951.5126720893
2735.0 1587650.3337568808
2745.0 1564645.4814513419
2755.0 1510886.4231892796
2765.0 1511506.1327489438
2775.0 1498607.3209142217
2785.0 1477351.481961423
2795.0 1456514.3199807955
2805.0 1435859.9872410446
2815.0 1415764.5867670649
2825.0 1395992.2708275616
2835.0 1376537.8668868842
2845.0 1357396.102937543
2855.0 1338120.449892326
2865.0 1315427.9391626047
2875.0 1268645.039943618
2885.0 1283493.7982467343
2895.0 1266558.0212804861
2905.0 1249327.310310321
2915.0 1232373.4294692962
2925.0 1215691.7035809588
2935.0 1199278.153771731
2945.0 1183197.2377935653
2955.0 1167374.8491260845
2965.0 1151806.8099520325
2975.0 1136489.2408696713
2985.0 1121417.9640617447
2995.0 1106522.2550504166
3005.0 1091998.869134084
3015.0 1077445.5421940822
3025.0 1063519.1862580231
3035.0 1026384.458632946
3045.0 1025473.9928866209
3055.0 1022561.855315397
3065.0 1009262.5698551199
3075.0 995987.5555236643
3085.0 983303.9012776347
3095.0 971013.6581565602
3105.0 958612.2055190003
3115.0 946349.8145129669
3125.0 934347.4428952099
3135.0 922661.4911986875
3145.0 910983.8951366774
3155.0 899556.0728634822
3165.0 888314.1634581861
3175.0 877255.1827656063
3185.0 866317.4582452948
3195.0 855557.8877894066
3210.0 839783.4445485323
3230.0 819243.5044241288
3250.0 799371.1198141564
3270.0 780034.2915876883
3290.0 747757.2712412942
3310.0 742633.7752076478
3330.0 726440.5555227629
3350.0 709404.3617346078
3370.0 692773.2670125414
3390.0 676640.426734192
3410.0 660940.5376369723
3430.0 645712.54294602
3450.0 630943.3621144498
3470.0 616570.4273552587
3490.0 602238.4252579941
3510.0 588386.8224092685
3530.0 575338.8028153977
3550.0 562213.6428100471
3570.0 549486.8177857037
3590.0 538310.5100585134
3610.0 525369.0745405945
3630.0 514909.1132650768
3650.0 502575.84857344785
3670.0 493106.62681867724
3690.0 480686.1750597857
3710.0 471553.4168018953
3730.0 458537.47687624156
3750.0 445046.70812505705
3770.0 442952.7761690846
3790.0 433698.5627952472
3810.0 423126.695700368
3830.0 414713.491860972
3850.0 407341.70844451385
3870.0 399018.8001673626
3890.0 390643.0474755129
3910.0 379989.6880761787
3930.0 375242.94163438265
3950.0 367725.03408579825
3970.0 360384.88271427964
3990.0 353225.74522256816
4010.0 344800.30634692195
4030.0 336609.2479929384
4050.0 327001.884721156
4070.0 326297.1764746969
4090.0 319977.53157187544
4110.0 313804.20974485914
4130.0 307552.3549006109
4150.0 301865.7487839375
4170.0 292487.79244184616
4190.0 290426.2137016491
4210.0 285071.99273643916
4230.0 279725.3067630662
4250.0 274386.75261256687
4270.0 269402.09439880826
4290.0 264032.3558266469
4310.0 259550.925648577
4330.0 254792.24258604902
4350.0 250138.45257820256
4370.0 242350.1805700408
4390.0 240548.37253852157
4410.0 236814.57270562582
4430.0 232569.9601092847
4450.0 228419.14945752834
4470.0 224531.21800943208
4490.0 220557.6164396246
4510.0 216672.022579755
4530.0 212872.59620079372
4550.0 209157.546809631
4570.0 205522.1743618537
4590.0 201964.85000609103
4610.0 198430.35443747812
4630.0 195072.3467799782
4650.0 187951.81679594645
4670.0 185014.7366609848
4690.0 184953.00195063706
4710.0 182158.57686740145
4730.0 179099.15880391785
4750.0 176097.969068442
4770.0 173167.1059234449
4790.0 170294.60788023478
4810.0 167479.355880618
4830.0 164722.7549643266
4850.0 162021.1619752413
4870.0 159375.98195309416
4890.0 156783.63391166553
4910.0 154243.03609470167
4930.0 151755.70544775383
4950.0 149318.1728904219
4970.0 146926.98177628554
4990.0 144586.11097892205
5010.0 142289.8159996042
5030.0 140037.23889371695
5050.0 137832.27149697804
5070.0 135669.33095239932
5090.0 133547.6463532252
5110.0 131365.39583781667
5130.0 126825.36431234113
5150.0 127402.07716941054
5170.0 125467.16338275075
5190.0 123542.6692712715
5210.0 121654.99217436218
5230.0 119803.4855250665
5250.0 117985.28950800074
5270.0 116204.17161908343
5290.0 114455.13339838307
5310.0 112737.59044884301
5330.0 111053.12188591422
5350.0 109401.11844458022
5370.0 107778.90681915621
5390.0 106185.9647824852
5410.0 104621.79497537004
5430.0 103087.91434336203
5450.0 101581.75526960586
5470.0 100100.84960908559
5490.0 98648.7286121011
5510.0 97222.92413363644
5530.0 95822.95746546435
5550.0 94446.44750042842
5570.0 93094.9484860198
5590.0 91768.00036498108
5610.0 90465.20524995455
5630.0 89184.24420368345
5650.0 87926.62795472915
5670.0 86690.10595272448
5690.0 85476.17027526094
5710.0 84282.6014569212
5730.0 83110.89157529673
5750.0 81958.87090088992
5770.0 80826.17884828281
5790.0 79712.53565292702
5810.0 78619.37743950436
5830.0 77544.61529938673
5850.0 76521.23036433595
5870.0 75482.1350956448
5890.0 74374.12449319688
5910.0 71775.59676374354
5930.0 72439.7702356339
5950.0 71496.32335754701
5970.0 70541.99674702219
5990.0 69602.14328913481
6010.0 68678.2053255566
6030.0 67769.90930872914
6050.0 66877.01277604382
6070.0 65997.66928148117
6090.0 65133.24656283339
6110.0 64283.53945943164
6130.0 63446.69530826649
6150.0 62624.1253660599
6170.0 61814.020488732196
6190.0 61016.18173260449
6210.0 60231.98926944893
6230.0 59461.23172160671
6250.0 58702.16833188777
6270.0 57954.60015661323
6290.0 57219.888716585345
6310.0 56494.81982799243
6330.0 55783.75160079964
6350.0 55081.977773603816
6370.0 54392.34572780871
6390.0 53711.7221004722
6420.0 52711.9492933067
6460.0 51416.079905100654
6500.0 50157.95386296926
6540.0 48939.28705614272
6580.0 47756.14723846846
6620.0 46608.88877837448
6660.0 45496.47965552665
6700.0 44416.57917320334
6740.0 43368.279650869714
6780.0 42350.67962498093
6820.0 41362.924259416846
6860.0 40402.89977758955
6900.0 39471.10975568614
6940.0 38565.53056347319
6980.0 37686.66577713781
7020.0 36831.360274273
7060.0 36001.376571533714
7100.0 35193.66212684736
7140.0 34408.78890329068
7180.0 33646.150744342136
7220.0 32904.00689281165
7260.0 32181.8195790673
7300.0 31480.185634145677
7340.0 30796.350931492496
7380.0 30132.05622829782
7420.0 29447.587392668258
7460.0 28584.24953876928
7500.0 27854.859842151025
7540.0 27645.52757305543
7580.0 27065.46064990017
7620.0 26499.117732091603
7660.0 25948.206937622486
7700.0 25411.326335255813
7740.0 24888.132436296048
7780.0 24378.291077532594
7820.0 23881.475866992318
7860.0 23397.366629692046
7900.0 22924.691991184027
7940.0 22465.088574076428
7980.0 22015.407472952214
8020.0 21578.217858914224
8060.0 21151.37176192972
8100.0 20734.623610895098
8140.0 20328.646394974017
8180.0 19932.28686252806
8220.0 19545.32431041349
8260.0 19168.416185319045
8300.0 18799.591701425983
8340.0 18440.392672245496
8380.0 18089.73734152376
8420.0 17746.592134679177
8460.0 17411.623823885435
8500.0 17085.47897609885
8540.0 16765.488948377144
8580.0 16453.96956948211
8620.0 16149.1054783441
8660.0 15851.56189288932
8700.0 15561.17095438873
8740.0 15276.98923461521
8780.0 14998.883068284526
8820.0 14727.495913858003
8860.0 14461.91542805835
8900.0 14202.772635366964
8940.0 13949.17850621892
8980.0 13701.018026299871
9020.0 13458.173072800493
9060.0 13221.26534471724
9100.0 12988.718057970354
9140.0 12761.879522258398
9180.0 12539.915883802376
9220.0 12322.724562267875
9260.0 12110.210748557933
9300.0 11902.274193709376
9340.0 11698.822419996479
9380.0 11499.082189292405
9420.0 11304.334978653591
9460.0 11113.130675170813
9500.0 10926.732104930614
9540.0 10743.723348468573
9580.0 10564.035241771335
9620.0 10388.902634470605
9660.0 10216.943800546767
9700.0 10048.737697190265
9740.0 9883.57636466889
9780.0 9722.029434688144
9820.0 9564.023080492194
9860.0 9408.874210308692
9900.0 9256.5276483517
9940.0 9108.1428632496
9980.0 8961.834552795655
10020.0 8818.762962741992
20000.0 544.9778918038301
40000.0 33.193407969941326
60000.0 6.450703100816935
80000.0 2.0173227434825614
100000.0 0.818853355482519
120000.0 0.3920329132577181
140000.0 0.21035341500963703
160000.0 0.12268542312345383
