# wavelength (nm)
# intensity (erg s-1 cm-2 nm-1 sr-1)
col1 col2
9.09000015258789 0.0
9.350000762939453 0.0
9.60999984741211 0.0
9.770000457763672 0.0
9.95999984741211 0.0
10.200000000000001 0.0
10.380000305175782 0.0
10.560000610351564 0.0
10.770000457763672 0.0
11.040000152587892 0.0
11.4 0.0
11.779999542236329 0.0
12.130000305175782 0.0
12.479999542236328 0.0
12.70999984741211 0.0
12.840000915527344 0.0
13.05 0.0
13.239999389648439 0.0
13.390000915527345 0.0
13.660000610351563 0.0
13.980000305175782 0.0
14.330000305175782 0.0
14.719999694824219 0.0
15.100000000000001 0.0
15.520001220703126 0.0
15.880000305175782 0.0
16.200001525878907 0.0
16.6 0.0
17.030000305175783 0.0
17.340000915527344 0.0
17.68000030517578 0.0
18.020001220703126 0.0
18.16999969482422 0.0
18.610000610351562 0.0
19.1 0.0
19.389999389648438 0.0
19.840000915527344 0.0
20.18000030517578 0.0
20.5 0.0
21.05 0.0
21.620001220703127 0.0
21.980000305175782 0.0
22.3 0.0
22.68000030517578 0.0
23.0 0.0
23.400000000000002 0.0
24.0 0.0
24.650000000000002 0.0
25.23999938964844 0.0
25.68000183105469 0.0
26.0 0.0
26.400000000000002 0.0
26.85 0.0
27.35 0.0
27.85 0.0
28.400000000000002 0.0
29.0 0.0
29.6 0.0
30.1 0.0
30.8 0.0
31.8 0.0
32.800000000000004 0.0
33.800000000000004 0.0
34.800000000000004 0.0
35.7 0.0
36.6 0.0
37.5 0.0
38.5 0.0
39.5 0.0
40.5 0.0
41.400003051757814 0.0
42.2 0.0
43.0 0.0
44.1 0.0
45.1 0.0
46.0 0.0
47.0 0.0
48.0 0.0
49.0 0.0
50.0 0.0
50.6 2.1778038765494497e-07
51.2 4.373423382770642e-07
52.0 7.902815195032089e-07
53.0 1.6282288613635068e-06
54.0 3.198198510293586e-06
55.0 6.315365647300964e-06
56.0 1.2014645334139217e-05
57.0 2.22874389364128e-05
58.0 3.955051295240596e-05
59.0 7.179863719089181e-05
60.0 0.00012503182007225875
61.0 0.00021495470023239993
62.0 0.00036145122446115387
63.0 0.0005982557580265767
64.0 0.0009689681475964681
65.0 0.0015654491940625802
65.80000610351563 0.002252715857290844
66.5 0.003071242436839244
67.5 0.004757596947830811
68.5 0.007307086970264466
69.5 0.011051780426732495
70.5 0.016354459598526494
71.60000000000001 0.025307072245530075
72.60000000000001 0.03692547897001891
73.5 0.05138968519799029
74.5 0.07335674157853124
75.5 0.10391931236730148
76.5 0.14602736931059354
77.5 0.20318762164884355
78.5 0.2815464214353186
79.5 0.381214818533868
80.5 0.5180752083466909
81.5 0.7027122970850606
82.5 0.9400436786557786
83.5 1.2408353438743391
84.5 1.6475418039149026
85.5 2.157530210579906
86.5 2.8081472793410716
87.5 3.6118025152829274
88.5 4.6680707798578895
89.5 5.969016911070218
90.5 7.527893752639462
91.5 1172.4933195004683
92.5 7317.303156275257
93.5 10236.960953985053
94.5 16740.243306378692
95.5 35348.25690780028
96.5 46182.00537945019
97.5 35993.714131402434
98.5 74102.6596263958
99.5 71633.46393917451
100.5 102817.40067602553
101.5 117894.59605839822
102.5 54006.45716071051
103.5 97094.4811209693
104.5 170553.90609767527
105.5 219007.96952106655
106.5 208708.33198275414
107.5 258616.08930159095
108.5 239778.03774599693
109.5 290120.1388517155
110.5 8139655.684125796
111.5 17133551.652055874
112.5 17052497.222638037
113.5 19899210.971405204
114.5 18515896.684928827
115.5 22132544.75259507
116.5 23876938.633112326
117.5 17319296.611490134
118.5 8761762.913007542
119.5 296109.2388321029
120.5 425153.03654144617
121.5 80821.98859704673
122.5 449221.8893774743
123.5 5125795.0267993715
124.5 28293773.191260558
125.5 42076884.10811398
126.5 25657134.418078106
127.5 90662988.93796389
128.5 118324748.30090994
129.5 96607916.2596709
130.5 55204680.91298425
131.5 113237137.72805718
132.5 134395857.947257
133.5 86195458.75579259
134.5 161766421.0601244
135.5 162522585.29334718
136.5 131155870.74256033
137.5 159519382.44678488
138.5 165751151.53932756
139.5 174009930.71948406
140.5 175059016.44236863
141.5 157437788.57988828
142.5 179920550.6016582
143.5 160062126.26751915
144.20000000000002 180181424.651979
144.70000000000002 204049356.70686173
145.5 191847978.54403737
146.5 172914409.95040303
147.5 163260784.11659372
148.5 189294585.76383913
149.5 201458326.96572113
150.5 202670782.05459064
151.20000000000002 170385794.41174534
151.70000000000002 195248432.128557
152.5 165541576.31026417
153.5 139726122.5125454
154.5 189722610.70159274
155.5 160951484.08951667
156.5 148594821.6318164
157.5 154276920.48050144
158.5 179417875.62939677
159.5 193908742.21198213
160.5 175665549.5642941
161.5 176864648.37033933
162.5 158071352.5773485
163.5 167282056.57073078
164.5 174553871.38539037
165.5 152423261.9569033
166.5 171367500.29792252
167.20000000000002 90931311.43962137
167.70000000000002 165194936.84421003
168.5 193514012.48832333
169.5 183559507.41769764
170.5 163821238.69939524
171.5 155352222.20561206
172.5 154892188.02570382
173.5 171815094.9274787
174.5 169018589.78860873
175.5 198211884.43653265
176.5 163645086.00838113
177.5 181670605.62350124
178.5 174908061.1619448
179.5 209406537.55612585
180.5 198774376.20260575
181.5 194860947.13790774
182.5 187600718.80310526
183.5 178314346.18357936
184.5 161508080.75649765
185.5 162575068.22738117
186.5 166909353.89119592
187.5 188780311.57932514
188.5 177704222.5261377
189.5 173930225.92398366
190.5 172753345.14799404
191.5 175368286.32778478
192.5 179618678.23799694
193.5 181402041.20633024
194.5 186911476.04035378
195.5 181003873.73590067
196.70000000000002 198250616.3834835
197.60001220703126 201807996.74189174
198.4 190343709.68391
199.5 180672856.9190604
200.5 185288541.2546571
201.5 170680307.45083806
202.5 182904069.16485888
203.5 176072413.26081422
204.5 187989298.77976298
205.5 174394028.89294434
206.5 171767017.4022695
207.4 190072968.02711752
207.8 186898068.8279477
208.5 187534803.19187433
209.5 178494738.76227742
210.5 173014053.67717403
211.5 172816052.19557226
212.5 176849815.12964317
213.5 147902650.418112
214.5 164041216.29553914
215.5 174103386.50206763
216.5 162252454.79153615
217.5 158178304.69910625
218.5 155364852.74189585
219.5 170528677.35345554
220.5 159576130.73329374
221.5 143241244.05046389
222.5 134762449.07697716
223.5 155428985.81776416
224.5 138355951.24126956
225.5 130552087.81805147
226.5 137734915.92092952
227.5 144856170.1594242
228.5 151652557.32807967
229.5 143298679.8863269
230.5 135817289.8426039
231.5 124845848.34759824
232.5 80241937.06715861
233.5 108960084.18177827
234.5 100124476.55827494
235.5 123949016.60947312
236.5 99535908.84632567
237.5 110103084.05348247
238.5 90788021.06125687
239.5 106923448.40320624
240.5 99089714.78026868
241.5 105910287.1340764
242.5 120699556.50256363
243.5 114188871.55535126
244.5 125894297.4507104
245.5 120324396.4707074
246.5 119596816.46526395
247.5 114325553.82047859
248.5 123650823.90809615
249.5 118096112.67586185
250.5 135090040.87944207
251.3 114274153.14005762
251.8 121528002.544741
252.5 109410021.57209678
253.5 110573215.02298048
254.5 108789521.01236553
255.5 119172598.51374908
256.5 114335574.21569565
257.5 127203149.5055118
258.5 122407441.83068503
259.5 116559834.57357985
260.5 109693813.9342228
261.5 108260222.60122369
262.5 119888744.82808082
263.5 121510711.9517235
264.5 141908162.2471262
265.5 138944353.432078
266.5 123188803.47449811
267.5 131913957.56749564
268.5 126907808.86071505
269.5 123367337.12346087
270.5 128897653.08601804
271.5 120368870.728005
272.5 122854119.72776902
273.5 133676210.22417724
274.5 104057710.86409129
275.5 106795315.94162181
276.5 112823767.77746345
277.5 124983880.24664298
278.5 123314917.85140412
279.5 85478211.08925466
280.5 99920369.89305617
281.5 128130819.1054104
282.5 132649699.03842086
283.5 123576568.5778472
284.5 119116614.17096707
285.5 116532931.0219996
286.5 126115408.23004912
287.5 120524549.72713977
288.5 122831290.54273191
289.5 116661566.4132042
291.0 132313589.26340167
293.0 126385780.64737362
295.0 125670003.57250986
297.0 127714915.40812266
299.0 128929471.34224097
301.0 132681555.49183014
303.0 129662258.8974224
305.0 127722427.5214366
307.0 125930100.94670835
309.0 128380692.36606468
311.0 123697258.95429264
313.0 122635593.62470612
315.0 124563838.52083485
317.0 122704641.40521711
319.0 117853624.20456703
321.0 120608303.42439245
323.0 118211289.92507859
325.0 118475181.5531204
327.0 118235952.57506011
329.0 118486755.30058204
331.0 118662691.54087354
333.0 115830357.44121473
335.0 114269785.92841919
337.0 113751641.0956892
339.0 112168189.46827477
341.0 114197605.97862814
343.0 113236666.62942563
345.0 112320507.11501144
347.0 110158062.53702413
349.0 109145251.4087691
351.0 110314008.9164633
353.0 110583222.6858021
355.0 110087677.85499117
357.0 108208439.94893931
359.0 107336436.38193654
361.0 106587491.41693242
363.0 105652818.99953778
364.0 105303900.43469857
365.0 106977955.78811635
367.0 99075397.20158812
369.0 123452147.60953568
371.0 177160358.25460407
373.0 184500991.6666566
375.0 221811315.73622167
377.0 220147548.1583253
379.0 238851437.07048488
381.0 256812823.60973665
383.0 218147619.87582803
385.0 257260341.84492016
387.0 260112856.79136303
389.0 210237759.26051074
391.0 252951266.32409117
393.0 246846642.93248576
395.0 250444232.19571674
397.0 196063802.00060996
399.0 244615647.1374099
401.0 240772195.31809056
403.0 236317206.5454349
405.0 235663168.85609534
407.0 231032600.3502207
409.0 223226546.95498568
411.0 187906983.84319586
413.0 220079990.06808168
415.0 221594966.87278026
417.0 217067683.55877456
419.0 215594621.79988864
421.0 213212823.51313436
423.0 210108971.08056077
425.0 206224088.04645574
427.0 203172120.12533012
429.0 202243215.48307312
431.0 197278447.0614964
433.0 185600879.6473761
435.0 163732926.80457243
437.0 192372476.84209555
439.0 187490698.1740447
441.0 187440303.35286406
443.0 185162006.7087013
445.0 183298493.31102693
447.0 180428585.912403
449.0 176698274.1590288
451.0 175815524.45026845
453.0 173325666.32335252
455.0 168573134.2014877
457.0 170322030.575345
459.0 165892595.7203522
461.0 167633075.98081884
463.0 162051232.0138862
465.0 163399936.46643782
467.0 160584752.90344658
469.0 159234431.43667316
471.0 155398440.80108595
473.0 155563720.02638805
475.0 153645266.34235832
477.0 152520270.0778167
479.0 150682208.73864156
481.0 148247392.7572445
483.0 145947909.40705734
485.0 137451480.06587604
487.0 117586625.87203607
489.0 141184758.46738943
491.0 139937429.34738964
493.0 136872729.03081667
495.0 136593583.9930289
497.0 135469733.64407754
499.0 133302399.82623845
501.0 129634082.10629742
503.0 129283011.7666276
505.0 126913844.01615709
507.0 126800907.66853908
509.0 125422218.42470895
511.0 123505521.81125097
513.0 122651470.92182897
515.0 120271951.73385976
517.0 118457139.7487715
519.0 117801917.94665533
521.0 116450819.80375962
523.0 114294894.21224137
525.0 114293697.3670693
527.0 111739604.30512147
529.0 112258971.44781439
531.0 109594654.03847882
533.0 109670704.63648586
535.0 108936058.15156911
537.0 107514842.70694482
539.0 106313929.53454834
541.0 104816408.84400809
543.0 103775249.03728953
545.0 103136101.88442564
547.0 101844247.57754645
549.0 100868812.39612712
551.0 99652053.7575964
553.0 98789421.23364289
555.0 97899630.51020017
557.0 96807458.36112179
559.0 95889567.24092677
561.0 95149923.29079694
563.0 94079759.08724931
565.0 92652311.13505355
567.0 91904709.43776913
569.0 91152364.92318057
571.0 90222537.18225364
573.0 89285184.59561734
575.0 88331470.8808312
577.0 87446435.70708805
579.0 86308592.45554003
581.0 85541338.30588263
583.0 84655545.55461037
585.0 83888476.02468695
587.0 82583488.25190382
589.0 81835218.10385841
591.0 81306308.0307777
593.0 80569535.23582125
595.0 79270054.22406909
597.0 78758332.8848423
599.0 77705217.35879868
601.0 77318375.35411952
603.0 76577127.12216333
605.0 75706371.3299144
607.0 74965842.47830099
609.0 74222066.86584848
611.0 73496040.2126496
613.0 72755562.29061797
615.0 71182945.93172923
617.0 71334894.33899793
619.0 70685325.72046039
621.0 70005313.94440824
623.0 69207438.38369994
625.0 67788998.60128318
627.0 67985586.7869903
629.0 67293269.15073827
631.0 66412582.09004041
633.0 65959162.38956705
635.0 64524265.98603458
637.0 64087220.14610651
639.0 63965670.33296837
641.0 63291337.205285735
643.0 62801057.21999229
645.0 61718962.76191049
647.0 61710387.4935767
649.0 60842369.16634895
651.0 60262542.24387428
653.0 59550877.73274001
655.0 56697318.72987046
656.124755859375 47548818.854446195
659.0 57676178.925665125
661.0 57604890.243555404
663.0 57105099.15886279
665.0 56659083.346342064
667.0 56039480.42048986
669.0 55526740.489627294
671.0 55096347.32632046
673.0 54515196.23471927
675.0 54076819.859466955
677.0 53594262.07201233
679.0 53076123.605480075
681.0 52596755.28308501
683.0 52060384.026272155
685.0 51602205.593000345
687.0 51152290.48437386
689.0 50697880.84015447
691.0 50224003.36329608
693.0 49727277.60280741
695.0 49323565.1741605
697.0 48887868.968149856
699.0 48496841.188467376
701.0 47969153.425349616
703.0 47622593.53676701
705.0 47088590.505507365
707.0 46698998.30341157
709.0 46372689.289787985
711.0 45853605.442893766
713.0 45485855.66518791
715.0 45113289.85890409
717.0 44731333.910977855
719.0 44330887.3417632
721.0 43971104.86050852
723.0 43462060.50742454
725.0 43159857.10148165
727.0 42816082.42440315
729.0 42408855.85461278
731.0 41982998.607184075
733.0 41699524.55494424
735.0 41385219.00712864
737.0 41035068.58302988
739.0 40670530.552075624
741.0 40245991.107575715
743.0 39856924.11679213
745.0 39549229.86531257
747.0 39142175.18286074
749.0 38887460.428837605
751.0 38502012.62145993
753.0 38297759.533693515
755.0 37981525.02796764
757.0 37660767.3387591
759.0 37336616.46616384
761.0 37054692.58306971
763.0 36727832.893343024
765.0 36354697.31236294
767.0 36095026.473411925
769.0 35795993.433935426
771.0 35403746.52738886
773.0 35211751.553339384
775.0 34918438.54251761
777.0 34001008.97165755
779.0 34346359.28267265
781.0 34091052.47226122
783.0 33789982.24951314
785.0 33418555.992621865
787.0 33066925.427552354
789.0 32768506.72615619
791.0 32686382.77552077
793.0 32452109.882388365
795.0 32044278.523814242
797.0 31927076.82372137
799.0 31335408.773480665
801.0 31414623.371756364
803.0 31157906.448549137
805.0 30909825.272554073
807.0 30655533.87067957
809.0 30411619.37109465
811.0 30153329.997049678
813.0 29939839.55638621
815.0 29702810.09963945
817.0 29474024.86894485
819.0 29155940.982780248
821.0 28934002.597737465
823.0 28665189.898855254
825.0 28628561.980252083
827.0 28345606.773126725
829.0 27592183.188024003
831.0 27006292.462217532
833.0 26453361.13357596
835.0 26607136.63959135
837.0 25865632.16817678
839.0 26414517.778164953
841.0 26470448.008266307
843.0 27633347.02250529
845.0 27244900.735999763
847.0 25693077.97042598
849.0 29124087.71246984
851.0 25436381.737361353
853.0 29347662.21032761
855.0 24655145.82595332
857.0 29252315.667020116
859.0 26977555.44569286
861.0 25948123.76673074
863.0 28705287.395217825
865.0 28047818.325305205
867.0 23558608.056785934
869.0 27761619.540439636
871.0 27918005.18752173
873.0 27473969.262493066
875.0 23016235.06706908
877.0 26803742.3323422
879.0 27159934.278080724
881.0 26967232.65608392
883.0 26558369.973478563
885.0 25685949.42052489
887.0 22226979.338078648
889.0 25990180.460442774
891.0 25871368.112325814
893.0 25657869.713915188
895.0 25600211.061131857
897.0 25396756.931179762
899.0 25028677.702741705
901.0 21615466.257983815
903.0 23494887.192220233
905.0 24539045.478066646
907.0 24145235.66997892
909.0 23946949.301029023
911.0 23964012.302477904
913.0 23817416.275945388
915.0 23730598.846038193
917.0 23478887.345791206
919.0 23151047.26161507
921.0 22758676.2142129
923.0 19052489.16711258
925.0 22221698.577066857
927.0 22112659.93400517
929.0 22448289.06109622
931.0 22346410.798924237
933.0 22159787.30420411
935.0 22042453.505508475
937.0 21880164.801587097
939.0 21630652.822653644
941.0 21275401.482628793
943.0 21384156.829891775
945.0 21260170.354574896
947.0 21083548.156478666
949.0 20942845.637488846
951.0 20731540.39419403
953.0 20259727.156947535
955.0 17152791.893126257
957.0 20105778.172044177
959.0 20186296.249303795
961.0 20030945.1093518
963.0 19675633.290448572
965.0 19785389.722303607
967.0 19557438.463510808
969.0 19498500.204985015
971.0 19382009.927487765
973.0 19237180.52082357
975.0 19095897.086291466
977.0 18972571.103988416
979.0 18831946.570920713
981.0 18684212.58654509
983.0 18533800.024477232
985.0 18407319.591202103
987.0 18289096.116374582
989.0 18109765.10114693
991.0 18048342.433959473
993.0 17913083.014023393
995.0 17792085.46853778
997.0 17680361.88158613
999.0 17554366.870887432
1002.5 16871207.010060918
1007.5 16068580.674301336
1012.5 16628494.130296348
1017.5 16446360.396520846
1022.5 16198737.586761888
1027.5 15925614.972020749
1032.5 15649132.596430939
1037.5 15393384.926827142
1042.5 15144568.454994995
1047.5 14872467.614988506
1052.5 14607008.31075724
1057.5 14395753.997044213
1062.5 14171355.076581227
1067.5 13836341.879119942
1072.5 13676357.738774538
1077.5 13481038.017963871
1082.5 13247291.131918382
1087.5 13046668.368403893
1092.5 11881122.607461292
1097.5 12495895.976565365
1102.5 12450391.986785961
1107.5 12257080.005582398
1112.5 12064795.369536493
1117.5 11874011.564603945
1122.5 11690423.950423298
1127.5 11409630.06742513
1132.5 11251136.41312178
1137.5 11153832.264014257
1142.5 10980627.918320926
1147.5 10819119.073620701
1152.5 10655027.144194094
1157.5 10492019.059929945
1162.5 10308344.706305312
1167.5 10145898.438990276
1172.5 10022478.555270804
1177.5 9819918.876098888
1182.5 9717326.00823242
1187.5 9562534.29790539
1192.5 9443725.132887289
1197.5 9293111.239816422
1202.5 9165817.524782091
1207.5 9029616.703357626
1212.5 8897386.797763301
1217.5 8771063.927881833
1222.5 8642494.585978623
1227.5 8514132.145501431
1232.5 8394274.945183072
1237.5 8274899.188567565
1242.5 8160662.545064495
1247.5 8022945.7728070775
1252.5 7929971.43392637
1257.5 7803335.0288070105
1262.5 7703653.90062441
1267.5 7600449.082001755
1272.5 7495293.819551509
1277.5 7364728.674661926
1282.5 6747128.713768542
1287.5 7173725.235907912
1292.5 7089257.728735466
1297.5 6991632.086642897
1302.5 6897059.036358831
1307.5 6802673.788907614
1312.5 6710567.640241472
1317.5 6604462.222780967
1322.5 6530620.695384051
1327.5 6442730.959047771
1332.5 6356312.610160377
1337.5 6271674.409311464
1342.5 6185456.197765008
1347.5 6102323.204790386
1352.5 6019266.60618845
1357.5 5942145.691189126
1362.5 5864377.015571417
1367.5 5782455.589601084
1372.5 5707935.664259239
1377.5 5640663.257138441
1382.5 5567625.064316782
1387.5 5496113.565286731
1392.5 5423629.629554389
1397.5 5355109.845567109
1402.5 5287123.230639187
1407.5 5219965.415077414
1412.5 5152421.648778645
1417.5 5088385.6574256215
1422.5 5023639.437139049
1427.5 4960851.220539866
1432.5 4898230.116630929
1437.5 4836360.224053386
1442.5 4762549.333983014
1447.5 4716540.82303401
1452.5 4650305.310367456
1457.0 4606937.577811702
1462.0 4557527.527841466
1467.5 4499207.18838223
1472.5 4443816.493537957
1477.5 4379732.755702006
1482.5 4312864.602136661
1487.5 4237040.00414882
1492.5 4164554.874754405
1497.5 4114064.95849529
1502.5 4032281.9973254465
1507.5 4002411.7976059597
1512.5 3960529.378556612
1517.5 3940201.7113375575
1522.5 3982910.54242891
1527.5 3807833.738830101
1532.5 3805493.3653919348
1537.5 3863216.475927219
1542.5 3683735.4571657
1547.5 3798176.216883285
1552.5 3775740.5424429784
1557.5 3526860.0107462383
1562.5 3730513.0843771966
1567.5 3605480.9610842033
1572.5 3437830.7250174205
1577.5 3606898.235852437
1582.5 3562594.274343946
1587.5 3262301.921380231
1592.5 3457231.314692965
1597.5 3448780.5851021428
1605.0 3370771.5855203657
1615.0 3186860.289974205
1625.0 3238582.463380209
1635.0 3145257.983624699
1645.0 2980836.8024095716
1655.0 3027231.2640955746
1665.0 2960481.680962834
1675.0 2874802.6067861007
1685.0 2726111.9022588185
1695.0 2769170.2773939366
1705.0 2710382.02240201
1715.0 2652772.707651037
1725.0 2594902.5777370716
1735.0 2432221.3579372964
1745.0 2480627.538103981
1755.0 2433750.836940409
1765.0 2383346.864350564
1775.0 2333731.30556006
1785.0 2286015.6589027154
1795.0 2240518.035321035
1805.0 2188708.1277526515
1815.0 2064368.726349466
1825.0 2094913.7430276626
1835.0 2063774.083693339
1845.0 2022616.217522417
1855.0 1980480.941057232
1865.0 1941716.5662867334
1875.0 1823335.7270092296
1885.0 1864620.3203035884
1895.0 1830299.5515442155
1905.0 1795273.3284995877
1915.0 1760549.8977341924
1925.0 1726449.160683644
1935.0 1692477.1401933213
1945.0 1593335.8456833207
1955.0 1628689.8284388783
1965.0 1599111.1806807679
1975.0 1568816.7335661014
1985.0 1539506.6597744587
1995.0 1510854.6916725007
2005.0 1482904.8952850965
2015.0 1455522.9836290118
2025.0 1428783.6600556609
2035.0 1402570.7414565862
2045.0 1377087.6477434274
2055.0 1352089.8771348593
2065.0 1327636.9137908628
2075.0 1303842.1556083907
2085.0 1280579.770710561
2095.0 1257728.1050377479
2105.0 1235428.0107145875
2115.0 1213103.6452626055
2125.0 1191913.7561393506
2135.0 1170974.8344669838
2145.0 1150855.7596952189
2155.0 1130723.1567532914
2165.0 1066729.2419883471
2175.0 1090974.0107724117
2185.0 1073764.2883603666
2195.0 1055490.8140974313
2205.0 1037614.8293048679
2215.0 1019883.4765668393
2225.0 1002949.0922063433
2235.0 986144.1207089489
2245.0 969717.0427295584
2255.0 953553.8635401821
2265.0 937824.4810425707
2275.0 922369.242934435
2285.0 911190.0007879814
2295.0 906795.6333373748
2305.0 887557.7795911419
2315.0 869188.5139468331
2325.0 851844.8029670726
2335.0 834688.6958764817
2345.0 819200.2839098953
2355.0 804106.4269944178
2365.0 790760.1908259286
2375.0 779512.4125821061
2385.0 767012.7812390263
2395.0 754934.6120796218
2405.0 741288.8662026016
2415.0 727894.0877764693
2425.0 728907.855028045
2435.0 707491.6177341616
2445.0 696049.4217801683
2455.0 695891.8583865074
2465.0 679086.8371531933
2475.0 669068.7297884345
2485.0 670782.6295818554
2495.0 636337.8194387102
2505.0 651667.5738214018
2515.0 641348.4149346008
2525.0 607059.1787483279
2535.0 621210.3410415044
2545.0 613524.002800801
2555.0 602962.8289286608
2565.0 570711.8204682784
2575.0 585937.4278350843
2585.0 578074.924966746
2595.0 569710.6364043909
2605.0 558674.1363475228
2615.0 530200.6704614264
2625.0 520068.9662560358
2635.0 536068.5640054655
2645.0 529700.2276372418
2655.0 522119.4290181763
2665.0 513894.500502866
2675.0 485407.8545980448
2685.0 499422.44205568056
2695.0 493155.566963678
2705.0 486246.50167629967
2715.0 479458.24493791204
2725.0 472772.3944582201
2735.0 466203.473125781
2745.0 459661.85681326606
2755.0 436186.85085864953
2765.0 443115.26341879746
2775.0 441040.77820743405
2785.0 435011.292660237
2795.0 429094.9065944747
2805.0 423274.6600615238
2815.0 417533.6428486808
2825.0 411900.72665734106
2835.0 406381.55651439226
2845.0 400914.83289878425
2855.0 395602.86259737326
2865.0 388733.4617059686
2875.0 369422.42155387334
2885.0 379839.83375007374
2895.0 374787.8579689793
2905.0 370158.6872413923
2915.0 365224.2374385873
2925.0 360544.7090922877
2935.0 355850.78219723026
2945.0 351253.6662699004
2955.0 346738.01777906576
2965.0 342268.32527804887
2975.0 337884.6759181411
2985.0 333565.45944222563
2995.0 329316.3457451502
3005.0 325129.6257593587
3015.0 321004.23016257735
3025.0 316932.7980386881
3035.0 303137.521119041
3045.0 304906.82672702573
3055.0 305091.8194804102
3065.0 301380.9976424234
3075.0 297629.46695414884
3085.0 293762.67327193194
3095.0 290308.86179907864
3105.0 286737.872499374
3115.0 283212.8889254068
3125.0 279733.2147743011
3135.0 276347.019284302
3145.0 272955.70099457214
3155.0 269680.09332206205
3165.0 266404.485649552
3175.0 263194.40505126806
3185.0 260048.9065447356
3195.0 256925.83893799517
3210.0 252348.1697552744
3230.0 246399.48020965635
3250.0 240611.73610024
3270.0 234997.1973312354
3290.0 224033.6101326713
3310.0 225154.28474367698
3330.0 220186.9097620198
3350.0 214744.681086872
3370.0 209463.34811200618
3390.0 204479.0753516254
3410.0 199462.9716026262
3430.0 194926.69513908925
3450.0 190562.51739175033
3470.0 186420.1867143056
3490.0 182207.39267260293
3510.0 178428.6688702235
3530.0 174636.98886075805
3550.0 170443.4674879454
3570.0 166544.3578918929
3590.0 164861.36897257567
3610.0 159262.43484838202
3630.0 158062.89150268637
3650.0 152415.45242278947
3670.0 151666.90196310054
3690.0 145804.33016247113
3710.0 145347.36896609847
3730.0 141164.03102284772
3750.0 135210.9771502746
3770.0 136648.8301552905
3790.0 133924.76896447342
3810.0 129482.39391736068
3830.0 127487.82189500128
3850.0 126017.04371113324
3870.0 123496.86248921286
3890.0 120926.63449807804
3910.0 116029.63584281929
3930.0 116361.80961662397
3950.0 114056.63677563681
3970.0 111883.20195199797
3990.0 109709.82929825877
4010.0 106746.37669186761
4030.0 103891.56598510656
4050.0 101285.19241431798
4070.0 101566.3247005139
4090.0 99665.01996160235
4110.0 97802.93199538703
4130.0 95972.14657364311
4150.0 94182.4741065346
4170.0 90243.44521791987
4190.0 90705.68463877244
4210.0 89078.01449615958
4230.0 87456.89084397936
4250.0 85865.5714416891
4270.0 84313.31338734596
4290.0 82795.9885996135
4310.0 81312.80752076622
4330.0 79859.8285791666
4350.0 78442.75275461214
4370.0 75368.46986812336
4390.0 75476.64549350613
4410.0 74371.23980985334
4430.0 73071.85782231734
4450.0 71801.85111236373
4470.0 70842.68146665655
4490.0 69618.1458213035
4510.0 68424.29723841534
4530.0 67245.84192267936
4550.0 66108.5865994383
4570.0 64988.620725288594
4590.0 63891.309562569615
4610.0 62819.021784457866
4630.0 61765.639872828244
4650.0 59488.493222601166
4670.0 58133.27023120378
4690.0 58671.624260192046
4710.0 57774.40691948138
4730.0 56825.90562855333
4750.0 55891.29309320603
4770.0 54988.78509403555
4790.0 54099.363858740406
4810.0 53227.98432832231
4830.0 52371.71208351802
4850.0 51532.83808512946
4870.0 50713.525845664284
4890.0 49908.382126328266
4910.0 49117.12405407801
4930.0 48344.445456336754
4950.0 47585.07432561457
4970.0 46841.18039140907
4990.0 46112.48078067688
5010.0 45398.683294889655
5030.0 44694.755280671125
5050.0 44009.93518510856
5070.0 43334.50585288742
5090.0 42672.94662527714
5110.0 41988.25086951387
5130.0 40378.79339900209
5150.0 40746.239265370525
5170.0 40148.95128001353
5190.0 39546.294923822155
5210.0 38956.103632509665
5230.0 38375.95588848486
5250.0 37807.853562516335
5270.0 37249.4093304577
5290.0 36702.60330361266
5310.0 36162.95924920675
5330.0 35636.6972656995
5350.0 35117.28640513315
5370.0 34608.76460248967
5390.0 34106.80483275374
5410.0 33617.45933565585
5430.0 33134.38367293717
5450.0 32661.516307740254
5470.0 32196.671968092556
5490.0 31739.71077171988
5510.0 31290.49905333799
5530.0 30848.906256157625
5550.0 30416.738415763484
5570.0 29989.982465133464
5590.0 29572.374815236246
5610.0 29159.952134969444
5630.0 28758.30971530113
5650.0 28359.73227168533
5670.0 27969.78401014029
5690.0 27586.45995140246
5710.0 27209.648189652467
5730.0 26839.24303606092
5750.0 26475.141910293405
5770.0 26117.229798035576
5790.0 25765.414998685457
5810.0 25419.59026916616
5830.0 25079.662354628217
5850.0 24798.0917706398
5870.0 24467.57016191819
5890.0 24113.304314274556
5910.0 23237.975440981496
5930.0 23500.938574006086
5950.0 23202.6427327656
5970.0 22899.40127600833
5990.0 22599.68329831346
6010.0 22306.763599144797
6030.0 22017.221279774363
6050.0 21732.655660870536
6070.0 21452.98281306879
6090.0 21176.508606603795
6110.0 20906.402152109964
6130.0 20639.36378216363
6150.0 20376.938418770973
6170.0 20119.046795309947
6190.0 19864.060060409847
6210.0 19615.04474437068
6230.0 19368.811531340634
6250.0 19125.32622787491
6270.0 18887.596302868846
6290.0 18652.49771886527
6310.0 18421.505456733263
6330.0 18193.052835001767
6350.0 17968.594629322477
6370.0 17748.06866979575
6390.0 17531.41900351191
6420.0 17210.84768722852
6460.0 16795.785894721776
6500.0 16392.443128298164
6540.0 16001.888710231588
6580.0 15622.361678114588
6620.0 15253.543411211487
6660.0 14897.84299313354
6700.0 14550.857240738367
6740.0 14213.678790012236
6780.0 13886.024767911762
6820.0 13568.927194771053
6860.0 13259.530917948903
6900.0 12958.89671135801
6940.0 12668.027841753896
6980.0 12384.18572505719
7020.0 12108.529052772528
7060.0 11840.467987977028
7100.0 11579.926372543625
7140.0 11325.520926205209
7180.0 11079.421378459401
7220.0 10839.67714870483
7260.0 10606.007695269349
7300.0 10379.156725577464
7340.0 10157.943788659659
7380.0 9942.555394214869
7420.0 9733.16794933334
7460.0 9504.52493228418
7500.0 9210.587201008826
7540.0 9137.166880898996
7580.0 8948.841043769795
7620.0 8765.29840329455
7660.0 8586.216453118854
7700.0 8411.88894601853
7740.0 8241.79831757903
7780.0 8076.138848736749
7820.0 7914.605129859677
7860.0 7757.001325763931
7900.0 7603.327436449512
7940.0 7453.395397969993
7980.0 7307.115841094633
8020.0 7164.4942056896525
8060.0 7025.260052691593
8100.0 6889.425816080385
8140.0 6756.820528632003
8180.0 6627.3688093431265
8220.0 6500.998385705419
8260.0 6377.725188755666
8300.0 6257.217775216381
8340.0 6139.585330973817
8380.0 6024.6755397738425
8420.0 5912.514046700063
8460.0 5802.952809678946
8500.0 5695.851169312546
8540.0 5591.237102055701
8580.0 5488.9726684435755
8620.0 5389.0873991785
8660.0 5291.369139477935
8700.0 5195.929406599369
8740.0 5102.63803231542
8780.0 5011.372231074289
8820.0 4922.165419197034
8860.0 4834.972523506413
8900.0 4749.6742555074825
8940.0 4666.230593327344
8980.0 4584.602680778721
9020.0 4504.751661674334
9060.0 4426.640622636269
9100.0 4350.159989216401
9140.0 4275.419724424729
9180.0 4202.241478361643
9220.0 4130.5922232679595
9260.0 4060.441262755726
9300.0 3991.827064450349
9340.0 3924.648602264905
9380.0 3858.809512854944
9420.0 3794.418593544845
9460.0 3731.310316976803
9500.0 3669.5270363949503
9540.0 3609.042329591938
9580.0 3549.764107403917
9620.0 3491.733945951275
9660.0 3434.861698879526
9700.0 3379.1259952856676
9740.0 3324.5042985810774
9780.0 3271.037796324271
9820.0 3218.5780578798453
9860.0 3167.1689907394243
9900.0 3116.8517824615237
9940.0 3067.4820823104046
9980.0 3019.0431821255365
10020.0 2971.5772408701173
20000.0 189.61878890344613
40000.0 11.752617712381731
60000.0 2.296910845332725
80000.0 0.7199893080224771
100000.0 0.2925555717284521
120000.0 0.1401155559927321
140000.0 0.07517757396172144
160000.0 0.04383529439051193
