# wavelength (nm)
# intensity (erg s-1 cm-2 nm-1 sr-1)
col1 col2
9.09000015258789 0.0
9.350000762939453 0.0
9.60999984741211 0.0
9.770000457763672 0.0
9.95999984741211 0.0
10.200000000000001 0.0
10.380000305175782 0.0
10.560000610351564 0.0
10.770000457763672 0.0
11.040000152587892 0.0
11.4 0.0
11.779999542236329 0.0
12.130000305175782 0.0
12.479999542236328 0.0
12.70999984741211 0.0
12.840000915527344 0.0
13.05 0.0
13.239999389648439 0.0
13.390000915527345 0.0
13.660000610351563 0.0
13.980000305175782 0.0
14.330000305175782 0.0
14.719999694824219 0.0
15.100000000000001 0.0
15.520001220703126 0.0
15.880000305175782 0.0
16.200001525878907 0.0
16.6 0.0
17.030000305175783 0.0
17.340000915527344 0.0
17.68000030517578 0.0
18.020001220703126 0.0
18.16999969482422 0.0
18.610000610351562 0.0
19.1 0.0
19.389999389648438 0.0
19.840000915527344 0.0
20.18000030517578 0.0
20.5 0.0
21.05 0.0
21.620001220703127 0.0
21.980000305175782 0.0
22.3 0.0
22.68000030517578 0.0
23.0 4.969869155149461e-08
23.400000000000002 1.26660113980913e-07
24.0 3.643312326138567e-07
24.650000000000002 1.0683784097916215e-06
25.23999938964844 2.7178422713439366e-06
25.68000183105469 5.111446505969034e-06
26.0 8.580275038479648e-06
26.400000000000002 1.5135016163303182e-05
26.85 2.797477742435994e-05
27.35 5.38343899299681e-05
27.85 0.00010227283731205468
28.400000000000002 0.00020512238408497391
29.0 0.0004135782465893349
29.6 0.0008064178347588375
30.1 0.0013797586138635562
30.8 0.002840355955364733
31.8 0.007828332086006114
32.800000000000004 0.01916393963038733
33.800000000000004 0.04636702673633881
34.800000000000004 0.10431248698936764
35.7 0.254255262241671
36.6 0.49777436831359745
37.5 0.8973417154198128
38.5 1.706587650924801
39.5 3.166339664616942
40.5 5.615501877283467
41.400003051757814 9.314073977417376
42.2 14.128047463775538
43.0 21.40055057751942
44.1 36.74320602793888
45.1 58.5904373167988
46.0 87.08435335997045
47.0 134.734290804711
48.0 202.81539436318815
49.0 303.21374743871513
50.0 443.5011216780696
50.6 22437.253555757747
51.2 250795.38947377424
52.0 314249.9927932756
53.0 437981.02442649234
54.0 472224.6527743854
55.0 812898.6434100112
56.0 996274.8301959452
57.0 1309749.290793086
58.0 1241626.001557783
59.0 1779463.8711712332
60.0 2305071.8770701443
61.0 2922030.4435428684
62.0 3361045.6269480204
63.0 3965963.326201127
64.0 4263553.626118499
65.0 5148910.292846681
65.80000610351563 6047033.573334978
66.5 6508696.306198427
67.5 6924196.54570543
68.5 7656825.741718482
69.5 9742940.40477363
70.5 10541671.42330104
71.60000000000001 12202084.014996994
72.60000000000001 13367568.501286505
73.5 14346314.105522148
74.5 16892414.406227913
75.5 18918708.296597827
76.5 21141337.316315334
77.5 23541172.632770218
78.5 25948857.471018393
79.5 27811304.53057406
80.5 30092828.836982723
81.5 32115684.980581854
82.5 35954406.714992516
83.5 33012981.451140787
84.5 39945748.49053171
85.5 42453435.15417282
86.5 46455475.32498667
87.5 51060961.01183001
88.5 56647961.598918796
89.5 60834659.70090558
90.5 60737798.00253985
91.5 129252148.44006321
92.5 1820776552.1299489
93.5 4409451411.267779
94.5 7794387872.666993
95.5 10058554104.36228
96.5 9281987989.970497
97.5 1281700883.5944912
98.5 5441178397.354379
99.5 7064629710.869562
100.5 11542618486.379637
101.5 11720784016.325226
102.5 7216421866.181327
103.5 7798006725.030622
104.5 14876726410.279713
105.5 13711498322.603523
106.5 10400791115.50739
107.5 12499388128.861897
108.5 9005810313.336138
109.5 13406623252.659124
110.5 11874586464.089382
111.5 11041365468.041754
112.5 9045237143.500916
113.5 12738026221.914265
114.5 11655785646.862314
115.5 12095751228.784788
116.5 12001642325.24436
117.5 6674964628.5422325
118.5 11991915997.432547
119.5 9709077758.7433
120.5 5180623879.229738
121.5 6146841570.288915
122.5 10573075704.784594
123.5 12526138789.837618
124.5 12592630822.07525
125.5 11934409573.169182
126.5 11563246189.314308
127.5 12468421313.38732
128.5 12349915102.986494
129.5 9009016839.8056
130.5 9834036950.87517
131.5 11974191688.096523
132.5 11001117245.581877
133.5 9671547138.767704
134.5 11235850465.739288
135.5 10891008304.626488
136.5 9663321807.590387
137.5 9608267337.112694
138.5 9487212203.002472
139.5 6923177482.97101
140.5 7580676754.125631
141.5 8544176435.26387
142.5 8603907463.659796
143.5 8868173322.268593
144.20000000000002 9097162500.473469
144.70000000000002 8892652931.333162
145.5 8637095623.773699
146.5 7833738919.614069
147.5 8052802126.046515
148.5 7987398764.549214
149.5 7833685952.849008
150.5 7121351412.136715
151.20000000000002 6116379568.829035
151.70000000000002 6442451123.277531
152.5 6760729229.402285
153.5 5674647749.010105
154.5 5601427307.863111
155.5 5488205550.868754
156.5 5938260486.662036
157.5 6349166871.525436
158.5 6475988864.040836
159.5 6416959034.126988
160.5 6559527231.021709
161.5 6553947793.477517
162.5 6284616682.382271
163.5 6790688861.467394
164.5 6760890981.754048
165.5 6544809396.75788
166.5 6894885896.568668
167.20000000000002 6571110247.667238
167.70000000000002 6965417255.797181
168.5 6974190996.7112055
169.5 6489570357.475781
170.5 6313430195.138791
171.5 5870632521.032173
172.5 5866237094.40542
173.5 6244779563.5065975
174.5 5978474077.006297
175.5 6165164404.070126
176.5 5949033111.802131
177.5 5631365753.222196
178.5 5803107636.875852
179.5 6079358652.107987
180.5 6180206557.91079
181.5 5286144676.020883
182.5 5659525737.585194
183.5 5420122478.496021
184.5 4887885939.780736
185.5 4724507915.766863
186.5 4864806690.497048
187.5 5402299569.489655
188.5 4692262156.634391
189.5 4288898646.552328
190.5 4876613797.30245
191.5 4397123600.418162
192.5 4222438394.373733
193.5 4576685823.214746
194.5 4661929720.030583
195.5 4171184085.570837
196.70000000000002 4666242844.453164
197.60001220703126 4838201484.406917
198.4 4483191334.149025
199.5 4371219592.810107
200.5 4636762357.89353
201.5 4506828771.649124
202.5 4735269132.680637
203.5 4238275864.563621
204.5 4400945356.23564
205.5 4260819742.083538
206.5 4220355985.6335278
207.4 4594451691.089508
207.8 3960822503.7646008
208.5 4302390503.923324
209.5 4042292722.28817
210.5 4182999748.5459795
211.5 4222218378.580403
212.5 4257859307.3532834
213.5 4184655978.545771
214.5 3936572281.5364113
215.5 4158340459.9168572
216.5 4162612025.8006983
217.5 4124550108.4278765
218.5 3930274940.6073146
219.5 4058067447.2332935
220.5 4019863741.90477
221.5 3915822347.6054444
222.5 3801858241.026925
223.5 3820007506.793398
224.5 3852196224.7942657
225.5 3695124097.87923
226.5 3787739338.6449385
227.5 3754397574.9123588
228.5 3779370589.765303
229.5 3535793957.025979
230.5 3644326933.0024757
231.5 3486375557.787428
232.5 2736587198.908878
233.5 3275038165.1941066
234.5 3311060047.2387724
235.5 3337812541.679439
236.5 3280916050.0875854
237.5 3249731256.0029507
238.5 3196501286.8632803
239.5 3227982491.1139293
240.5 3112873894.9734387
241.5 3132690798.966024
242.5 3143918530.8489895
243.5 3022587154.687142
244.5 3077148830.5314417
245.5 3089337705.481937
246.5 3005906086.904494
247.5 2958075875.7444634
248.5 2956744983.9131427
249.5 2683722496.729801
250.5 2895865187.8703766
251.3 2739693495.961377
251.8 2865662519.840968
252.5 2783588887.632358
253.5 2747115973.211365
254.5 2669286812.3490844
255.5 2738260337.5298233
256.5 2703371944.2574625
257.5 2735496083.5486217
258.5 2706297339.4354463
259.5 2680404332.617058
260.5 2647495266.6113605
261.5 2611853522.965171
262.5 2595037186.21329
263.5 2585913253.4948816
264.5 2604192084.117427
265.5 2601793708.2518
266.5 2496194072.4680457
267.5 2526919278.0066133
268.5 2507633060.2562737
269.5 2430197890.6387157
270.5 2397348921.53953
271.5 2387936931.10652
272.5 2370281274.8467503
273.5 2376546224.561829
274.5 2281837574.2662487
275.5 2278494760.235919
276.5 2275376240.0837903
277.5 2299494860.272636
278.5 2264071502.673159
279.5 2178362720.6347485
280.5 2213230334.637739
281.5 2217130929.447826
282.5 2191394582.0230217
283.5 2091364809.0220842
284.5 2111356910.776025
285.5 2091957833.0724401
286.5 2112807588.9837143
287.5 2084280300.4768505
288.5 2066686370.8702095
289.5 2035693275.7314296
291.0 2009591865.0643587
293.0 1974638281.9273076
295.0 1918741436.1668167
297.0 1899444013.9084835
299.0 1862583016.0742555
301.0 1806279955.969412
303.0 1807395517.5289273
305.0 1774875146.0914469
307.0 1744445332.127258
309.0 1693364183.9024463
311.0 1674940407.6901283
313.0 1641241016.4342232
315.0 1616961153.1894321
317.0 1576812854.569025
319.0 1543433301.0867574
321.0 1528100848.629893
323.0 1500327623.511003
325.0 1476582928.3116553
327.0 1446800836.768664
329.0 1421065507.9354954
331.0 1398909713.8288136
333.0 1372964453.2595088
335.0 1347964649.446543
337.0 1325782575.6756577
339.0 1305020113.0675704
341.0 1283208297.3562942
343.0 1240410132.5953841
345.0 1228740128.2241597
347.0 1215015217.086896
349.0 1194089983.5354097
351.0 1175994906.8439608
353.0 1159819875.3859725
355.0 1140508192.844738
357.0 1125648265.047716
359.0 1095462505.6394618
361.0 1076042750.5256703
363.0 1064263654.9902527
364.0 1063039918.9990169
365.0 1050832301.9624233
367.0 1020713464.0246406
369.0 957012882.164886
371.0 1015549713.7270126
373.0 1017401513.3208754
375.0 1117946388.112031
377.0 1110039672.398389
379.0 1133042629.1685562
381.0 1174957369.4037468
383.0 1054277891.8888038
385.0 1168629674.443904
387.0 1142610260.4035141
389.0 1004888828.0893632
391.0 1135039272.493028
393.0 1089703082.953225
395.0 1092376580.419678
397.0 932309284.7996072
399.0 1055670001.0774355
401.0 1041362557.3836646
403.0 997936329.0201278
405.0 1009525457.2154708
407.0 975702612.653308
409.0 940089898.8687384
411.0 852696417.1943159
413.0 925869952.1964818
415.0 919474215.3153682
417.0 912296098.1988056
419.0 904427070.375688
421.0 895008764.6745366
423.0 876545874.5434046
425.0 858589326.3144227
427.0 832544294.6943928
429.0 830305532.1380941
431.0 810255319.7313316
433.0 769528766.6392876
435.0 709520986.8959193
437.0 771643770.311838
439.0 762108784.9388071
441.0 757986646.4479362
443.0 745322445.7106006
445.0 738486575.3836628
447.0 710497357.9084041
449.0 714858916.3632671
451.0 709829772.9503086
453.0 697264681.1791351
455.0 688223203.4536436
457.0 677676501.938366
459.0 667258703.1945976
461.0 653130531.6287255
463.0 644227633.295283
465.0 629657953.1848785
467.0 626998053.9167632
469.0 622043573.2707078
471.0 600393255.2632859
473.0 597926175.3918252
475.0 589526715.9743708
477.0 589126002.0248518
479.0 578859464.1389979
481.0 567680420.9362231
483.0 560650101.4660136
485.0 539467266.0898364
487.0 488477994.83057266
489.0 538501030.0641278
491.0 531959227.14244205
493.0 515588575.16080064
495.0 516226875.60936725
497.0 511546396.113339
499.0 503215997.20879114
501.0 482676045.9435417
503.0 488585252.52982116
505.0 476047408.0849051
507.0 475961184.3029356
509.0 469566771.59094846
511.0 462086591.124793
513.0 451815062.1399237
515.0 447295367.3336046
517.0 445052683.1995081
519.0 439202911.43517685
521.0 430955731.4672729
523.0 427293385.2407966
525.0 422107913.47653556
527.0 415715003.18721116
529.0 411484843.0533649
531.0 405435121.7509284
533.0 400329838.61319476
535.0 394325775.6808325
537.0 390687086.24509746
539.0 385460998.1393593
541.0 380772522.6989901
543.0 374780122.64085764
545.0 370258034.1441944
547.0 365491432.72536033
549.0 361202066.9526838
551.0 357221971.0654235
553.0 352211569.7385635
555.0 348626534.6172436
557.0 343827669.30834585
559.0 340066978.0594343
561.0 335436613.2718868
563.0 331790258.93409246
565.0 325238193.7016762
567.0 320392702.36065024
569.0 316496130.98752457
571.0 314595489.9247257
573.0 310923976.3735274
575.0 306769981.42924714
577.0 304214767.9164999
579.0 300399760.26860994
581.0 296807620.4706304
583.0 292746011.78771615
585.0 289626473.04395145
587.0 279268923.9954398
589.0 280296428.3080411
591.0 278763040.45952564
593.0 274993207.3506829
595.0 271267708.4427878
597.0 269873791.25400263
599.0 265568000.69119906
601.0 263438227.43992966
603.0 259995183.99263862
605.0 257132355.80588338
607.0 254448035.80330002
609.0 251453885.68990082
611.0 248605827.08186454
613.0 245901262.5705199
615.0 241752207.7956732
617.0 239730736.300079
619.0 237417310.97687697
621.0 234848804.84328273
623.0 232231126.1984708
625.0 229028088.40536234
627.0 226760983.53679782
629.0 224351301.30401385
631.0 221636321.69319326
633.0 219459846.01542297
635.0 215804553.53602457
637.0 213890034.1621881
639.0 211980544.08455333
641.0 209623726.75766677
643.0 207654610.87215203
645.0 205215847.84816632
647.0 202459462.48735094
649.0 200302518.3041969
651.0 198451164.34417474
653.0 196042195.12553582
655.0 190905717.61895612
656.124755859375 170937387.24731553
659.0 187656397.5683965
661.0 187771320.16970432
663.0 186039981.76916888
665.0 184095579.4632175
667.0 180944693.56186137
669.0 179007013.96070617
671.0 178420903.60107824
673.0 176210343.3006954
675.0 174628139.4480348
677.0 172904542.34393135
679.0 169702637.7340177
681.0 168978813.7852312
683.0 167335112.4625599
685.0 165720466.46629944
687.0 164020182.3782601
689.0 162223119.35242546
691.0 160531964.39192188
693.0 158857616.1934088
695.0 157361228.68606335
697.0 155780629.11522913
699.0 154129632.12996647
701.0 152555908.05267382
703.0 151009711.41433832
705.0 149394148.68560567
707.0 145671221.72159094
709.0 146508491.31381336
711.0 144262127.51743254
713.0 142923201.54458448
715.0 142066094.88025513
717.0 140656516.84506974
719.0 139318367.54834396
721.0 137923699.1482274
723.0 134420278.68172503
725.0 135048520.53788826
727.0 133852732.15465933
729.0 131381819.83216904
731.0 131202484.04229309
733.0 129918345.56705499
735.0 128690637.06843956
737.0 127441194.37079549
739.0 126203376.35019487
741.0 124977042.95028774
743.0 123664307.51487489
745.0 122547523.64539678
747.0 121107782.5653966
749.0 120162631.3865488
751.0 118960031.17175555
753.0 117831953.66751564
755.0 116798261.41072695
757.0 115690148.3025485
759.0 114560861.2207411
761.0 113452175.1547675
763.0 112415325.26390786
765.0 111367245.40026367
767.0 110328587.5092505
769.0 109268768.37700386
771.0 108248712.51573928
773.0 107237747.58482412
775.0 106235746.26030388
777.0 104487855.7456869
779.0 104297837.47603062
781.0 103233536.5405865
783.0 102384101.14451416
785.0 101327910.74497001
787.0 100203684.79035293
789.0 99089536.52673241
791.0 98550752.48098229
793.0 97606142.428941
795.0 96622354.7961082
797.0 95835976.58848886
799.0 94840239.60252874
801.0 94105561.28662337
803.0 93358411.58937733
805.0 92543500.08356048
807.0 91799043.28795156
809.0 90765809.39739898
811.0 89877463.80083953
813.0 89362330.17963284
815.0 88379064.5750134
817.0 87802267.9626552
819.0 86852825.96654163
821.0 85545979.26402318
823.0 84860721.74104673
825.0 84471797.98971191
827.0 83237882.4483159
829.0 82935335.26769593
831.0 82204922.30426544
833.0 81190239.51387964
835.0 79995991.75049984
837.0 78847300.49803068
839.0 78229932.1075795
841.0 77443751.25208959
843.0 77072500.06563571
845.0 76137082.80310741
847.0 74413141.9243269
849.0 76796359.87317355
851.0 73071121.97938514
853.0 76450267.90012364
855.0 70704335.18686329
857.0 76536701.76661798
859.0 71580712.33170222
861.0 70795626.4622208
863.0 75125958.71724916
865.0 72820472.04260857
867.0 66244870.97720789
869.0 72994046.4235446
871.0 73010121.07279688
873.0 71034085.13035652
875.0 63800161.924548246
877.0 69302441.15233035
879.0 70589909.14897794
881.0 70047292.65219815
883.0 69315078.05481185
885.0 66064026.39847143
887.0 60963008.61321261
889.0 67418339.4712176
891.0 67177187.90144476
893.0 66561582.94776304
895.0 66271920.95133579
897.0 65715165.12941172
899.0 63910411.736726865
901.0 58017432.588445045
903.0 61238766.83381135
905.0 63377656.480221055
907.0 62466545.360601746
909.0 62291379.430234805
911.0 62022509.43557308
913.0 61560450.80478869
915.0 61081082.48239362
917.0 60385689.972641066
919.0 59961987.68314182
921.0 58025186.61727248
923.0 51895174.829145044
925.0 57366756.25150359
927.0 57542310.519931674
929.0 57692215.37773107
931.0 56994276.38888904
933.0 56680620.19324125
935.0 56304651.654274136
937.0 55917039.339670405
939.0 55467611.24516979
941.0 54860339.64430835
943.0 54604946.89022765
945.0 54175998.8538041
947.0 53427926.05788813
949.0 53302830.2726179
951.0 52339000.669648826
953.0 50825589.949590266
955.0 45998487.37068918
957.0 51021579.71271135
959.0 51206680.094626084
961.0 50689267.37463433
963.0 50096832.197567925
965.0 50122475.241998896
967.0 49721073.743125685
969.0 49286790.83300969
971.0 48793343.66434872
973.0 48599922.662009135
975.0 48211527.3050854
977.0 47864846.458746046
979.0 47494314.65263494
981.0 47113950.254139625
983.0 46765442.30905358
985.0 46420607.66005409
987.0 46041255.48699684
989.0 45659684.69403288
991.0 45141001.91759525
993.0 45043264.86704252
995.0 44701877.5141104
997.0 44336324.07461921
999.0 44035814.07727082
1002.5 42277349.30823481
1007.5 40910112.85410958
1012.5 41718915.993210554
1017.5 41114162.22354883
1022.5 40350030.69387489
1027.5 39641956.71825677
1032.5 38789309.57543284
1037.5 38231411.021017365
1042.5 37551644.34357757
1047.5 36880354.25840685
1052.5 36213603.27221311
1057.5 35586733.33165934
1062.5 34966840.74381072
1067.5 34260689.359905146
1072.5 33756944.866426125
1077.5 33170153.32364176
1082.5 32209490.904040217
1087.5 32024008.55026206
1092.5 29593543.86500914
1097.5 30642148.93996554
1102.5 30273097.27482519
1107.5 29919712.82228281
1112.5 29417384.807797305
1117.5 28923788.033489827
1122.5 28421144.892217003
1127.5 27906453.721752122
1132.5 27456755.063848246
1137.5 27054185.367692746
1142.5 26593285.384894066
1147.5 26178078.786257066
1152.5 25751906.412041035
1157.5 25318234.656906515
1162.5 24915456.467775565
1167.5 24517752.13823038
1172.5 24132016.260405708
1177.5 23731182.94467934
1182.5 23371838.139518164
1187.5 23001955.685574878
1192.5 22642507.42970069
1197.5 22138559.217894513
1202.5 21938251.581167348
1207.5 21597801.650850043
1212.5 21261800.101192158
1217.5 20933816.77756724
1222.5 20612080.285458684
1227.5 20296870.737566322
1232.5 19986087.28864135
1237.5 19682395.78398055
1242.5 19385652.98413514
1247.5 19072218.013858255
1252.5 18764310.494754948
1257.5 18514150.75520311
1262.5 18244032.985787544
1267.5 17976845.2588743
1272.5 17710695.222190015
1277.5 17235802.336794697
1282.5 16218409.137728047
1287.5 16906523.49193301
1292.5 16693421.389330687
1297.5 16357378.459387597
1302.5 16211886.968160141
1307.5 15979407.75123638
1312.5 15749645.309191195
1317.5 15518068.500794763
1322.5 15302222.566973535
1327.5 15084414.252703983
1332.5 14868765.67101219
1337.5 14659602.653251389
1342.5 14436502.437124033
1347.5 14250311.843849117
1352.5 14049434.43242568
1357.5 13855354.5286217
1362.5 13661153.66706097
1367.5 13471983.693251373
1372.5 13285839.254909955
1377.5 13106461.288974088
1382.5 12927130.273746433
1387.5 12750036.977018649
1392.5 12567113.038950695
1397.5 12400901.96145682
1402.5 12238569.489926096
1407.5 12074290.553441357
1412.5 11911425.708625989
1417.5 11752643.188100928
1422.5 11596684.076266319
1427.5 11442618.112479787
1432.5 11290707.106622718
1437.5 11141212.072801786
1442.5 10994090.039182354
1447.5 10850162.245270776
1452.5 10708519.916341996
1457.0 10584291.525511617
1462.0 10449184.098546192
1467.5 10302237.13536416
1472.5 10169896.617084388
1477.5 10038284.23266926
1482.5 9910395.278147768
1487.5 9780201.760050304
1492.5 9649913.544761702
1497.5 9512588.293664292
1502.5 9379000.000630677
1507.5 9232458.88255353
1512.5 9122505.894343778
1517.5 9007552.25782208
1522.5 8926240.793171147
1527.5 8755859.06039355
1532.5 8657204.481593892
1537.5 8612657.01302247
1542.5 8404955.037639253
1547.5 8415576.24276649
1552.5 8326629.319720724
1557.5 8046600.176224111
1562.5 8192884.259068165
1567.5 7979155.881764774
1572.5 7763852.666299488
1577.5 7912045.81268593
1582.5 7806821.317835439
1587.5 7388952.057000513
1592.5 7575741.0728614535
1597.5 7550477.612969762
1605.0 7377897.950428065
1615.0 7060609.043204209
1625.0 7071159.424381771
1635.0 6865154.040691914
1645.0 6575433.952710436
1655.0 6591654.626623005
1665.0 6440691.388452048
1675.0 6251392.499138549
1685.0 5989885.8079189705
1695.0 6011659.795683373
1705.0 5851216.095439791
1715.0 5746280.864698369
1725.0 5620004.9455251135
1735.0 5322563.455479532
1745.0 5368063.864272716
1755.0 5259175.622632249
1765.0 5145473.34185061
1775.0 5033803.071804898
1785.0 4921105.854488884
1795.0 4821951.927055276
1805.0 4715485.625761311
1815.0 4480928.243168125
1825.0 4503605.037347216
1835.0 4428299.682361213
1845.0 4336215.815387104
1855.0 4241672.20876751
1865.0 4134766.6398306107
1875.0 3947348.9619444567
1885.0 3990625.1804079316
1895.0 3907711.42336742
1905.0 3819705.901810041
1915.0 3755883.575968118
1925.0 3681042.1576412274
1935.0 3605781.763926647
1945.0 3416170.533037329
1955.0 3460377.410030534
1965.0 3399625.183040853
1975.0 3333620.0471544247
1985.0 3269073.964208791
1995.0 3206103.1173124094
2005.0 3144670.303997332
2015.0 3084591.1034732517
2025.0 3026127.3256215537
2035.0 2968950.7133721113
2045.0 2911597.837023195
2055.0 2851810.486876009
2065.0 2805274.5762343328
2075.0 2753235.0876605394
2085.0 2702338.1326344665
2095.0 2652694.7217289214
2105.0 2604141.522183556
2115.0 2545930.6017476954
2125.0 2510340.3733734856
2135.0 2464912.380079408
2145.0 2419959.8621778176
2155.0 2376379.2598856795
2165.0 2253804.886801383
2175.0 2290670.3441571165
2185.0 2251666.2422535857
2195.0 2213525.3569726497
2205.0 2174995.536799533
2215.0 2137069.9085791283
2225.0 2099373.0655894186
2235.0 2063824.2175004128
2245.0 2028348.3817415505
2255.0 1993537.2168137757
2265.0 1959610.7544259129
2275.0 1926318.5244862714
2285.0 1895943.8035971832
2295.0 1872172.02340962
2305.0 1840050.775963777
2315.0 1807518.3119337205
2325.0 1774478.1436352008
2335.0 1743255.7237304694
2345.0 1713154.749343499
2355.0 1683393.1728726723
2365.0 1655037.133493026
2375.0 1626353.7322898074
2385.0 1599673.6939327582
2395.0 1573486.0411808994
2405.0 1547262.9764542028
2415.0 1521008.0807388877
2425.0 1500842.552618108
2435.0 1473877.7263847636
2445.0 1449007.976033545
2455.0 1431457.363627765
2465.0 1404769.1685798825
2475.0 1381009.6234285694
2485.0 1371082.234381373
2495.0 1329580.5935333727
2505.0 1330834.7344849368
2515.0 1309087.1067579843
2525.0 1265447.2192495442
2535.0 1267519.018721243
2545.0 1251097.9090522183
2555.0 1229291.7918836793
2565.0 1186006.0241236188
2575.0 1193721.9552365534
2585.0 1177146.2663290508
2595.0 1159543.8290949266
2605.0 1137228.4161084937
2615.0 1094263.8429179606
2625.0 1068278.4164156679
2635.0 1090237.1233858962
2645.0 1076181.255114896
2655.0 1059328.4376627347
2665.0 1042782.3913633829
2675.0 999891.6262777086
2685.0 1012334.9565596696
2695.0 1000213.1192627542
2705.0 985866.1963895747
2715.0 971703.3958911847
2725.0 957882.6790486028
2735.0 944237.9278899769
2745.0 930686.6802604174
2755.0 892265.085448603
2765.0 898135.6149963869
2775.0 892063.4560300735
2785.0 879639.1248694441
2795.0 867369.3729472926
2805.0 855175.7169823071
2815.0 843435.8515488124
2825.0 831840.4192261734
2835.0 820387.3311057624
2845.0 809148.5053274888
2855.0 797752.5637788316
2865.0 784084.983833056
2875.0 751800.4533627847
2885.0 765615.5997823583
2895.0 755685.2763158986
2905.0 745660.305394219
2915.0 735684.2248816205
2925.0 725896.9419202646
2935.0 716225.8918032856
2945.0 706738.2180223003
2955.0 697431.1353658045
2965.0 688233.2230530859
2975.0 679210.8288010458
2985.0 670347.4900202581
2995.0 661613.9122540101
3005.0 653014.8204146747
3015.0 644376.4371987635
3025.0 636224.4215417572
3035.0 611638.6632921183
3045.0 612788.259340439
3055.0 612001.7355060468
3065.0 604281.0297448195
3075.0 596349.6426276743
3085.0 588923.9206062839
3095.0 581612.9393516788
3105.0 574296.6363536641
3115.0 567012.8109112241
3125.0 559853.275532155
3135.0 553017.3717826791
3145.0 546141.7787692698
3155.0 539378.2905189008
3165.0 532707.2116073646
3175.0 526156.8417729797
3185.0 519701.8156966907
3195.0 513334.7724623797
3210.0 503980.5898899127
3230.0 491827.71737909445
3250.0 480042.74146641704
3270.0 468603.77834720537
3290.0 448117.0556568983
3310.0 446718.5810663177
3330.0 437264.7774466591
3350.0 427192.0103061322
3370.0 417268.8985480314
3390.0 407272.97340346605
3410.0 397559.4985469691
3430.0 388197.084679789
3450.0 379366.96949337184
3470.0 370684.22183707374
3490.0 362288.2017579397
3510.0 354248.763355211
3530.0 346454.2992250446
3550.0 338703.155080951
3570.0 331037.5567187693
3590.0 324893.72829214466
3610.0 316592.50487598975
3630.0 311152.34024151013
3650.0 302927.18791456113
3670.0 298223.36357148015
3690.0 289697.5327418868
3710.0 285201.6045432196
3730.0 277251.39238046185
3750.0 268217.63347076654
3770.0 268150.962470387
3790.0 262706.9433021294
3810.0 255569.51553937406
3830.0 250806.43084795124
3850.0 246917.0321902233
3870.0 241921.43207412717
3890.0 236844.86188073302
3910.0 229247.27738876324
3930.0 227661.37298473206
3950.0 223121.35389323646
3970.0 218737.15743821175
3990.0 214440.7448814862
4010.0 208936.22196689385
4030.0 203600.29138615954
4050.0 198282.55171806144
4070.0 198260.64304542643
4090.0 194462.55953629751
4110.0 190750.1585828597
4130.0 186945.65914008737
4150.0 183550.16303310136
4170.0 176911.22595968173
4190.0 176674.40837795296
4210.0 173457.20310916967
4230.0 170235.8200231302
4250.0 166987.5546724841
4270.0 164016.18162087814
4290.0 160679.0879176189
4310.0 158077.75010870158
4330.0 155210.4992050215
4350.0 152401.87451670694
4370.0 146991.26545251874
4390.0 146554.11158617304
4410.0 144364.59962648593
4430.0 141802.24234464622
4450.0 139295.10436767142
4470.0 137034.14675931196
4490.0 134632.36189427605
4510.0 132282.45159350414
4530.0 129983.30923278256
4550.0 127736.76260716088
4570.0 125538.82040908188
4590.0 123385.6529727274
4610.0 121228.35745503647
4630.0 119215.54478412116
4650.0 114662.24620206133
4670.0 112563.27848421759
4690.0 113044.54811135157
4710.0 111391.94783898097
4730.0 109538.07873349875
4750.0 107714.05117984627
4770.0 105943.06698457112
4790.0 104200.4571314941
4810.0 102493.4706309138
4830.0 100821.39252898433
4850.0 99181.01485888398
4870.0 97576.77033445745
4890.0 96002.92067396751
4910.0 94461.36205935333
4930.0 92951.48522559837
4950.0 91470.23141364008
4970.0 90019.44706949795
4990.0 88596.1666889589
5010.0 87202.25536901226
5030.0 85832.41623420827
5050.0 84493.2455108993
5070.0 83177.15225433865
5090.0 81888.3640177022
5110.0 80555.16782174914
5130.0 77481.3512095077
5150.0 78135.39098775589
5170.0 76973.46664833558
5190.0 75802.63336229611
5210.0 74654.0817682895
5230.0 73525.23803247044
5250.0 72420.09346239617
5270.0 71333.8920607438
5290.0 70270.59405012077
5310.0 69225.50560310381
5330.0 68198.32208718472
5350.0 67190.8215614933
5370.0 66202.64344061163
5390.0 65231.381749423446
5410.0 64278.795896088704
5430.0 63344.55016314931
5450.0 62426.294528398685
5470.0 61523.75544427839
5490.0 60638.661233998544
5510.0 59768.724045252224
5530.0 58913.68276446091
5550.0 58075.22219590499
5570.0 57249.208041258054
5590.0 56439.258588679455
5610.0 55645.10029061075
5630.0 54862.673452605115
5650.0 54095.546626902185
5670.0 53339.722288954756
5690.0 52598.72547207273
5710.0 51870.46415913304
5730.0 51154.717646991936
5750.0 50449.480956385865
5770.0 49758.17032330034
5790.0 49076.98094987706
5810.0 48409.301095646704
5830.0 47753.147540810576
5850.0 47145.10727130993
5870.0 46509.43869840692
5890.0 45825.99255762652
5910.0 44129.32315189236
5930.0 44645.47320122232
5950.0 44071.474060272434
5970.0 43487.32568320546
5990.0 42911.660388945085
6010.0 42346.00134003262
6030.0 41790.177569244035
6050.0 41242.41101744947
6070.0 40704.20308772537
6090.0 40175.38902983768
6110.0 39654.22808659631
6130.0 39142.19057612789
6150.0 38637.55439221224
6170.0 38141.76809351109
6190.0 37653.14687574406
6210.0 37173.12064660299
6230.0 36700.023252777384
6250.0 36233.74589694286
6270.0 35775.70605281134
6290.0 35325.78248907851
6310.0 34880.83873430727
6330.0 34445.291959867405
6350.0 34014.529159205245
6370.0 33591.44744964426
6390.0 33174.45839024852
6420.0 32561.102594328193
6460.0 31765.44289318306
6500.0 30993.939306545097
6540.0 30244.481166321348
6580.0 29519.213334049575
6620.0 28813.314534012283
6660.0 28130.309799519364
6700.0 27466.84817297994
6740.0 26823.712995129532
6780.0 26197.7056246314
6820.0 25590.949163558424
6860.0 25000.338225423326
6900.0 24427.960164606695
6940.0 23870.816837698138
6980.0 23329.7242246305
7020.0 22804.24713610626
7060.0 22293.95504557038
7100.0 21796.067404261223
7140.0 21312.60784241224
7180.0 20843.190906645636
7220.0 20386.290325925114
7260.0 19941.57815403005
7300.0 19509.861045408335
7340.0 19088.57449169961
7380.0 18679.651976782832
7420.0 18250.098380668776
7460.0 17690.754239312777
7500.0 17240.337979125256
7540.0 17147.547849657196
7580.0 16789.643508636822
7620.0 16440.357469954775
7660.0 16100.497942306443
7700.0 15769.827125825681
7740.0 15446.116229610208
7780.0 15132.173778876497
7820.0 14825.791187939652
7860.0 14526.78660984321
7900.0 14234.98286037318
7940.0 13951.161726017604
7980.0 13674.18394336548
8020.0 13403.887870677734
8060.0 13140.118083205249
8100.0 12882.71760195142
8140.0 12631.541104775832
8180.0 12386.440938166821
8220.0 12148.164695167627
8260.0 11914.789771631715
8300.0 11687.080080200978
8340.0 11464.041679604838
8380.0 11247.279330377889
8420.0 11035.802976868277
8460.0 10828.64976275525
8500.0 10626.55717847335
8540.0 10428.58956703291
8580.0 10235.472762012294
8620.0 10047.095634715884
8660.0 9863.354050561775
8700.0 9683.351208747583
8740.0 9507.007842651261
8780.0 9335.023363643819
8820.0 9167.303739752042
8860.0 9002.98869498959
8900.0 8842.007511095613
8940.0 8685.040171347486
8980.0 8531.256707584942
9020.0 8380.590287165864
9060.0 8233.707682263945
9100.0 8090.525740638411
9140.0 7949.529070985408
9180.0 7812.100176448299
9220.0 7677.457270539043
9260.0 7545.54440034796
9300.0 7416.304058717878
9340.0 7290.371155748925
9380.0 7166.993435655392
9420.0 7045.445064858922
9460.0 6927.030834128318
9500.0 6811.021024266496
9540.0 6698.028008784961
9580.0 6586.679387149042
9620.0 6477.725472335085
9660.0 6371.0524157143645
9700.0 6266.489250062855
9740.0 6164.183628892214
9780.0 6063.90358076439
9820.0 5965.669699458643
9860.0 5869.383678821156
9900.0 5775.006662664651
9940.0 5682.56118757775
9980.0 5591.951278777877
10020.0 5503.141965696479
20000.0 343.1425597668273
40000.0 21.06642379460166
60000.0 4.11398686163876
80000.0 1.2911690948704093
100000.0 0.525524383410236
120000.0 0.2521213973084728
140000.0 0.13547565196437394
160000.0 0.07910073501405136
