# wavelength (nm)
# intensity (erg s-1 cm-2 nm-1 sr-1)
col1 col2
9.09000015258789 0.0
9.350000762939453 0.0
9.60999984741211 0.0
9.770000457763672 0.0
9.95999984741211 0.0
10.200000000000001 0.0
10.380000305175782 0.0
10.560000610351564 0.0
10.770000457763672 0.0
11.040000152587892 0.0
11.4 0.0
11.779999542236329 0.0
12.130000305175782 0.0
12.479999542236328 0.0
12.70999984741211 0.0
12.840000915527344 0.0
13.05 0.0
13.239999389648439 0.0
13.390000915527345 0.0
13.660000610351563 0.0
13.980000305175782 0.0
14.330000305175782 0.0
14.719999694824219 0.0
15.100000000000001 0.0
15.520001220703126 0.0
15.880000305175782 0.0
16.200001525878907 0.0
16.6 0.0
17.030000305175783 0.0
17.340000915527344 0.0
17.68000030517578 0.0
18.020001220703126 0.0
18.16999969482422 0.0
18.610000610351562 0.0
19.1 0.0
19.389999389648438 0.0
19.840000915527344 0.0
20.18000030517578 0.0
20.5 0.0
21.05 0.0
21.620001220703127 0.0
21.980000305175782 0.0
22.3 0.0
22.68000030517578 0.0
23.0 0.013577372568862153
23.400000000000002 0.031007472828730304
24.0 0.06845055503628107
24.650000000000002 0.16021236784030604
25.23999938964844 0.33424083284734
25.68000183105469 0.5307562134507273
26.0 0.9022158143025246
26.400000000000002 1.4395170090935474
26.85 2.3984319312436404
27.35 4.040024260936508
27.85 6.576537193715896
28.400000000000002 12.94457299718835
29.0 22.35932092733208
29.6 37.67184158313344
30.1 56.22206770427706
30.8 104.81868151053992
31.8 254.3096172665409
32.800000000000004 505.88881025303607
33.800000000000004 1043.1492318503535
34.800000000000004 1995.6961318573524
35.7 11015.140033597427
36.6 26008.60810362285
37.5 37456.32008196211
38.5 63038.854549603544
39.5 150098.9770940468
40.5 216713.3282610793
41.400003051757814 330678.4882463781
42.2 435032.8780493938
43.0 603411.4966604208
44.1 881954.0335167156
45.1 1126913.8826622262
46.0 1418545.8193975957
47.0 1968235.161848384
48.0 2617459.6078214855
49.0 3418459.1811189903
50.0 4343394.896982621
50.6 20498946.58571124
51.2 166346072.71660507
52.0 170968225.10908902
53.0 172697157.0868849
54.0 153325988.79412055
55.0 261201069.16545728
56.0 326483269.1876818
57.0 362279304.00190246
58.0 321982902.1576518
59.0 410873407.95919216
60.0 393894122.0103764
61.0 502484852.1326224
62.0 575938601.6937937
63.0 618045550.1706576
64.0 599160606.5952368
65.0 693020973.7765328
65.80000610351563 703428484.7447798
66.5 745222318.1528026
67.5 734240881.7273707
68.5 650474350.2200809
69.5 923884207.8025129
70.5 759215067.9606967
71.60000000000001 1021592610.4654893
72.60000000000001 1022878989.842326
73.5 1050967978.3683103
74.5 1176214209.6231458
75.5 1218682146.9757333
76.5 1244403521.1034915
77.5 1362337283.0050042
78.5 1454144067.589388
79.5 1475755831.9033952
80.5 1486321479.2230985
81.5 1488706104.101642
82.5 1623383577.1714034
83.5 1118033172.1194003
84.5 1604631712.5931983
85.5 1606685498.908438
86.5 1700851138.0029798
87.5 1791726726.1139257
88.5 1923556318.8291872
89.5 1990395894.53295
90.5 1950678358.3153176
91.5 4120986260.012581
92.5 22157930704.497166
93.5 32953606980.74697
94.5 37002027957.75269
95.5 37625565754.02352
96.5 35523430560.76294
97.5 8008344268.074253
98.5 19976386107.310543
99.5 23868333481.84642
100.5 34285328353.09593
101.5 36281526756.74131
102.5 32125490351.104603
103.5 31888877218.224182
104.5 42199501787.25829
105.5 39040035881.117294
106.5 31927655409.23529
107.5 34655955550.31372
108.5 32733535776.031746
109.5 37007983051.892166
110.5 35032042398.69934
111.5 34481719339.46235
112.5 27764845776.65725
113.5 34442194724.500534
114.5 32656872495.15579
115.5 32324400925.74131
116.5 31079160427.89069
117.5 16299159479.345419
118.5 28854892023.13257
119.5 28284976150.062866
120.5 24159311702.385437
121.5 24367634063.736824
122.5 27815156054.732094
123.5 29787713353.947487
124.5 29281331523.005085
125.5 28498303463.27586
126.5 29231660105.604206
127.5 30161740202.60889
128.5 29956649628.79953
129.5 26530800008.320595
130.5 27338637700.804382
131.5 29648728562.42747
132.5 28151343446.43393
133.5 27270951064.2963
134.5 27644169558.63554
135.5 27218051118.846626
136.5 25878482516.535557
137.5 24970966261.44685
138.5 23790545675.804554
139.5 14259528328.35003
140.5 15285276181.534555
141.5 22311522914.947693
142.5 21213464834.101917
143.5 22396815704.16205
144.20000000000002 22600890945.828857
144.70000000000002 22292627632.66717
145.5 21454245229.082676
146.5 20138472557.130238
147.5 20668031014.716705
148.5 20577672973.015903
149.5 20072060382.47685
150.5 18787852643.00752
151.20000000000002 17030187213.757696
151.70000000000002 17575200558.51565
152.5 17568924404.29258
153.5 14614126967.587065
154.5 12706449066.331524
155.5 12743903903.089417
156.5 14940513063.132692
157.5 16210339918.451311
158.5 16371598456.989435
159.5 16196653306.359552
160.5 15854170203.475239
161.5 15360744858.14006
162.5 15406143079.910482
163.5 16177792248.757992
164.5 16306081013.228926
165.5 16104152147.857052
166.5 16090589396.508205
167.20000000000002 15071000355.790312
167.70000000000002 17298735231.603348
168.5 16431214588.248842
169.5 15598676456.033848
170.5 15445525906.916595
171.5 14519409353.68509
172.5 14311456944.815819
173.5 14822587857.40092
174.5 14565563777.885921
175.5 14622360447.497467
176.5 14577429963.006199
177.5 13683623136.461891
178.5 13989145215.813345
179.5 14053852675.505075
180.5 14189152609.923468
181.5 12930787762.564045
182.5 13323593366.622837
183.5 13107369993.670967
184.5 11946697862.66333
185.5 12307174183.075516
186.5 12473425450.37562
187.5 12645501432.085814
188.5 11423626611.486866
189.5 10665894663.877459
190.5 11553953374.102686
191.5 10970736324.016205
192.5 10337821780.582966
193.5 11082530422.97384
194.5 11380155565.091354
195.5 10128874411.403858
196.70000000000002 10994827238.512558
197.60001220703126 11493933880.555506
198.4 10731053563.382172
199.5 10531240109.119503
200.5 10891797916.86255
201.5 10856466639.946949
202.5 11087416403.33239
203.5 10153156821.127739
204.5 10268012399.1059
205.5 9489233903.681185
206.5 10066143019.485556
207.4 10736557217.708662
207.8 9678154131.55408
208.5 10054634563.747768
209.5 9456423844.782486
210.5 9811978330.410542
211.5 9870339556.774658
212.5 9923984296.428421
213.5 9768756635.24747
214.5 9278467737.277212
215.5 9639530766.471611
216.5 9554526442.408512
217.5 9423142789.111399
218.5 9203336418.22148
219.5 9299991800.85138
220.5 9254676696.158436
221.5 9103353092.999134
222.5 8891996143.446405
223.5 8713938176.777555
224.5 8766033027.398302
225.5 8587526065.536396
226.5 8593793256.153072
227.5 8497904669.306596
228.5 8420930921.700049
229.5 7741179905.106656
230.5 8154905751.617918
231.5 7945427085.041583
232.5 7219145987.652079
233.5 7673536456.883929
234.5 7776035296.010016
235.5 7664621742.887511
236.5 7599298238.974456
237.5 7421594742.194859
238.5 7349370076.23101
239.5 7263039138.421461
240.5 7188666466.416063
241.5 7106125504.364953
242.5 7066398800.822599
243.5 6908265301.423072
244.5 6888781680.613717
245.5 6857446542.40364
246.5 6745773044.695681
247.5 6627554077.1361475
248.5 6392169365.768485
249.5 4636869106.296961
250.5 6058317400.969185
251.3 6044776243.763018
251.8 6224207679.393566
252.5 6249180286.809856
253.5 6220968150.555105
254.5 6041465413.510052
255.5 6034955798.084057
256.5 5994825732.253931
257.5 5944828365.529597
258.5 5865542822.346467
259.5 5798875999.784134
260.5 5751967002.89951
261.5 5647821712.253334
262.5 5609397583.694826
263.5 5566211335.52068
264.5 5488721365.673117
265.5 5447111897.3511715
266.5 5279508347.795396
267.5 5248571275.196584
268.5 5256955506.669084
269.5 5087251621.160312
270.5 5006686319.445977
271.5 4997610667.971105
272.5 4989177544.100087
273.5 4925267030.504197
274.5 4872338971.925374
275.5 4839323157.516247
276.5 4767600453.510515
277.5 4770675377.940633
278.5 4692722967.490421
279.5 4544997029.988723
280.5 4571326808.9005375
281.5 4564783376.232235
282.5 4511111745.759287
283.5 4382436323.903406
284.5 4406499940.14392
285.5 4327724507.651992
286.5 4307208442.360601
287.5 4264313103.9576373
288.5 4221114632.6838627
289.5 4162243295.6285434
291.0 4072783244.313852
293.0 4027080259.9260015
295.0 3911479072.870444
297.0 3846741462.8662934
299.0 3760778440.35559
301.0 3624074886.663082
303.0 3595067841.495762
305.0 3544593773.88588
307.0 3488318215.755203
309.0 3360165535.1268096
311.0 3344983630.513715
313.0 3255063583.2163014
315.0 3207274319.4400296
317.0 3130654226.849429
319.0 3070663661.3047056
321.0 3018553531.809421
323.0 2948356881.7924275
325.0 2908491649.7876062
327.0 2835173016.4069223
329.0 2783026217.6127486
331.0 2731163198.448306
333.0 2672068382.388095
335.0 2622787696.738702
337.0 2573851295.062206
339.0 2536788412.3657646
341.0 2489380713.016259
343.0 2426085225.0500574
345.0 2385897914.37
347.0 2347369482.0279865
349.0 2302476277.9905877
351.0 2261760929.4065375
353.0 2230526428.050076
355.0 2187765951.17969
357.0 2151137395.956749
359.0 2096065813.1395736
361.0 2058642552.7223904
363.0 2028284855.0460155
364.0 2018060639.6426284
365.0 1994146348.935922
367.0 1951192543.3730636
369.0 1854710525.039576
371.0 1868397137.131334
373.0 1841605325.053526
375.0 1912106330.251293
377.0 1877444879.1953857
379.0 1878762121.898787
381.0 1910472509.2674887
383.0 1774201857.020191
385.0 1871506489.958741
387.0 1813660059.8073516
389.0 1696396327.4838603
391.0 1789370316.2236934
393.0 1731102189.1350877
395.0 1713193718.4313152
397.0 1570397357.0101771
399.0 1665985051.8874426
401.0 1637923565.3356247
403.0 1592578106.6119359
405.0 1584052494.6203892
407.0 1527186764.4959366
409.0 1482752741.5679512
411.0 1400526218.7548091
413.0 1460497634.77678
415.0 1445897549.706047
417.0 1433440479.577849
419.0 1412377532.4372041
421.0 1395675074.2302046
423.0 1370143260.0058665
425.0 1338589328.3124218
427.0 1305230350.381197
429.0 1290026240.4704418
431.0 1258489217.3981514
433.0 1222777802.0840738
435.0 1152084384.9263065
437.0 1203509307.8281968
439.0 1193626015.0453084
441.0 1177151517.646398
443.0 1165324446.444935
445.0 1144154649.041696
447.0 1115904315.6006029
449.0 1113212279.7663784
451.0 1096669333.0095434
453.0 1082712081.1201565
455.0 1064294416.4576535
457.0 1049601945.1255548
459.0 1030884203.3671485
461.0 1012225336.2052909
463.0 997849341.2944314
465.0 960334407.6300275
467.0 966697549.5787959
469.0 956562359.0843769
471.0 930050048.5514292
473.0 931393774.6373608
475.0 915966796.8766953
477.0 911042415.6134776
479.0 896682107.0138093
481.0 881828901.9215833
483.0 867396171.4566106
485.0 848608197.8049166
487.0 790104674.1892804
489.0 832675642.0858277
491.0 820310041.4865234
493.0 800149006.309787
495.0 793867606.3397906
497.0 788729066.1851485
499.0 776688345.3880788
501.0 750816117.8390603
503.0 754075865.7214912
505.0 740802954.6226087
507.0 734526749.4699547
509.0 723743734.6951743
511.0 713221581.2383194
513.0 700745106.9394596
515.0 692080253.4713007
517.0 684111454.5974576
519.0 675510161.2473719
521.0 666689157.6814467
523.0 657413149.231815
525.0 648171925.6865454
527.0 638598386.6200999
529.0 631464731.0284395
531.0 622463946.0387976
533.0 615036477.6897942
535.0 606675979.4024088
537.0 598838629.7791642
539.0 590233975.0766804
541.0 582579666.3703868
543.0 575733813.8454185
545.0 568043905.3614541
547.0 560511063.7077284
549.0 553132284.0389156
551.0 546655518.193175
553.0 538963674.3851027
555.0 532867199.7265836
557.0 525626744.8019109
559.0 518955682.6016436
561.0 512728217.0587622
563.0 506367927.16657394
565.0 499277052.42361665
567.0 490986582.3111917
569.0 482411161.188655
571.0 479920399.0616623
573.0 474475924.90921116
575.0 466919299.14078975
577.0 463435817.6055579
579.0 457378151.2883623
581.0 451659115.7604845
583.0 445178581.1256915
585.0 440580505.69299847
587.0 427473370.3828404
589.0 427738102.34898174
591.0 423869516.7810493
593.0 417980121.80208594
595.0 412956249.6008426
597.0 409908063.20116484
599.0 403482252.40200454
601.0 399622706.8348397
603.0 394156460.28617364
605.0 389785607.18263406
607.0 385772916.3630285
609.0 381384136.0466991
611.0 376755324.6113962
613.0 372497866.22171074
615.0 367067041.1971792
617.0 363021729.9804375
619.0 359318258.1166664
621.0 355437169.3364046
623.0 351320429.3812033
625.0 346911328.16173995
627.0 343085014.1466927
629.0 339345738.7869236
631.0 335180106.4332045
633.0 331688756.27758616
635.0 327520908.4870592
637.0 324211478.79759264
639.0 320364309.11880267
641.0 316763129.32005554
643.0 313359938.2705147
645.0 309733421.0048273
647.0 305515407.5762378
649.0 301898643.32546306
651.0 299268385.07394916
653.0 295764735.42432874
655.0 290928538.73197937
656.124755859375 268171393.58831903
659.0 284577237.910977
661.0 282761674.71455735
663.0 280062534.20367324
665.0 276672126.47916156
667.0 272333486.3361038
669.0 269434905.5829324
671.0 268057515.04343793
673.0 264401535.0146854
675.0 262284341.37011796
677.0 259664243.57017106
679.0 255678876.47119552
681.0 253894864.1506944
683.0 251150472.70639044
685.0 248638218.29588258
687.0 245960391.81497738
689.0 242943119.6714458
691.0 240182634.4792964
693.0 238336360.7450577
695.0 235837016.98353347
697.0 233374749.95755193
699.0 230887680.22523895
701.0 228510541.9952184
703.0 225986828.42880794
705.0 223705183.16464254
707.0 218722742.1781849
709.0 219160405.53929216
711.0 216019578.23033947
713.0 213972005.32407814
715.0 212483422.77514192
717.0 210238332.2183059
719.0 208177262.97287038
721.0 206055103.6940785
723.0 201773797.52772015
725.0 201437764.14707366
727.0 199831839.84169465
729.0 196469137.8096764
731.0 195788247.49833837
733.0 193783888.3422254
735.0 191909425.08446628
737.0 190030327.23476434
739.0 188135797.7217802
741.0 186269839.70417994
743.0 184410362.47586235
745.0 182589757.25084555
747.0 180216476.93664554
749.0 178870560.8786969
751.0 177196212.68018383
753.0 175399671.6825625
755.0 173829996.5070221
757.0 172117476.58695787
759.0 170358139.6488337
761.0 168532072.22616997
763.0 167114154.47196656
765.0 165503824.75776276
767.0 163958965.02094924
769.0 162316384.14907733
771.0 160739056.80387306
773.0 159175862.41761535
775.0 157746409.11313662
777.0 156121016.9751186
779.0 154796720.52463958
781.0 153248015.60440096
783.0 151879372.2205788
785.0 150522646.35889533
787.0 148809871.79092216
789.0 147228088.1073113
791.0 146091619.95447162
793.0 144611924.61755764
795.0 143439372.85602012
797.0 142040757.4133149
799.0 140832784.12764287
801.0 139364076.84799996
803.0 138168594.04226178
805.0 136974002.5042049
807.0 135789558.68531957
809.0 134358602.95817804
811.0 132557223.65028675
813.0 132123558.26134995
815.0 130717634.42365794
817.0 129728110.84667611
819.0 128129889.64054275
821.0 126563461.22584142
823.0 125294028.66734502
825.0 124731320.4505493
827.0 122796187.32848357
829.0 122422529.71929014
831.0 121373775.03868723
833.0 120074446.81568044
835.0 118545387.9816171
837.0 117132244.87570643
839.0 116233757.92617317
841.0 115020347.9076451
843.0 114306480.69209845
845.0 113127842.84553711
847.0 111031326.6111762
849.0 112696558.41454896
851.0 108764692.84124321
853.0 111386636.83852999
855.0 105854735.6927396
857.0 110512557.8910693
859.0 105797516.30759922
861.0 104602918.40334462
863.0 108047349.68173942
865.0 105817385.2106948
867.0 99211773.88922471
869.0 105163073.77485313
871.0 104656954.68962318
873.0 102628130.23565811
875.0 95471562.69839022
877.0 100516952.64793956
879.0 101138720.0810178
881.0 100255168.23134428
883.0 99324748.43402906
885.0 96365383.22499202
887.0 90802459.59769417
889.0 96759520.89226252
891.0 96114153.9642226
893.0 95225470.9591838
895.0 94568313.83295964
897.0 93826639.06575596
899.0 91925877.04520035
901.0 85978829.77965134
903.0 89289685.49740799
905.0 90696373.27882683
907.0 89429506.29801308
909.0 89014640.29095429
911.0 88501403.79666927
913.0 87811982.78038153
915.0 87099095.9592843
917.0 86220452.44805574
919.0 85639702.42691115
921.0 83663602.82249355
923.0 77417668.94001569
925.0 82717337.5590441
927.0 82758501.39352539
929.0 82208035.37495232
931.0 81301807.12898706
933.0 80657433.32779203
935.0 80168713.06094089
937.0 79587829.3496441
939.0 78977145.46680278
941.0 78309999.77635017
943.0 77694986.87905674
945.0 77057622.2615555
947.0 76190934.46965198
949.0 75823528.4666232
951.0 74729274.57088919
953.0 73353049.04557812
955.0 68161491.19629318
957.0 73081568.90984969
959.0 72953092.67358819
961.0 72156324.83128382
963.0 71468998.29404716
965.0 71263204.58643162
967.0 70705837.60952607
969.0 70101367.13566306
971.0 69132431.84211959
973.0 69013186.59255743
975.0 68522199.95931666
977.0 68009536.42282677
979.0 67469205.39102978
981.0 66889098.355855264
983.0 66449652.45938537
985.0 65908162.77960268
987.0 65370518.28324509
989.0 64806027.53108675
991.0 64141759.36200524
993.0 63938378.44332697
995.0 63451453.4442339
997.0 62931736.16066618
999.0 62499770.546521604
1002.5 60644227.62839726
1007.5 58868319.477598384
1012.5 59206581.02744818
1017.5 58313397.12061873
1022.5 57211720.23833891
1027.5 56182057.78470931
1032.5 55006501.17784623
1037.5 54160096.09189036
1042.5 53177842.712708965
1047.5 52221665.27940375
1052.5 51270940.49444887
1057.5 50367443.34730708
1062.5 49469615.29923821
1067.5 48533220.82535932
1072.5 47740842.47638543
1077.5 46900112.85570022
1082.5 45628191.11389385
1087.5 45276006.68962238
1092.5 42611488.74505852
1097.5 43498443.32741535
1102.5 42817212.42449911
1107.5 42241806.82634353
1112.5 41517059.77888711
1117.5 40820365.381700054
1122.5 40112523.77229885
1127.5 39446727.715763666
1132.5 38744354.6702071
1137.5 38131095.66038655
1142.5 37493988.873893104
1147.5 36888369.30134096
1152.5 36287311.10945783
1157.5 35672419.16992115
1162.5 35094689.909596436
1167.5 34495172.337562434
1172.5 33978297.561278336
1177.5 33423531.176142916
1182.5 32885059.074081246
1187.5 32363374.635416906
1192.5 31848432.00014194
1197.5 31173274.44985409
1202.5 30843670.928908497
1207.5 30360533.817461018
1212.5 29879004.170938764
1217.5 29414048.9201901
1222.5 28955685.867184304
1227.5 28508177.181297373
1232.5 28063017.62237048
1237.5 27629979.303909466
1242.5 27211140.789471112
1247.5 26758048.94818052
1252.5 26330423.489334058
1257.5 25973197.036465436
1262.5 25583927.918904126
1267.5 25208190.154604487
1272.5 24830151.009827737
1277.5 24227259.35300019
1282.5 23118640.132102698
1287.5 23721075.014243573
1292.5 23385003.436410725
1297.5 22936229.468726218
1302.5 22686251.1658095
1307.5 22371382.209495354
1312.5 22045676.393106084
1317.5 21724261.39398257
1322.5 21410837.5645517
1327.5 21102189.97496302
1332.5 20791148.695030235
1337.5 20490528.880771108
1342.5 20186816.685967706
1347.5 19917747.747627117
1352.5 19626530.80740586
1357.5 19358908.587497976
1362.5 19073355.97170136
1367.5 18819031.147288803
1372.5 18541800.743466463
1377.5 18300636.441298176
1382.5 18047099.433853924
1387.5 17795486.609671656
1392.5 17535577.038306005
1397.5 17305327.58213496
1402.5 17062363.237560302
1407.5 16841780.85263266
1412.5 16608558.382124657
1417.5 16385964.278716333
1422.5 16166376.612183014
1427.5 15946516.790697007
1432.5 15733125.026098255
1437.5 15521733.83913417
1442.5 15318074.399305487
1447.5 15114851.044020878
1452.5 14912068.547928631
1457.0 14736776.885156648
1462.0 14544984.037884898
1467.5 14336767.992035495
1472.5 14149697.271925282
1477.5 13963454.157519147
1482.5 13783761.860570673
1487.5 13602100.816976152
1492.5 13421754.393211571
1497.5 13236021.370398045
1502.5 13053523.171802862
1507.5 12861276.732943298
1512.5 12705879.438057803
1517.5 12544699.248315062
1522.5 12415619.814819243
1527.5 12201359.860005926
1532.5 12056260.68571319
1537.5 11963517.121499967
1542.5 11715226.65675474
1547.5 11678702.984639296
1552.5 11546880.515699288
1557.5 11230635.664902113
1562.5 11327841.13794492
1567.5 11080722.849355565
1572.5 10821237.425913254
1577.5 10920926.511843009
1582.5 10779241.211079596
1587.5 10330781.574407691
1592.5 10483758.918383475
1597.5 10401790.143817572
1605.0 10187960.703125319
1615.0 9798968.515164986
1625.0 9733913.136401458
1635.0 9474128.501666134
1645.0 9114008.611932103
1655.0 9067027.664280806
1665.0 8857221.660549914
1675.0 8620775.506669587
1685.0 8293850.563416232
1695.0 8262641.074850627
1705.0 8044520.0211179
1715.0 7894103.480176465
1725.0 7717809.9370377185
1735.0 7373150.358475634
1745.0 7373950.112064671
1755.0 7216766.302942969
1765.0 7058810.592347271
1775.0 6904708.818698543
1785.0 6749655.298490126
1795.0 6610272.571865894
1805.0 6467482.337910065
1815.0 6188191.673349399
1825.0 6183028.686995498
1835.0 6065429.895319612
1845.0 5937680.997148041
1855.0 5807621.96497749
1865.0 5665523.259249396
1875.0 5439479.074562196
1885.0 5461565.801789774
1895.0 5346805.9364112895
1905.0 5226218.214904138
1915.0 5134665.12966524
1925.0 5031458.719493154
1935.0 4930587.112336227
1945.0 4705991.237631164
1955.0 4730448.179848737
1965.0 4642826.221704209
1975.0 4551658.689314952
1985.0 4462545.449353654
1995.0 4375738.762405114
2005.0 4290884.906608312
2015.0 4208234.15311126
2025.0 4127441.1356874486
2035.0 4048608.509275171
2045.0 3970256.5307910307
2055.0 3887980.58718496
2065.0 3823137.68027046
2075.0 3751145.1354249143
2085.0 3681457.9499300546
2095.0 3612653.6764819976
2105.0 3545800.244748889
2115.0 3467982.6289861803
2125.0 3417361.409899014
2135.0 3354906.6229056083
2145.0 3293074.1317396914
2155.0 3234178.845048535
2165.0 3087708.749864743
2175.0 3117430.7365434757
2185.0 3062085.2019143053
2195.0 3009358.9597610706
2205.0 2956228.066165024
2215.0 2904176.044139462
2225.0 2852453.8707334576
2235.0 2803579.3771467255
2245.0 2754865.630052516
2255.0 2707140.036211228
2265.0 2660498.486476075
2275.0 2614918.102323987
2285.0 2572099.0564345433
2295.0 2535275.7751387293
2305.0 2491657.7714349646
2315.0 2450039.947478507
2325.0 2406492.966668097
2335.0 2362830.7974676243
2345.0 2321895.9471607096
2355.0 2282435.070570505
2365.0 2243020.746801155
2375.0 2205356.928462137
2385.0 2168877.6207870804
2395.0 2133033.540278639
2405.0 2097502.199233373
2415.0 2062176.3670083752
2425.0 2033070.7078467659
2435.0 1996990.680135191
2445.0 1963537.7037030265
2455.0 1938421.4621336947
2465.0 1903187.7408320107
2475.0 1870612.702854677
2485.0 1852771.8316214334
2495.0 1803563.9084289235
2505.0 1796359.362042511
2515.0 1767978.6536466854
2525.0 1716667.2989375372
2535.0 1712013.8073452092
2545.0 1687662.9021084702
2555.0 1660241.8980194887
2565.0 1608863.4992905632
2575.0 1610769.479205928
2585.0 1586935.628590559
2595.0 1562975.8466264685
2605.0 1535713.4006495422
2615.0 1483744.636553585
2625.0 1449489.4197363982
2635.0 1470287.29034045
2645.0 1449677.9188721224
2655.0 1426869.7223931414
2665.0 1405628.7047444182
2675.0 1355337.8316360072
2685.0 1364306.7100384326
2695.0 1346358.2102749231
2705.0 1326834.573934001
2715.0 1307642.8751212647
2725.0 1288777.4439418667
2735.0 1270312.685331703
2745.0 1252082.3818470812
2755.0 1206986.9229122263
2765.0 1211212.5861231557
2775.0 1199462.0772028416
2785.0 1182515.159390577
2795.0 1165932.905341672
2805.0 1149404.3660860604
2815.0 1133534.8277666885
2825.0 1117785.5509011906
2835.0 1102229.9457070676
2845.0 1087013.241069891
2855.0 1071614.4034947136
2865.0 1054942.7242621586
2875.0 1015844.6214703642
2885.0 1028624.8628724827
2895.0 1014662.8960179068
2905.0 1000939.6615779687
2915.0 987451.1806790911
2925.0 974123.147857218
2935.0 961093.0331944452
2945.0 948216.9009391137
2955.0 935630.2317365305
2965.0 923191.4771591835
2975.0 910966.2886210978
2985.0 898951.1846078935
2995.0 887076.0374727705
3005.0 875537.9009296448
3015.0 863803.30750364
3025.0 852859.7141448017
3035.0 823490.0069854191
3045.0 823974.5840512143
3055.0 820130.992175545
3065.0 809554.4996401322
3075.0 798781.0528626433
3085.0 788759.9116067818
3095.0 779039.2250419259
3105.0 769116.2127556646
3115.0 759304.4099858886
3125.0 749602.2251831673
3135.0 740374.2226390203
3145.0 731066.3939437289
3155.0 721981.9789998026
3165.0 712997.6824622651
3175.0 704111.9625176052
3185.0 695441.847784915
3195.0 686807.5429144205
3210.0 674177.6034616843
3230.0 657808.5673006026
3250.0 641903.7164782323
3270.0 626505.8238855294
3290.0 601573.7544269066
3310.0 597226.3874204318
3330.0 583801.8669143092
3350.0 570226.9449869649
3370.0 556932.2352313017
3390.0 544014.9713703649
3410.0 531155.2519685398
3430.0 518608.5704454085
3450.0 506618.53333574114
3470.0 494695.44077401183
3490.0 483562.9006561717
3510.0 472811.88477847475
3530.0 462441.1000070083
3550.0 451816.7117809088
3570.0 441654.718400411
3590.0 433109.3910902889
3610.0 422278.2506459291
3630.0 414452.67669798015
3650.0 403919.40467680077
3670.0 396964.8807588018
3690.0 386305.9758044193
3710.0 379634.27519388666
3730.0 369661.35291219
3750.0 358224.67764528526
3770.0 356737.30009821197
3790.0 349321.4257889254
3810.0 340335.31389031827
3830.0 333851.31664079457
3850.0 328175.03072746226
3870.0 321480.97382101713
3890.0 314831.6295063969
3910.0 305477.37233005033
3930.0 302399.4152024925
3950.0 296351.25381744205
3970.0 290462.62039488135
3990.0 284714.51581347885
4010.0 277865.7055928367
4030.0 270843.142936666
4050.0 263843.0360482471
4070.0 263087.89557919576
4090.0 258008.5899102172
4110.0 253047.43191852455
4130.0 247983.69359241717
4150.0 243472.12344699923
4170.0 235425.3241281526
4190.0 234330.68627111835
4210.0 229954.69624284684
4230.0 225654.1058688651
4250.0 221334.46663763205
4270.0 217352.03694207498
4290.0 212945.40958725827
4310.0 209427.5879857302
4330.0 205600.99336062395
4350.0 201861.12574552285
4370.0 195295.5242857248
4390.0 194257.46103736776
4410.0 191136.80562273358
4430.0 187722.29796043603
4450.0 184382.46878159238
4470.0 181298.81689122706
4490.0 178099.093798224
4510.0 174972.45763924395
4530.0 171911.51019622906
4550.0 168920.67796603413
4570.0 165989.83968899687
4590.0 163126.33141327545
4610.0 160263.8427239082
4630.0 157576.07632050404
4650.0 152019.67884164766
4670.0 149425.4532692498
4690.0 149456.72472877134
4710.0 147171.21001005202
4730.0 144704.53220376637
4750.0 142284.69319987344
4770.0 139924.015072483
4790.0 137608.16144273675
4810.0 135338.86063384492
4830.0 133117.75393115808
4850.0 130941.37225427605
4870.0 128806.29625871836
4890.0 126719.24029364665
4910.0 124671.78655464899
4930.0 122663.20143690956
4950.0 120697.63788972465
4970.0 118771.78847443314
4990.0 116882.49496013306
5010.0 115031.48567003453
5030.0 113215.65210915529
5050.0 111436.64799682591
5070.0 109691.48917786342
5090.0 107981.82937159837
5110.0 106258.79060292967
5130.0 102620.42156598944
5150.0 103036.62417615468
5170.0 101462.58178897583
5190.0 99911.94015202347
5210.0 98388.67192188492
5230.0 96894.51163876029
5250.0 95428.93085850259
5270.0 93989.23762445716
5290.0 92579.26781943216
5310.0 91194.19084222511
5330.0 89833.60880547832
5350.0 88501.25190317046
5370.0 87190.38091818002
5390.0 85904.73226147566
5410.0 84643.8831777398
5430.0 83405.35308797659
5450.0 82188.72545385841
5470.0 80993.65212394725
5490.0 79821.74329864391
5510.0 78670.59921982209
5530.0 77539.87795303376
5550.0 76429.21269587099
5570.0 75338.2801648556
5590.0 74266.73220854964
5610.0 73214.22689250502
5630.0 72180.46580120343
5650.0 71163.22325223761
5670.0 70165.98697697763
5690.0 69184.67863000676
5710.0 68220.89597774591
5730.0 67274.33438768679
5750.0 66342.90495120133
5770.0 65428.149481800734
5790.0 64526.20722871702
5810.0 63645.77576091058
5830.0 62777.66015022387
5850.0 61960.18813978819
5870.0 61121.074787285994
5890.0 60252.15096790389
5910.0 58219.39419318237
5930.0 58683.29355035546
5950.0 57899.90929589529
5970.0 57127.37368892322
5990.0 56368.86361131111
6010.0 55622.48909810977
6030.0 54888.05120564032
6050.0 54165.369641193785
6070.0 53454.27032905117
6090.0 52756.164525934415
6110.0 52067.654646827905
6130.0 51391.77769132932
6150.0 50726.752491813815
6170.0 50070.81964012143
6190.0 49426.99126788998
6210.0 48793.51107545448
6230.0 48168.68493304961
6250.0 47555.44725993861
6270.0 46950.562112844964
6290.0 46356.94215156703
6310.0 45771.40427724299
6330.0 45195.325553149974
6350.0 44628.55055453887
6370.0 44069.47218950385
6390.0 43520.9160799838
6420.0 42712.169614963335
6460.0 41663.31678052287
6500.0 40645.483617510414
6540.0 39660.57563335009
6580.0 38703.46070282619
6620.0 37776.087852292585
6660.0 36874.90096348957
6700.0 36001.82108631618
6740.0 35153.413333817014
6780.0 34330.27764552365
6820.0 33530.43391013239
6860.0 32754.49450115474
6900.0 32000.538368691654
6940.0 31267.968681706545
6980.0 30556.19171765779
7020.0 29864.647947448597
7060.0 29192.774733487164
7100.0 28540.062282596406
7140.0 27904.800922536073
7180.0 27286.53992153374
7220.0 26685.981799455396
7260.0 26101.51324740525
7300.0 25532.71617280819
7340.0 24980.300866767655
7380.0 24441.634434033673
7420.0 23880.423641440822
7460.0 23301.805276947296
7500.0 22616.884155297812
7540.0 22428.17830465703
7580.0 21958.335505077852
7620.0 21500.19929760188
7660.0 21053.474375205802
7700.0 20618.89278845793
7740.0 20195.147415218235
7780.0 19781.97869615569
7820.0 19379.125517691784
7860.0 18986.33764598045
7900.0 18604.334697610077
7940.0 18230.94849733054
7980.0 17867.863849422225
8020.0 17512.959206059735
8060.0 17166.972834801363
8100.0 16829.690249493324
8140.0 16500.00171742696
8180.0 16178.629963685638
8220.0 15865.379153085481
8260.0 15559.1784091051
8300.0 15260.7442398379
8340.0 14969.025973979884
8380.0 14684.730794139514
8420.0 14406.842222457586
8460.0 14135.21571391743
8500.0 13870.541354405106
8540.0 13611.83685950622
8580.0 13358.974780926497
8620.0 13111.819899134212
8660.0 12870.250205701308
8700.0 12634.143692199732
8740.0 12404.164799431943
8780.0 12178.620174756354
8820.0 11958.189801450333
8860.0 11743.527240583902
8900.0 11532.987321187698
8940.0 11327.236815435417
8980.0 11126.174697240136
9020.0 10928.962450080387
9060.0 10736.982577099534
9100.0 10548.67305956899
9140.0 10364.67580170259
9180.0 10184.190366042401
9220.0 10007.849331317315
9260.0 9835.568768162811
9300.0 9666.568444338343
9340.0 9501.47005884036
9380.0 9340.193567923068
9420.0 9181.984384429526
9460.0 9026.780338460088
9500.0 8875.187586536294
9540.0 8726.475632337315
9580.0 8581.237421281014
9620.0 8438.756445273979
9660.0 8299.620209867862
9700.0 8162.488953725304
9740.0 8029.220779721954
9780.0 7897.8557817714955
9820.0 7769.6031644220275
9860.0 7643.785275767418
9900.0 7520.355488382933
9940.0 7399.265620596346
9980.0 7281.076755751957
10020.0 7165.132224284762
20000.0 443.603070599441
40000.0 27.06976999535027
60000.0 5.265856525116483
80000.0 1.6475474957392109
100000.0 0.6688371675546053
120000.0 0.32016184454537044
140000.0 0.17173219335357107
160000.0 0.10012368375338038
