log(gamma [K^0.5/cm^3]) log10(eff) log10(Prad [erg/s]) f_anion f_neutral f_1 f_2
300
 -1.206580e+00  -7.120565e-01  -1.777511e+01   9.944303e-01   5.569636e-03   1.847483e-08   3.524791e-14
 -1.178228e+00  -7.121783e-01  -1.777511e+01   9.940568e-01   5.943130e-03   2.104363e-08   4.281951e-14
 -1.149877e+00  -7.123083e-01  -1.777511e+01   9.936585e-01   6.341510e-03   2.396898e-08   5.201322e-14
 -1.121525e+00  -7.124470e-01  -1.777511e+01   9.932336e-01   6.766413e-03   2.730028e-08   6.317532e-14
 -1.093174e+00  -7.125949e-01  -1.777511e+01   9.927804e-01   7.219579e-03   3.109367e-08   7.672559e-14
 -1.064822e+00  -7.127527e-01  -1.777511e+01   9.922971e-01   7.702860e-03   3.541308e-08   9.317286e-14
 -1.036471e+00  -7.129211e-01  -1.777511e+01   9.917817e-01   8.218224e-03   4.033121e-08   1.131338e-13
 -1.008119e+00  -7.131007e-01  -1.777511e+01   9.912322e-01   8.767764e-03   4.593076e-08   1.373555e-13
 -9.797674e-01  -7.132923e-01  -1.777511e+01   9.906462e-01   9.353704e-03   5.230582e-08   1.667428e-13
 -9.514159e-01  -7.134966e-01  -1.777511e+01   9.900215e-01   9.978407e-03   5.956336e-08   2.023916e-13
 -9.230643e-01  -7.137146e-01  -1.777511e+01   9.893555e-01   1.064438e-02   6.782505e-08   2.456285e-13
 -8.947127e-01  -7.139470e-01  -1.777511e+01   9.886456e-01   1.135430e-02   7.722920e-08   2.980588e-13
 -8.663611e-01  -7.141949e-01  -1.777511e+01   9.878889e-01   1.211098e-02   8.793305e-08   3.616249e-13
 -8.380096e-01  -7.144593e-01  -1.777511e+01   9.870825e-01   1.291744e-02   1.001153e-07   4.386758e-13
 -8.096580e-01  -7.147412e-01  -1.777511e+01   9.862230e-01   1.377684e-02   1.139792e-07   5.320514e-13
 -7.813064e-01  -7.150418e-01  -1.777511e+01   9.853073e-01   1.469257e-02   1.297553e-07   6.451837e-13
 -7.529548e-01  -7.153623e-01  -1.777511e+01   9.843317e-01   1.566820e-02   1.477060e-07   7.822189e-13
 -7.246033e-01  -7.157039e-01  -1.777511e+01   9.832923e-01   1.670751e-02   1.681289e-07   9.481633e-13
 -6.962517e-01  -7.160681e-01  -1.777511e+01   9.821853e-01   1.781452e-02   1.913623e-07   1.149059e-12
 -6.679001e-01  -7.164563e-01  -1.777511e+01   9.810063e-01   1.899346e-02   2.177900e-07   1.392197e-12
 -6.395485e-01  -7.168701e-01  -1.777511e+01   9.797509e-01   2.024882e-02   2.478477e-07   1.686365e-12
 -6.111969e-01  -7.173110e-01  -1.777511e+01   9.784144e-01   2.158531e-02   2.820299e-07   2.042157e-12
 -5.828454e-01  -7.177808e-01  -1.777511e+01   9.769917e-01   2.300795e-02   3.208976e-07   2.472331e-12
 -5.544938e-01  -7.182814e-01  -1.777511e+01   9.754776e-01   2.452200e-02   3.650867e-07   2.992245e-12
 -5.261422e-01  -7.188147e-01  -1.777511e+01   9.738666e-01   2.613303e-02   4.153185e-07   3.620375e-12
 -4.977906e-01  -7.193827e-01  -1.777511e+01   9.721527e-01   2.784686e-02   4.724104e-07   4.378933e-12
 -4.694391e-01  -7.199877e-01  -1.777511e+01   9.703298e-01   2.966967e-02   5.372885e-07   5.294603e-12
 -4.410875e-01  -7.206319e-01  -1.777511e+01   9.683915e-01   3.160792e-02   6.110015e-07   6.399422e-12
 -4.127359e-01  -7.213178e-01  -1.777511e+01   9.663309e-01   3.366839e-02   6.947368e-07   7.731821e-12
 -3.843843e-01  -7.220480e-01  -1.777511e+01   9.641410e-01   3.585821e-02   7.898382e-07   9.337868e-12
 -3.560328e-01  -7.228251e-01  -1.777511e+01   9.618143e-01   3.818483e-02   8.978256e-07   1.127274e-11
 -3.276812e-01  -7.236520e-01  -1.777511e+01   9.593429e-01   4.065605e-02   1.020417e-06   1.360245e-11
 -2.993296e-01  -7.245318e-01  -1.777511e+01   9.567188e-01   4.327999e-02   1.159555e-06   1.640595e-11
 -2.709780e-01  -7.254676e-01  -1.777511e+01   9.539335e-01   4.606515e-02   1.317432e-06   1.977752e-11
 -2.426265e-01  -7.264627e-01  -1.777511e+01   9.509781e-01   4.902036e-02   1.496525e-06   2.382968e-11
 -2.142749e-01  -7.275207e-01  -1.777511e+01   9.478435e-01   5.215479e-02   1.699625e-06   2.869657e-11
 -1.859233e-01  -7.286452e-01  -1.777511e+01   9.445201e-01   5.547794e-02   1.929883e-06   3.453791e-11
 -1.575717e-01  -7.298401e-01  -1.777511e+01   9.409982e-01   5.899966e-02   2.190845e-06   4.154374e-11
 -1.292202e-01  -7.311094e-01  -1.777511e+01   9.372674e-01   6.273008e-02   2.486506e-06   4.993984e-11
 -1.008686e-01  -7.324573e-01  -1.777511e+01   9.333175e-01   6.667965e-02   2.821360e-06   5.999422e-11
 -7.251700e-02  -7.338883e-01  -1.777511e+01   9.291377e-01   7.085908e-02   3.200460e-06   7.202459e-11
 -4.416543e-02  -7.354069e-01  -1.777511e+01   9.247170e-01   7.527935e-02   3.629479e-06   8.640715e-11
 -1.581385e-02  -7.370179e-01  -1.777511e+01   9.200443e-01   7.995163e-02   4.114786e-06   1.035868e-10
  1.253772e-02  -7.387262e-01  -1.777511e+01   9.151081e-01   8.488727e-02   4.663523e-06   1.240891e-10
  4.088930e-02  -7.405370e-01  -1.777511e+01   9.098970e-01   9.009776e-02   5.283687e-06   1.485339e-10
  6.924088e-02  -7.424556e-01  -1.777511e+01   9.043994e-01   9.559465e-02   5.984230e-06   1.776514e-10
  9.759245e-02  -7.444874e-01  -1.777511e+01   8.986037e-01   1.013895e-01   6.775157e-06   2.123011e-10
  1.259440e-01  -7.466381e-01  -1.777511e+01   8.924984e-01   1.074939e-01   7.667641e-06   2.534924e-10
  1.542956e-01  -7.489135e-01  -1.777511e+01   8.860721e-01   1.139192e-01   8.674142e-06   3.024101e-10
  1.826472e-01  -7.513194e-01  -1.777511e+01   8.793135e-01   1.206767e-01   9.808541e-06   3.604425e-10
  2.109988e-01  -7.538620e-01  -1.777511e+01   8.722118e-01   1.277771e-01   1.108628e-05   4.292144e-10
  2.393503e-01  -7.565472e-01  -1.777511e+01   8.647564e-01   1.352311e-01   1.252451e-05   5.106247e-10
  2.677019e-01  -7.593815e-01  -1.777511e+01   8.569373e-01   1.430485e-01   1.414227e-05   6.068901e-10
  2.960535e-01  -7.623709e-01  -1.777511e+01   8.487452e-01   1.512388e-01   1.596065e-05   7.205942e-10
  3.244051e-01  -7.655219e-01  -1.777511e+01   8.401714e-01   1.598105e-01   1.800298e-05   8.547452e-10
  3.527566e-01  -7.688406e-01  -1.777511e+01   8.312083e-01   1.687714e-01   2.029502e-05   1.012841e-09
  3.811082e-01  -7.723333e-01  -1.777511e+01   8.218489e-01   1.781282e-01   2.286518e-05   1.198943e-09
  4.094598e-01  -7.760060e-01  -1.777511e+01   8.120879e-01   1.878864e-01   2.574476e-05   1.417763e-09
  4.378114e-01  -7.798649e-01  -1.777511e+01   8.019208e-01   1.980502e-01   2.896813e-05   1.674759e-09
  4.661629e-01  -7.839158e-01  -1.777511e+01   7.913449e-01   2.086225e-01   3.257302e-05   1.976250e-09
  4.945145e-01  -7.881641e-01  -1.777511e+01   7.803588e-01   2.196045e-01   3.660072e-05   2.329539e-09
  5.228661e-01  -7.926153e-01  -1.777511e+01   7.689631e-01   2.309958e-01   4.109642e-05   2.743060e-09
  5.512177e-01  -7.972742e-01  -1.777511e+01   7.571600e-01   2.427939e-01   4.610938e-05   3.226545e-09
  5.795692e-01  -8.021455e-01  -1.777511e+01   7.449537e-01   2.549946e-01   5.169328e-05   3.791212e-09
  6.079208e-01  -8.072332e-01  -1.777511e+01   7.323506e-01   2.675915e-01   5.790645e-05   4.449979e-09
  6.362724e-01  -8.125408e-01  -1.777511e+01   7.193591e-01   2.805761e-01   6.481221e-05   5.217712e-09
  6.646240e-01  -8.180714e-01  -1.777511e+01   7.059900e-01   2.939375e-01   7.247910e-05   6.111506e-09
  6.929756e-01  -8.238272e-01  -1.777511e+01   6.922563e-01   3.076627e-01   8.098121e-05   7.151002e-09
  7.213271e-01  -8.298099e-01  -1.777511e+01   6.781732e-01   3.217364e-01   9.039849e-05   8.358751e-09
  7.496787e-01  -8.360201e-01  -1.777511e+01   6.637584e-01   3.361408e-01   1.008170e-04   9.760636e-09
  7.780303e-01  -8.424577e-01  -1.777511e+01   6.490318e-01   3.508558e-01   1.123292e-04   1.138634e-08
  8.063819e-01  -8.491220e-01  -1.777511e+01   6.340156e-01   3.658594e-01   1.250345e-04   1.326987e-08
  8.347334e-01  -8.560107e-01  -1.777511e+01   6.187339e-01   3.811271e-01   1.390391e-04   1.545023e-08
  8.630850e-01  -8.631211e-01  -1.777511e+01   6.032131e-01   3.966324e-01   1.544568e-04   1.797204e-08
  8.914366e-01  -8.704492e-01  -1.777511e+01   5.874813e-01   4.123472e-01   1.714090e-04   2.088641e-08
  9.197882e-01  -8.779898e-01  -1.777511e+01   5.715684e-01   4.282416e-01   1.900250e-04   2.425180e-08
  9.481397e-01  -8.857368e-01  -1.777511e+01   5.555056e-01   4.442839e-01   2.104429e-04   2.813511e-08
  9.764913e-01  -8.936829e-01  -1.777511e+01   5.393254e-01   4.604417e-01   2.328090e-04   3.261281e-08
  1.004843e+00  -9.018198e-01  -1.777511e+01   5.230614e-01   4.766812e-01   2.572793e-04   3.777234e-08
  1.033194e+00  -9.101379e-01  -1.777511e+01   5.067478e-01   4.929681e-01   2.840188e-04   4.371365e-08
  1.061546e+00  -9.186267e-01  -1.777511e+01   4.904192e-01   5.092675e-01   3.132030e-04   5.055091e-08
  1.089898e+00  -9.272745e-01  -1.777511e+01   4.741104e-01   5.255445e-01   3.450174e-04   5.841456e-08
  1.118249e+00  -9.360688e-01  -1.777511e+01   4.578559e-01   5.417644e-01   3.796588e-04   6.745359e-08
  1.146601e+00  -9.449960e-01  -1.777511e+01   4.416899e-01   5.578927e-01   4.173355e-04   7.783813e-08
  1.174952e+00  -9.540417e-01  -1.777511e+01   4.256458e-01   5.738959e-01   4.582677e-04   8.976242e-08
  1.203304e+00  -9.631908e-01  -1.777511e+01   4.097559e-01   5.897413e-01   5.026889e-04   1.034482e-07
  1.231655e+00  -9.724273e-01  -1.777511e+01   3.940513e-01   6.053977e-01   5.508459e-04   1.191485e-07
  1.260007e+00  -9.817347e-01  -1.777511e+01   3.785618e-01   6.208351e-01   6.029998e-04   1.371522e-07
  1.288359e+00  -9.910962e-01  -1.777511e+01   3.633150e-01   6.360254e-01   6.594273e-04   1.577888e-07
  1.316710e+00  -1.000494e+00  -1.777511e+01   3.483371e-01   6.509423e-01   7.204213e-04   1.814344e-07
  1.345062e+00  -1.009912e+00  -1.777511e+01   3.336521e-01   6.655614e-01   7.862918e-04   2.085179e-07
  1.373413e+00  -1.019331e+00  -1.777511e+01   3.192817e-01   6.798607e-01   8.573677e-04   2.395286e-07
  1.401765e+00  -1.028733e+00  -1.777511e+01   3.052456e-01   6.938201e-01   9.339974e-04   2.750245e-07
  1.430117e+00  -1.038102e+00  -1.777511e+01   2.915611e-01   7.074220e-01   1.016550e-03   3.156421e-07
  1.458468e+00  -1.047420e+00  -1.777511e+01   2.782431e-01   7.206511e-01   1.105419e-03   3.621071e-07
  1.486820e+00  -1.056671e+00  -1.777511e+01   2.653044e-01   7.334941e-01   1.201020e-03   4.152473e-07
  1.515171e+00  -1.065837e+00  -1.777510e+01   2.527554e-01   7.459404e-01   1.303795e-03   4.760059e-07
  1.543523e+00  -1.074903e+00  -1.777510e+01   2.406041e-01   7.579811e-01   1.414214e-03   5.454588e-07
  1.571874e+00  -1.083854e+00  -1.777510e+01   2.288568e-01   7.696098e-01   1.532777e-03   6.248322e-07
  1.600226e+00  -1.092675e+00  -1.777510e+01   2.175172e-01   7.808221e-01   1.660015e-03   7.155238e-07
  1.628578e+00  -1.101354e+00  -1.777510e+01   2.065875e-01   7.916152e-01   1.796493e-03   8.191268e-07
  1.656929e+00  -1.109879e+00  -1.777510e+01   1.960679e-01   8.019884e-01   1.942813e-03   9.374568e-07
  1.685281e+00  -1.118236e+00  -1.777510e+01   1.859568e-01   8.119425e-01   2.099616e-03   1.072583e-06
  1.713632e+00  -1.126417e+00  -1.777510e+01   1.762513e-01   8.214799e-01   2.267582e-03   1.226864e-06
  1.741984e+00  -1.134412e+00  -1.777510e+01   1.669467e-01   8.306044e-01   2.447439e-03   1.402985e-06
  1.770335e+00  -1.142213e+00  -1.777509e+01   1.580375e-01   8.393209e-01   2.639960e-03   1.604008e-06
  1.798687e+00  -1.149813e+00  -1.777509e+01   1.495167e-01   8.476355e-01   2.845968e-03   1.833421e-06
  1.827039e+00  -1.157206e+00  -1.777509e+01   1.413764e-01   8.555552e-01   3.066341e-03   2.095197e-06
  1.855390e+00  -1.164387e+00  -1.777509e+01   1.336079e-01   8.630876e-01   3.302014e-03   2.393860e-06
  1.883742e+00  -1.171354e+00  -1.777509e+01   1.262018e-01   8.702415e-01   3.553983e-03   2.734567e-06
  1.912093e+00  -1.178102e+00  -1.777508e+01   1.191479e-01   8.770256e-01   3.823309e-03   3.123188e-06
  1.940445e+00  -1.184632e+00  -1.777508e+01   1.124357e-01   8.834496e-01   4.111123e-03   3.566408e-06
  1.968796e+00  -1.190941e+00  -1.777508e+01   1.060543e-01   8.895230e-01   4.418629e-03   4.071843e-06
  1.997148e+00  -1.197031e+00  -1.777508e+01   9.999233e-02   8.952559e-01   4.747108e-03   4.648161e-06
  2.025500e+00  -1.202904e+00  -1.777507e+01   9.423842e-02   9.006583e-01   5.097926e-03   5.305233e-06
  2.053851e+00  -1.208560e+00  -1.777507e+01   8.878101e-02   9.057404e-01   5.472538e-03   6.054296e-06
  2.082203e+00  -1.214004e+00  -1.777507e+01   8.360851e-02   9.105121e-01   5.872491e-03   6.908142e-06
  2.110554e+00  -1.219238e+00  -1.777506e+01   7.870936e-02   9.149833e-01   6.299432e-03   7.881331e-06
  2.138906e+00  -1.224266e+00  -1.777506e+01   7.407208e-02   9.191638e-01   6.755114e-03   8.990433e-06
  2.167258e+00  -1.229095e+00  -1.777506e+01   6.968533e-02   9.230630e-01   7.241402e-03   1.025431e-05
  2.195609e+00  -1.233728e+00  -1.777505e+01   6.553797e-02   9.266901e-01   7.760281e-03   1.169441e-05
  2.223961e+00  -1.238173e+00  -1.777505e+01   6.161904e-02   9.300538e-01   8.313857e-03   1.333514e-05
  2.252312e+00  -1.242434e+00  -1.777504e+01   5.791787e-02   9.331625e-01   8.904374e-03   1.520429e-05
  2.280664e+00  -1.246518e+00  -1.777504e+01   5.442406e-02   9.360244e-01   9.534212e-03   1.733342e-05
  2.309015e+00  -1.250433e+00  -1.777503e+01   5.112748e-02   9.386469e-01   1.020590e-02   1.975848e-05
  2.337367e+00  -1.254185e+00  -1.777503e+01   4.801835e-02   9.410370e-01   1.092213e-02   2.252028e-05
  2.365719e+00  -1.257782e+00  -1.777502e+01   4.508722e-02   9.432014e-01   1.168576e-02   2.566529e-05
  2.394070e+00  -1.261230e+00  -1.777502e+01   4.232494e-02   9.451460e-01   1.249979e-02   2.924627e-05
  2.422422e+00  -1.264538e+00  -1.777501e+01   3.972274e-02   9.468765e-01   1.336746e-02   3.332322e-05
  2.450773e+00  -1.267713e+00  -1.777500e+01   3.727218e-02   9.483977e-01   1.429215e-02   3.796430e-05
  2.479125e+00  -1.270763e+00  -1.777499e+01   3.496517e-02   9.497141e-01   1.527747e-02   4.324696e-05
  2.507476e+00  -1.273696e+00  -1.777498e+01   3.279395e-02   9.508295e-01   1.632725e-02   4.925915e-05
  2.535828e+00  -1.276518e+00  -1.777498e+01   3.075114e-02   9.517473e-01   1.744550e-02   5.610076e-05
  2.564180e+00  -1.279239e+00  -1.777497e+01   2.882964e-02   9.524700e-01   1.863651e-02   6.388519e-05
  2.592531e+00  -1.281865e+00  -1.777496e+01   2.702273e-02   9.529997e-01   1.990480e-02   7.274113e-05
  2.620883e+00  -1.284405e+00  -1.777495e+01   2.532397e-02   9.533381e-01   2.125512e-02   8.281463e-05
  2.649234e+00  -1.286866e+00  -1.777493e+01   2.372726e-02   9.534860e-01   2.269250e-02   9.427134e-05
  2.677586e+00  -1.289255e+00  -1.777492e+01   2.222679e-02   9.534436e-01   2.422226e-02   1.072991e-04
  2.705937e+00  -1.291582e+00  -1.777491e+01   2.081704e-02   9.532109e-01   2.584998e-02   1.221110e-04
  2.734289e+00  -1.293852e+00  -1.777489e+01   1.949280e-02   9.527867e-01   2.758154e-02   1.389482e-04
  2.762641e+00  -1.296074e+00  -1.777488e+01   1.824909e-02   9.521697e-01   2.942312e-02   1.580842e-04
  2.790992e+00  -1.298256e+00  -1.777486e+01   1.708123e-02   9.513577e-01   3.138122e-02   1.798286e-04
  2.819344e+00  -1.300404e+00  -1.777485e+01   1.598477e-02   9.503480e-01   3.346265e-02   2.045318e-04
  2.847695e+00  -1.302527e+00  -1.777483e+01   1.495551e-02   9.491374e-01   3.567453e-02   2.325903e-04
  2.876047e+00  -1.304631e+00  -1.777481e+01   1.398948e-02   9.477217e-01   3.802433e-02   2.644524e-04
  2.904398e+00  -1.306726e+00  -1.777479e+01   1.308292e-02   9.460966e-01   4.051985e-02   3.006248e-04
  2.932750e+00  -1.308817e+00  -1.777477e+01   1.223229e-02   9.442568e-01   4.316920e-02   3.416801e-04
  2.961102e+00  -1.310913e+00  -1.777475e+01   1.143424e-02   9.421966e-01   4.598085e-02   3.882644e-04
  2.989453e+00  -1.313022e+00  -1.777472e+01   1.068564e-02   9.399097e-01   4.896358e-02   4.411072e-04
  3.017805e+00  -1.315151e+00  -1.777470e+01   9.983495e-03   9.373890e-01   5.212649e-02   5.010307e-04
  3.046156e+00  -1.317309e+00  -1.777467e+01   9.325015e-03   9.346270e-01   5.547899e-02   5.689614e-04
  3.074508e+00  -1.319502e+00  -1.777464e+01   8.707559e-03   9.316157e-01   5.903079e-02   6.459427e-04
  3.102860e+00  -1.321740e+00  -1.777461e+01   8.128643e-03   9.283463e-01   6.279186e-02   7.331485e-04
  3.131211e+00  -1.324030e+00  -1.777458e+01   7.585930e-03   9.248097e-01   6.677245e-02   8.318983e-04
  3.159563e+00  -1.326382e+00  -1.777454e+01   7.077220e-03   9.209961e-01   7.098299e-02   9.436743e-04
  3.187914e+00  -1.328803e+00  -1.777451e+01   6.600442e-03   9.168953e-01   7.543412e-02   1.070140e-03
  3.216266e+00  -1.331302e+00  -1.777447e+01   6.153653e-03   9.124966e-01   8.013660e-02   1.213159e-03
  3.244617e+00  -1.333888e+00  -1.777443e+01   5.735021e-03   9.077889e-01   8.510128e-02   1.374819e-03
  3.272969e+00  -1.336571e+00  -1.777439e+01   5.342828e-03   9.027607e-01   9.033903e-02   1.557456e-03
  3.301321e+00  -1.339359e+00  -1.777434e+01   4.975459e-03   8.974002e-01   9.586069e-02   1.763679e-03
  3.329672e+00  -1.342263e+00  -1.777429e+01   4.631396e-03   8.916953e-01   1.016769e-01   1.996398e-03
  3.358024e+00  -1.345292e+00  -1.777424e+01   4.309213e-03   8.856337e-01   1.077982e-01   2.258858e-03
  3.386375e+00  -1.348457e+00  -1.777419e+01   4.007573e-03   8.792030e-01   1.142348e-01   2.554668e-03
  3.414727e+00  -1.351768e+00  -1.777413e+01   3.725218e-03   8.723907e-01   1.209962e-01   2.887837e-03
  3.443078e+00  -1.355235e+00  -1.777407e+01   3.460970e-03   8.651845e-01   1.280917e-01   3.262815e-03
  3.471430e+00  -1.358869e+00  -1.777401e+01   3.213721e-03   8.575721e-01   1.355297e-01   3.684525e-03
  3.499782e+00  -1.362683e+00  -1.777395e+01   2.982432e-03   8.495414e-01   1.433177e-01   4.158412e-03
  3.528133e+00  -1.366686e+00  -1.777388e+01   2.766128e-03   8.410810e-01   1.514624e-01   4.690483e-03
  3.556485e+00  -1.370892e+00  -1.777380e+01   2.563893e-03   8.321798e-01   1.599690e-01   5.287349e-03
  3.584836e+00  -1.375312e+00  -1.777373e+01   2.374871e-03   8.228275e-01   1.688414e-01   5.956275e-03
  3.613188e+00  -1.379959e+00  -1.777365e+01   2.198254e-03   8.130145e-01   1.780820e-01   6.705222e-03
  3.641539e+00  -1.384845e+00  -1.777357e+01   2.033288e-03   8.027325e-01   1.876913e-01   7.542899e-03
  3.669891e+00  -1.389982e+00  -1.777348e+01   1.879263e-03   7.919742e-01   1.976678e-01   8.478799e-03
  3.698243e+00  -1.395385e+00  -1.777339e+01   1.735513e-03   7.807336e-01   2.080077e-01   9.523251e-03
  3.726594e+00  -1.401065e+00  -1.777330e+01   1.601413e-03   7.690065e-01   2.187047e-01   1.068746e-02
  3.754946e+00  -1.407037e+00  -1.777320e+01   1.476377e-03   7.567903e-01   2.297498e-01   1.198353e-02
  3.783297e+00  -1.413314e+00  -1.777310e+01   1.359854e-03   7.440844e-01   2.411312e-01   1.342452e-02
  3.811649e+00  -1.419910e+00  -1.777299e+01   1.251327e-03   7.308905e-01   2.528338e-01   1.502446e-02
  3.840000e+00  -1.426837e+00  -1.777288e+01   1.150310e-03   7.172123e-01   2.648391e-01   1.679834e-02
  3.868352e+00  -1.434109e+00  -1.777277e+01   1.056344e-03   7.030563e-01   2.771252e-01   1.876217e-02
  3.896704e+00  -1.441740e+00  -1.777266e+01   9.690020e-04   6.884316e-01   2.896665e-01   2.093293e-02
  3.925055e+00  -1.449744e+00  -1.777254e+01   8.878778e-04   6.733500e-01   3.024335e-01   2.332859e-02
  3.953407e+00  -1.458132e+00  -1.777241e+01   8.125911e-04   6.578264e-01   3.153929e-01   2.596803e-02
  3.981758e+00  -1.466918e+00  -1.777229e+01   7.427833e-04   6.418787e-01   3.285074e-01   2.887104e-02
  4.010110e+00  -1.476115e+00  -1.777216e+01   6.781164e-04   6.255279e-01   3.417358e-01   3.205822e-02
  4.038462e+00  -1.485734e+00  -1.777202e+01   6.182715e-04   6.087980e-01   3.550329e-01   3.555091e-02
  4.066813e+00  -1.495786e+00  -1.777189e+01   5.629475e-04   5.917162e-01   3.683498e-01   3.937107e-02
  4.095165e+00  -1.506284e+00  -1.777175e+01   5.118603e-04   5.743129e-01   3.816341e-01   4.354115e-02
  4.123516e+00  -1.517237e+00  -1.777161e+01   4.647412e-04   5.566214e-01   3.948299e-01   4.808392e-02
  4.151868e+00  -1.528655e+00  -1.777147e+01   4.213363e-04   5.386778e-01   4.078785e-01   5.302234e-02
  4.180219e+00  -1.540547e+00  -1.777133e+01   3.814050e-04   5.205209e-01   4.207183e-01   5.837931e-02
  4.208571e+00  -1.552922e+00  -1.777118e+01   3.447199e-04   5.021919e-01   4.332859e-01   6.417744e-02
  4.236923e+00  -1.565785e+00  -1.777104e+01   3.110654e-04   4.837342e-01   4.455159e-01   7.043885e-02
  4.265274e+00  -1.579144e+00  -1.777089e+01   2.802377e-04   4.651929e-01   4.573420e-01   7.718488e-02
  4.293626e+00  -1.593003e+00  -1.777075e+01   2.520431e-04   4.466147e-01   4.686974e-01   8.443582e-02
  4.321977e+00  -1.607368e+00  -1.777060e+01   2.262987e-04   4.280473e-01   4.795158e-01   9.221058e-02
  4.350329e+00  -1.622240e+00  -1.777045e+01   2.028309e-04   4.095391e-01   4.897316e-01   1.005264e-01
  4.378680e+00  -1.637622e+00  -1.777031e+01   1.814755e-04   3.911387e-01   4.992811e-01   1.093987e-01
  4.407032e+00  -1.653515e+00  -1.777017e+01   1.620770e-04   3.728944e-01   5.081030e-01   1.188405e-01
  4.435384e+00  -1.669918e+00  -1.777002e+01   1.444886e-04   3.548538e-01   5.161393e-01   1.288623e-01
  4.463735e+00  -1.686829e+00  -1.776988e+01   1.285713e-04   3.370635e-01   5.233361e-01   1.394718e-01
  4.492087e+00  -1.704246e+00  -1.776975e+01   1.141943e-04   3.195682e-01   5.296441e-01   1.506736e-01
  4.520438e+00  -1.722164e+00  -1.776961e+01   1.012340e-04   3.024108e-01   5.350192e-01   1.624688e-01
  4.548790e+00  -1.740579e+00  -1.776948e+01   8.957440e-05   2.856316e-01   5.394236e-01   1.748552e-01
  4.577141e+00  -1.759484e+00  -1.776935e+01   7.910634e-05   2.692683e-01   5.428259e-01   1.878267e-01
  4.605493e+00  -1.778872e+00  -1.776923e+01   6.972757e-05   2.533553e-01   5.452014e-01   2.013736e-01
  4.633845e+00  -1.798734e+00  -1.776911e+01   6.134240e-05   2.379238e-01   5.465329e-01   2.154820e-01
  4.662196e+00  -1.819060e+00  -1.776899e+01   5.386150e-05   2.230011e-01   5.468109e-01   2.301341e-01
  4.690548e+00  -1.839841e+00  -1.776888e+01   4.720165e-05   2.086111e-01   5.460332e-01   2.453084e-01
  4.718899e+00  -1.861065e+00  -1.776877e+01   4.128555e-05   1.947735e-01   5.442057e-01   2.609794e-01
  4.747251e+00  -1.882719e+00  -1.776867e+01   3.604154e-05   1.815042e-01   5.413418e-01   2.771180e-01
  4.775603e+00  -1.904791e+00  -1.776857e+01   3.140339e-05   1.688152e-01   5.374621e-01   2.936913e-01
  4.803954e+00  -1.927267e+00  -1.776847e+01   2.731004e-05   1.567144e-01   5.325946e-01   3.106636e-01
  4.832306e+00  -1.950133e+00  -1.776838e+01   2.370538e-05   1.452061e-01   5.267741e-01   3.279960e-01
  4.860657e+00  -1.973374e+00  -1.776830e+01   2.053796e-05   1.342910e-01   5.200415e-01   3.456469e-01
  4.889009e+00  -1.996976e+00  -1.776822e+01   1.776078e-05   1.239662e-01   5.124433e-01   3.635727e-01
  4.917360e+00  -2.020923e+00  -1.776814e+01   1.533100e-05   1.142256e-01   5.040313e-01   3.817278e-01
  4.945712e+00  -2.045199e+00  -1.776807e+01   1.320971e-05   1.050601e-01   4.948614e-01   4.000652e-01
  4.974064e+00  -2.069788e+00  -1.776800e+01   1.136168e-05   9.645805e-02   4.849934e-01   4.185372e-01
  5.002415e+00  -2.094675e+00  -1.776794e+01   9.755068e-06   8.840521e-02   4.744897e-01   4.370953e-01
  5.030767e+00  -2.119844e+00  -1.776788e+01   8.361237e-06   8.088531e-02   4.634151e-01   4.556912e-01
  5.059118e+00  -2.145279e+00  -1.776782e+01   7.154472e-06   7.388025e-02   4.518356e-01   4.742770e-01
  5.087470e+00  -2.170965e+00  -1.776777e+01   6.111768e-06   6.737040e-02   4.398178e-01   4.928057e-01
  5.115821e+00  -2.196886e+00  -1.776773e+01   5.212598e-06   6.133496e-02   4.274284e-01   5.112314e-01
  5.144173e+00  -2.223027e+00  -1.776768e+01   4.438707e-06   5.575219e-02   4.147332e-01   5.295102e-01
  5.172525e+00  -2.249374e+00  -1.776764e+01   3.773905e-06   5.059970e-02   4.017967e-01   5.475998e-01
  5.200876e+00  -2.275913e+00  -1.776761e+01   3.203874e-06   4.585471e-02   3.886816e-01   5.654605e-01
  5.229228e+00  -2.302630e+00  -1.776757e+01   2.715989e-06   4.149428e-02   3.754480e-01   5.830550e-01
  5.257579e+00  -2.329512e+00  -1.776754e+01   2.299152e-06   3.749552e-02   3.621533e-01   6.003488e-01
  5.285931e+00  -2.356546e+00  -1.776751e+01   1.943627e-06   3.383579e-02   3.488518e-01   6.173105e-01
  5.314282e+00  -2.383720e+00  -1.776749e+01   1.640904e-06   3.049286e-02   3.355942e-01   6.339114e-01
  5.342634e+00  -2.411023e+00  -1.776746e+01   1.383559e-06   2.744506e-02   3.224274e-01   6.501261e-01
  5.370986e+00  -2.438444e+00  -1.776744e+01   1.165133e-06   2.467139e-02   3.093949e-01   6.659326e-01
  5.399337e+00  -2.465972e+00  -1.776742e+01   9.800234e-07   2.215165e-02   2.965358e-01   6.813116e-01
  5.427689e+00  -2.493598e+00  -1.776740e+01   8.233784e-07   1.986647e-02   2.838855e-01   6.962472e-01
  5.456040e+00  -2.521313e+00  -1.776739e+01   6.910091e-07   1.779740e-02   2.714755e-01   7.107264e-01
  5.484392e+00  -2.549108e+00  -1.776737e+01   5.793064e-07   1.592695e-02   2.593334e-01   7.247391e-01
  5.512743e+00  -2.576976e+00  -1.776736e+01   4.851677e-07   1.423862e-02   2.474829e-01   7.382780e-01
  5.541095e+00  -2.604910e+00  -1.776735e+01   4.059316e-07   1.271687e-02   2.359442e-01   7.513385e-01
  5.569447e+00  -2.632902e+00  -1.776734e+01   3.393200e-07   1.134720e-02   2.247341e-01   7.639183e-01
  5.597798e+00  -2.660946e+00  -1.776733e+01   2.833866e-07   1.011603e-02   2.138661e-01   7.760175e-01
  5.626150e+00  -2.689038e+00  -1.776732e+01   2.364721e-07   9.010775e-03   2.033507e-01   7.876383e-01
  5.654501e+00  -2.717170e+00  -1.776731e+01   1.971642e-07   8.019768e-03   1.931955e-01   7.987845e-01
  5.682853e+00  -2.745340e+00  -1.776730e+01   1.642632e-07   7.132234e-03   1.834055e-01   8.094621e-01
  5.711205e+00  -2.773542e+00  -1.776730e+01   1.367516e-07   6.338249e-03   1.739833e-01   8.196783e-01
  5.739556e+00  -2.801773e+00  -1.776729e+01   1.137680e-07   5.628706e-03   1.649296e-01   8.294416e-01
  5.767908e+00  -2.830028e+00  -1.776729e+01   9.458411e-08   4.995262e-03   1.562427e-01   8.387619e-01
  5.796259e+00  -2.858306e+00  -1.776728e+01   7.858529e-08   4.430298e-03   1.479197e-01   8.476499e-01
  5.824611e+00  -2.886602e+00  -1.776728e+01   6.525341e-08   3.926870e-03   1.399559e-01   8.561172e-01
  5.852962e+00  -2.914915e+00  -1.776727e+01   5.415237e-08   3.478663e-03   1.323453e-01   8.641760e-01
  5.881314e+00  -2.943242e+00  -1.776727e+01   4.491557e-08   3.079948e-03   1.250809e-01   8.718391e-01
  5.909666e+00  -2.971581e+00  -1.776727e+01   3.723521e-08   2.725536e-03   1.181548e-01   8.791197e-01
  5.938017e+00  -2.999931e+00  -1.776727e+01   3.085320e-08   2.410737e-03   1.115580e-01   8.860312e-01
  5.966369e+00  -3.028288e+00  -1.776726e+01   2.555331e-08   2.131318e-03   1.052812e-01   8.925874e-01
  5.994720e+00  -3.056654e+00  -1.776726e+01   2.115464e-08   1.883469e-03   9.931448e-02   8.988020e-01
  6.023072e+00  -3.085025e+00  -1.776726e+01   1.750597e-08   1.663759e-03   9.364749e-02   9.046887e-01
  6.051423e+00  -3.113401e+00  -1.776726e+01   1.448099e-08   1.469109e-03   8.826965e-02   9.102612e-01
  6.079775e+00  -3.141781e+00  -1.776726e+01   1.197434e-08   1.296758e-03   8.317021e-02   9.155330e-01
  6.108127e+00  -3.170164e+00  -1.776726e+01   9.898167e-09   1.144231e-03   7.833832e-02   9.205174e-01
  6.136478e+00  -3.198549e+00  -1.776726e+01   8.179309e-09   1.009316e-03   7.376311e-02   9.252276e-01
  6.164830e+00  -3.226936e+00  -1.776725e+01   6.756861e-09   8.900353e-04   6.943378e-02   9.296762e-01
  6.193181e+00  -3.255325e+00  -1.776725e+01   5.580173e-09   7.846238e-04   6.533962e-02   9.338758e-01
  6.221533e+00  -3.283714e+00  -1.776725e+01   4.607145e-09   6.915080e-04   6.147010e-02   9.378384e-01
  6.249884e+00  -3.312103e+00  -1.776725e+01   3.802808e-09   6.092862e-04   5.781488e-02   9.415758e-01
  6.278236e+00  -3.340493e+00  -1.776725e+01   3.138137e-09   5.367109e-04   5.436386e-02   9.450994e-01
  6.306588e+00  -3.368882e+00  -1.776725e+01   2.589050e-09   4.726727e-04   5.110719e-02   9.484201e-01
  6.334939e+00  -3.397271e+00  -1.776725e+01   2.135580e-09   4.161861e-04   4.803530e-02   9.515485e-01
  6.363291e+00  -3.425659e+00  -1.776725e+01   1.761180e-09   3.663759e-04   4.513896e-02   9.544947e-01
  6.391642e+00  -3.454046e+00  -1.776725e+01   1.452142e-09   3.224660e-04   4.240921e-02   9.572683e-01
  6.419994e+00  -3.482433e+00  -1.776725e+01   1.197119e-09   2.837681e-04   3.983743e-02   9.598788e-01
  6.448346e+00  -3.510818e+00  -1.776725e+01   9.867163e-10   2.496722e-04   3.741533e-02   9.623350e-01
  6.476697e+00  -3.539202e+00  -1.776725e+01   8.131656e-10   2.196385e-04   3.513496e-02   9.646454e-01
  6.505049e+00  -3.567585e+00  -1.776725e+01   6.700410e-10   1.931890e-04   3.298868e-02   9.668181e-01
  6.533400e+00  -3.595967e+00  -1.776725e+01   5.520308e-10   1.699010e-04   3.096920e-02   9.688609e-01
  6.561752e+00  -3.624348e+00  -1.776725e+01   4.547455e-10   1.494007e-04   2.906955e-02   9.707810e-01
  6.590103e+00  -3.652728e+00  -1.776725e+01   3.745590e-10   1.313579e-04   2.728307e-02   9.725856e-01
  6.618455e+00  -3.681106e+00  -1.776725e+01   3.084764e-10   1.154807e-04   2.560343e-02   9.742811e-01
  6.646807e+00  -3.709483e+00  -1.776725e+01   2.540251e-10   1.015116e-04   2.402459e-02   9.758739e-01
  6.675158e+00  -3.737859e+00  -1.776725e+01   2.091641e-10   8.922319e-05   2.254082e-02   9.773700e-01
  6.703510e+00  -3.766234e+00  -1.776725e+01   1.722092e-10   7.841487e-05   2.114667e-02   9.787749e-01
  6.731861e+00  -3.794607e+00  -1.776725e+01   1.417707e-10   6.890968e-05   1.983697e-02   9.800941e-01
  6.760213e+00  -3.822980e+00  -1.776725e+01   1.167025e-10   6.055159e-05   1.860682e-02   9.813326e-01
  6.788564e+00  -3.851352e+00  -1.776725e+01   9.605937e-11   5.320306e-05   1.745158e-02   9.824952e-01
  6.816916e+00  -3.879722e+00  -1.776725e+01   7.906187e-11   4.674289e-05   1.636686e-02   9.835864e-01
  6.845268e+00  -3.908091e+00  -1.776725e+01   6.506752e-11   4.106429e-05   1.534849e-02   9.846104e-01
  6.873619e+00  -3.936460e+00  -1.776725e+01   5.354676e-11   3.607321e-05   1.439255e-02   9.855714e-01
  6.901971e+00  -3.964828e+00  -1.776725e+01   4.406315e-11   3.168683e-05   1.349532e-02   9.864730e-01
  6.930322e+00  -3.993194e+00  -1.776725e+01   3.625710e-11   2.783222e-05   1.265330e-02   9.873189e-01
  6.958674e+00  -4.021560e+00  -1.776725e+01   2.983234e-11   2.444520e-05   1.186318e-02   9.881124e-01
  6.987025e+00  -4.049925e+00  -1.776725e+01   2.454480e-11   2.146928e-05   1.112184e-02   9.888567e-01
  7.015377e+00  -4.078290e+00  -1.776725e+01   2.019349e-11   1.885475e-05   1.042633e-02   9.895548e-01
  7.043729e+00  -4.106653e+00  -1.776725e+01   1.661284e-11   1.655789e-05   9.773887e-03   9.902096e-01
  7.072080e+00  -4.135016e+00  -1.776725e+01   1.366653e-11   1.454022e-05   9.161888e-03   9.908236e-01
  7.100432e+00  -4.163378e+00  -1.776725e+01   1.124232e-11   1.276792e-05   8.587875e-03   9.913994e-01
  7.128783e+00  -4.191740e+00  -1.776725e+01   9.247783e-12   1.121123e-05   8.049531e-03   9.919393e-01
  7.157135e+00  -4.220101e+00  -1.776725e+01   7.606843e-12   9.844005e-06   7.544676e-03   9.924455e-01
  7.185486e+00  -4.248462e+00  -1.776725e+01   6.256874e-12   8.643235e-06   7.071257e-03   9.929201e-01
  7.213838e+00  -4.276822e+00  -1.776725e+01   5.146325e-12   7.588707e-06   6.627346e-03   9.933651e-01
  7.242190e+00  -4.305181e+00  -1.776725e+01   4.232772e-12   6.662649e-06   6.211127e-03   9.937822e-01
  7.270541e+00  -4.333540e+00  -1.776725e+01   3.481296e-12   5.849445e-06   5.820894e-03   9.941733e-01
