       0.0000000       0.0000000
     0.050000000    0.0021626267
      0.10000000    0.0079155926
      0.15000000     0.018232871
      0.20000000     0.033066781
      0.25000000     0.050335665
      0.30000000     0.073054036
      0.35000000      0.10104331
      0.40000000      0.13033353
      0.45000000      0.16650696
      0.50000000      0.21034267
      0.55000000      0.25467568
      0.60000000      0.30709814
      0.65000000      0.37035518
      0.70000000      0.43300177
      0.75000000      0.50516932
      0.80000000      0.59456392
      0.85000000      0.68351063
      0.90000000      0.78207643
      0.95000000      0.90591037
       1.0000000       1.0313699
       1.0500000       1.1675656
       1.1000000       1.3431882
       1.1500000       1.5279332
       1.2000000       1.7247875
       1.2500000       1.9814294
       1.3000000       2.2640455
       1.3500000       2.5653335
       1.4000000       2.9626963
       1.4500000       3.4277688
       1.5000000       3.9388285
       1.5500000       4.6216978
       1.6000000       5.4778061
       1.6500000       6.4826006
       1.7000000       7.8684301
       1.7500000       9.7516758
       1.8000000       12.200387
       1.8500000       15.791944
       1.9000000       21.103293
       1.9500000       28.663956
       2.0000000       39.525731
       2.0500000       52.333930
       2.1000000       60.660032
       2.1500000       59.033699
       2.2000000       50.193628
       2.2500000       41.021441
       2.3000000       34.755837
       2.3500000       31.298760
       2.4000000       30.397284
       2.4500000       31.873139
       2.5000000       35.892311
       2.5500000       43.162825
       2.6000000       54.643465
       2.6500000       71.677792
       2.7000000       91.972276
       2.7500000       105.74693
       2.8000000       104.94431
       2.8500000       94.849374
       2.9000000       87.633419
       2.9500000       89.184733
       3.0000000       97.468003
       3.0500000       105.03769
       3.1000000       102.67369
       3.1500000       89.665694
       3.2000000       75.531129
       3.2500000       66.825653
       3.3000000       62.897876
       3.3500000       64.136724
       3.4000000       71.989913
       3.4500000       85.621773
       3.5000000       105.70265
       3.5500000       130.88391
       3.6000000       149.34150
       3.6500000       148.13226
       3.7000000       129.61770
       3.7500000       107.68605
       3.8000000       92.099046
       3.8500000       83.755231
       3.9000000       80.408547
       3.9500000       80.871756
       4.0000000       84.221032
       4.0500000       89.117974
       4.1000000       95.675421
       4.1500000       103.83048
       4.2000000       109.75453
       4.2500000       110.60053
       4.3000000       110.16724
       4.3500000       112.84113
       4.4000000       118.56340
       4.4500000       127.61379
       4.5000000       139.75350
       4.5500000       149.18746
       4.6000000       151.11473
       4.6500000       148.54699
       4.7000000       146.69140
       4.7500000       148.95530
       4.8000000       159.31724
       4.8500000       180.07435
       4.9000000       208.59235
       4.9500000       240.97453
       5.0000000       278.68972
       5.0500000       328.99106
       5.1000000       392.65662
       5.1500000       458.24817
       5.2000000       526.01035
       5.2500000       616.81884
       5.3000000       721.96073
       5.3500000       777.60078
       5.4000000       739.01330
       5.4500000       644.17284
       5.5000000       562.91394
       5.5500000       527.26135
       5.6000000       534.92842
       5.6500000       566.90872
       5.7000000       586.41720
       5.7500000       563.94448
       5.8000000       506.44869
       5.8500000       440.22539
       5.9000000       380.56533
       5.9500000       329.84358
       6.0000000       286.57522
       6.0500000       249.35791
       6.1000000       219.13058
       6.1500000       196.50913
       6.2000000       179.26082
       6.2500000       166.42976
       6.3000000       158.34147
       6.3500000       152.09831
       6.4000000       145.03533
       6.4500000       139.24325
       6.5000000       137.58790
       6.5500000       140.66429
       6.6000000       147.62233
       6.6500000       154.34881
       6.7000000       154.59771
       6.7500000       147.08666
       6.8000000       137.14681
       6.8500000       130.16495
       6.9000000       127.04756
       6.9500000       125.72315
       7.0000000       124.44066
       7.0500000       122.99756
       7.1000000       121.49867
       7.1500000       119.54320
       7.2000000       116.91724
       7.2500000       113.65763
       7.3000000       109.95898
       7.3500000       106.84148
       7.4000000       105.39186
       7.4500000       105.40119
       7.5000000       106.16535
       7.5500000       107.45164
       7.6000000       109.06425
       7.6500000       111.09965
       7.7000000       114.14918
       7.7500000       117.93667
       7.8000000       121.02647
       7.8500000       122.67351
       7.9000000       123.70852
       7.9500000       124.95094
       8.0000000       125.20024
       8.0500000       122.09353
       8.1000000       115.66963
       8.1500000       109.22578
       8.2000000       105.70139
       8.2500000       105.49511
       8.3000000       107.91684
       8.3500000       112.02933
       8.4000000       116.22659
       8.4500000       118.61649
       8.5000000       117.61280
       8.5500000       112.74878
       8.6000000       105.70187
       8.6500000       99.323254
       8.7000000       95.580807
       8.7500000       95.201949
       8.8000000       97.694108
       8.8500000       101.13541
       8.9000000       103.92103
       8.9500000       106.69462
       9.0000000       111.26605
       9.0500000       118.18173
       9.1000000       125.67518
       9.1500000       130.86413
       9.2000000       132.44319
       9.2500000       131.40445
       9.3000000       128.89242
       9.3500000       125.38066
       9.4000000       121.56997
       9.4500000       117.90655
       9.5000000       114.47755
       9.5500000       112.27637
       9.6000000       112.45030
       9.6500000       115.14266
       9.7000000       120.88016
       9.7500000       130.50214
       9.8000000       142.74235
       9.8500000       154.78299
       9.9000000       164.72938
       9.9500000       171.64992
       10.000000       175.06985
       10.050000       175.34279
       10.100000       173.14537
       10.150000       169.40582
       10.200000       165.99152
       10.250000       164.51341
       10.300000       164.96891
       10.350000       167.00242
       10.400000       171.14663
       10.450000       177.94193
       10.500000       186.70049
       10.550000       195.49161
       10.600000       202.99341
       10.650000       210.43154
       10.700000       219.95587
       10.750000       231.64651
       10.800000       244.29829
       10.850000       257.64047
       10.900000       271.74475
       10.950000       285.76672
       11.000000       297.85323
       11.050000       305.52882
       11.100000       307.70501
       11.150000       306.61728
       11.200000       305.78932
       11.250000       307.01388
       11.300000       310.64258
       11.350000       316.20600
       11.400000       321.69149
       11.450000       324.92139
       11.500000       326.07753
       11.550000       327.24246
       11.600000       329.84782
       11.650000       333.16480
       11.700000       334.81780
       11.750000       333.09163
       11.800000       328.79119
       11.850000       324.07001
       11.900000       320.16654
       11.950000       317.31824
       12.000000       315.55255
       12.050000       314.17725
       12.100000       311.86312
       12.150000       308.83152
       12.200000       308.10527
       12.250000       313.23550
       12.300000       325.25250
       12.350000       342.22008
       12.400000       360.60980
       12.450000       377.22542
       12.500000       391.58142
       12.550000       406.06658
       12.600000       422.03424
       12.650000       436.77331
       12.700000       446.17250
       12.750000       449.19276
       12.800000       448.02271
       12.850000       444.88464
       12.900000       440.65043
       12.950000       436.25743
       13.000000       433.09485
       13.050000       431.11769
       13.100000       428.68246
       13.150000       425.20523
       13.200000       422.01631
       13.250000       420.32050
       13.300000       420.43465
       13.350000       422.85525
       13.400000       428.15195
       13.450000       435.78290
       13.500000       444.06948
       13.550000       451.98105
       13.600000       460.77035
       13.650000       472.32708
       13.700000       485.88622
       13.750000       499.05315
       13.800000       511.61236
       13.850000       524.64831
       13.900000       537.12008
       13.950000       547.30517
       14.000000       555.96055
       14.050000       564.82155
       14.100000       573.83915
       14.150000       581.77084
       14.200000       587.87612
       14.250000       592.32875
       14.300000       596.08185
       14.350000       600.54948
       14.400000       607.15783
       14.450000       616.97960
       14.500000       630.19190
       14.550000       645.86613
       14.600000       662.75615
       14.650000       680.18729
       14.700000       698.15077
       14.750000       716.82038
       14.800000       735.84013
       14.850000       753.97849
       14.900000       770.02665
       14.950000       784.57400
       15.000000       800.87094
       15.050000       822.88460
       15.100000       851.09903
       15.150000       880.55046
       15.200000       904.42493
       15.250000       919.07656
       15.300000       924.50936
       15.350000       921.37861
       15.400000       909.98616
       15.450000       892.11451
       15.500000       871.66897
       15.550000       852.72861
       15.600000       837.84649
       15.650000       828.21935
       15.700000       824.03783
       15.750000       824.69895
       15.800000       830.01248
       15.850000       840.88906
       15.900000       857.88409
       15.950000       879.97165
       16.000000       905.36229
       16.050000       932.65472
       16.100000       961.04952
       16.150000       989.92873
       16.200000       1018.0477
       16.250000       1042.9740
       16.300000       1062.1021
       16.350000       1074.1864
       16.400000       1079.9261
       16.450000       1081.1039
       16.500000       1079.1476
       16.550000       1074.6931
       16.600000       1068.3661
       16.650000       1061.2551
       16.700000       1054.9164
       16.750000       1051.5090
       16.800000       1052.7727
       16.850000       1058.1510
       16.900000       1064.9105
       16.950000       1069.1736
       17.000000       1065.9836
       17.050000       1051.4468
       17.100000       1026.7590
       17.150000       997.83042
       17.200000       969.90248
       17.250000       944.41086
       17.300000       920.52321
       17.350000       897.62817
       17.400000       876.16697
       17.450000       857.10112
       17.500000       841.46567
       17.550000       830.46945
       17.600000       824.92250
       17.650000       824.24674
       17.700000       827.03540
       17.750000       832.27941
       17.800000       839.42888
       17.850000       848.44135
       17.900000       860.20955
       17.950000       875.88854
       18.000000       895.67186
       18.050000       917.82346
       18.100000       937.92106
       18.150000       950.38807
       18.200000       952.66744
       18.250000       946.70486
       18.300000       935.68705
       18.350000       921.15324
       18.400000       903.57721
       18.450000       884.12464
       18.500000       865.44625
       18.550000       850.58352
       18.600000       840.66661
       18.650000       834.11242
       18.700000       828.27277
       18.750000       821.48698
       18.800000       813.89189
       18.850000       806.87084
       18.900000       801.66415
       18.950000       798.63182
       19.000000       797.68129
       19.050000       798.72329
       19.100000       801.87782
       19.150000       807.52246
       19.200000       815.27707
       19.250000       823.01522
       19.300000       827.97788
       19.350000       828.80511
       19.400000       825.61436
       19.450000       818.55709
       19.500000       807.35343
       19.550000       792.48667
       19.600000       776.08618
       19.650000       760.64721
       19.700000       747.11185
       19.750000       734.97814
       19.800000       723.64056
       19.850000       712.80166
       19.900000       702.33010
       19.950000       692.31917
       20.000000       682.97083
       20.050000       674.59789
       20.100000       667.83625
       20.150000       663.22336
       20.200000       660.59715
       20.250000       659.32319
       20.300000       658.83402
       20.350000       658.93098
       20.400000       659.81602
       20.450000       661.60366
       20.500000       663.85193
       20.550000       665.96995
       20.600000       667.79271
       20.650000       669.57816
       20.700000       671.83009
       20.750000       674.90669
       20.800000       678.48343
       20.850000       681.73126
       20.900000       683.91806
       20.950000       684.36040
       21.000000       682.23579
       21.050000       677.03678
       21.100000       669.22949
       21.150000       660.37470
       21.200000       652.32520
       21.250000       646.04504
       21.300000       641.39740
       21.350000       637.88724
       21.400000       635.07260
       21.450000       632.65274
       21.500000       630.59106
       21.550000       628.86196
       21.600000       627.25908
       21.650000       625.70523
       21.700000       624.17444
       21.750000       622.38972
       21.800000       620.25926
       21.850000       618.11526
       21.900000       616.09530
       21.950000       613.88617
       22.000000       610.97385
       22.050000       606.64049
       22.100000       600.24910
       22.150000       591.87873
       22.200000       582.37746
       22.250000       572.92630
       22.300000       564.52191
       22.350000       557.41598
       22.400000       551.29059
       22.450000       546.13731
       22.500000       542.37178
       22.550000       540.28778
       22.600000       539.90179
       22.650000       540.87976
       22.700000       542.43983
       22.750000       543.75330
       22.800000       544.27137
       22.850000       543.63476
       22.900000       541.76699
       22.950000       538.90296
       23.000000       535.25670
       23.050000       530.95883
       23.100000       526.15240
       23.150000       520.90143
       23.200000       515.41851
       23.250000       510.24547
       23.300000       505.72551
       23.350000       501.72326
       23.400000       498.03237
       23.450000       494.47136
       23.500000       490.88547
       23.550000       487.46970
       23.600000       484.62836
       23.650000       482.52461
       23.700000       481.16613
       23.750000       480.49549
       23.800000       480.23792
       23.850000       480.14499
       23.900000       480.15084
       23.950000       480.07401
       24.000000       479.62948
       24.050000       478.68444
       24.100000       477.25498
       24.150000       475.55478
       24.200000       473.96654
       24.250000       472.64905
       24.300000       471.52034
       24.350000       470.57420
       24.400000       469.75465
       24.450000       468.83229
       24.500000       467.66443
       24.550000       466.24339
       24.600000       464.63979
       24.650000       463.09216
       24.700000       461.74502
       24.750000       460.34118
       24.800000       458.45366
       24.850000       455.71037
       24.900000       451.91410
       24.950000       447.33890
       25.000000       442.58917
       25.050000       438.04434
       25.100000       433.84635
       25.150000       430.06947
       25.200000       426.58054
       25.250000       423.20978
       25.300000       419.99963
       25.350000       416.95011
       25.400000       413.90680
       25.450000       410.79215
       25.500000       407.56701
       25.550000       404.24857
       25.600000       401.08233
       25.650000       398.24720
       25.700000       395.55989
       25.750000       392.73647
       25.800000       389.55121
       25.850000       385.88665
       25.900000       381.97770
       25.950000       378.24290
       26.000000       374.83665
       26.050000       371.75054
       26.100000       368.98346
       26.150000       366.39530
       26.200000       363.81738
       26.250000       361.18970
       26.300000       358.37433
       26.350000       355.26590
       26.400000       351.99393
       26.450000       348.69598
       26.500000       345.44083
       26.550000       342.40119
       26.600000       339.66338
       26.650000       337.14693
       26.700000       334.84817
       26.750000       332.75210
       26.800000       330.71933
       26.850000       328.71948
       26.900000       326.81696
       26.950000       325.00188
       27.000000       323.36863
       27.050000       322.08187
       27.100000       321.14268
       27.150000       320.58436
       27.200000       320.56717
       27.250000       321.11012
       27.300000       322.11553
       27.350000       323.45205
       27.400000       324.74504
       27.450000       325.49544
       27.500000       325.38860
       27.550000       324.24599
       27.600000       322.11004
       27.650000       319.41468
       27.700000       316.65090
       27.750000       314.11286
       27.800000       312.03508
       27.850000       310.49513
       27.900000       309.34886
       27.950000       308.51688
       28.000000       307.97905
       28.050000       307.59781
       28.100000       307.31719
       28.150000       307.15657
       28.200000       306.99339
       28.250000       306.71753
       28.300000       306.31653
       28.350000       305.66638
       28.400000       304.67414
       28.450000       303.43604
       28.500000       302.01573
       28.550000       300.47103
       28.600000       298.99950
       28.650000       297.71310
       28.700000       296.59976
       28.750000       295.71765
       28.800000       295.04225
       28.850000       294.43674
       28.900000       293.90769
       28.950000       293.50084
       29.000000       293.14522
       29.050000       292.84850
       29.100000       292.64361
       29.150000       292.44677
       29.200000       292.28908
       29.250000       292.32933
       29.300000       292.57556
       29.350000       292.97838
       29.400000       293.50706
       29.450000       293.97684
       29.500000       294.22014
       29.550000       294.24649
       29.600000       294.03026
       29.650000       293.54402
       29.700000       292.90630
       29.750000       292.17310
       29.800000       291.32392
       29.850000       290.47986
       29.900000       289.74775
       29.950000       289.12504
       30.000000       288.70356
