       0.0000000       0.0000000
     0.050000000    0.0060579500
      0.10000000     0.016389549
      0.15000000     0.017978562
      0.20000000     0.011477507
      0.25000000     0.014703909
      0.30000000     0.043630133
      0.35000000     0.090425663
      0.40000000      0.12506337
      0.45000000      0.12395599
      0.50000000     0.098363833
      0.55000000     0.090400126
      0.60000000      0.13449250
      0.65000000      0.21944647
      0.70000000      0.29160600
      0.75000000      0.30277407
      0.80000000      0.26037754
      0.85000000      0.22869504
      0.90000000      0.27271504
      0.95000000      0.39332881
       1.0000000      0.51771507
       1.0500000      0.56165934
       1.1000000      0.51092892
       1.1500000      0.44366886
       1.2000000      0.46499285
       1.2500000      0.60808604
       1.3000000      0.79484324
       1.3500000      0.90073843
       1.4000000      0.87156286
       1.4500000      0.78386421
       1.5000000      0.78453485
       1.5500000      0.95604735
       1.6000000       1.2302357
       1.6500000       1.4389148
       1.7000000       1.4659068
       1.7500000       1.3640490
       1.8000000       1.3212356
       1.8500000       1.4936592
       1.9000000       1.8538497
       1.9500000       2.2006493
       2.0000000       2.3368239
       2.0500000       2.2597736
       2.1000000       2.1836276
       2.1500000       2.3555316
       2.2000000       2.8226527
       2.2500000       3.3690406
       2.3000000       3.6997263
       2.3500000       3.7200877
       2.4000000       3.6515668
       2.4500000       3.8555357
       2.5000000       4.5042106
       2.5500000       5.3994452
       2.6000000       6.1310874
       2.6500000       6.4609260
       2.7000000       6.5877278
       2.7500000       7.0224624
       2.8000000       8.1466354
       2.8500000       9.8433934
       2.9000000       11.573807
       2.9500000       12.891095
       3.0000000       13.958486
       3.0500000       15.565641
       3.1000000       18.548115
       3.1500000       23.089442
       3.2000000       28.602809
       3.2500000       34.473715
       3.3000000       41.158103
       3.3500000       50.623775
       3.4000000       65.421331
       3.4500000       86.672909
       3.5000000       112.26514
       3.5500000       136.68398
       3.6000000       153.01129
       3.6500000       156.13972
       3.7000000       145.33096
       3.7500000       124.55265
       3.8000000       100.39810
       3.8500000       78.893914
       3.9000000       63.114347
       3.9500000       52.797028
       4.0000000       45.791710
       4.0500000       40.047528
       4.1000000       34.789890
       4.1500000       30.383318
       4.2000000       27.400252
       4.2500000       25.843599
       4.3000000       25.100479
       4.3500000       24.476065
       4.4000000       23.715432
       4.4500000       23.062438
       4.5000000       22.900376
       4.5500000       23.376332
       4.6000000       24.339748
       4.6500000       25.572060
       4.7000000       27.019884
       4.7500000       28.811173
       4.8000000       31.114093
       4.8500000       34.063989
       4.9000000       37.859900
       4.9500000       42.863376
       5.0000000       49.445449
       5.0500000       57.580932
       5.1000000       66.553072
       5.1500000       75.205695
       5.2000000       82.779772
       5.2500000       89.774334
       5.3000000       98.070797
       5.3500000       110.01877
       5.4000000       127.07231
       5.4500000       149.09397
       5.5000000       175.04560
       5.5500000       204.61379
       5.6000000       239.30850
       5.6500000       281.62948
       5.7000000       332.29307
       5.7500000       387.22856
       5.8000000       436.82188
       5.8500000       468.78270
       5.9000000       473.67530
       5.9500000       450.07662
       6.0000000       406.12374
       6.0500000       356.18261
       6.1000000       314.31082
       6.1500000       288.10984
       6.2000000       276.30316
       6.2500000       270.98542
       6.3000000       262.80217
       6.3500000       245.83952
       6.4000000       219.72658
       6.4500000       188.45341
       6.5000000       157.37803
       6.5500000       130.50261
       6.6000000       109.36543
       6.6500000       93.526264
       6.7000000       81.709288
       6.7500000       72.688473
       6.8000000       65.578742
       6.8500000       59.772972
       6.9000000       54.873901
       6.9500000       50.720656
       7.0000000       47.370678
       7.0500000       44.925112
       7.1000000       43.302522
       7.1500000       42.190486
       7.2000000       41.266332
       7.2500000       40.507617
       7.3000000       40.277301
       7.3500000       41.042848
       7.4000000       42.920455
       7.4500000       45.427835
       7.5000000       47.688472
       7.5500000       48.957309
       7.6000000       49.063521
       7.6500000       48.430127
       7.7000000       47.684557
       7.7500000       47.208378
       7.8000000       47.006015
       7.8500000       46.972648
       7.9000000       47.285869
       7.9500000       48.535461
       8.0000000       51.437687
       8.0500000       56.338881
       8.1000000       62.894026
       8.1500000       70.160129
       8.2000000       77.016897
       8.2500000       82.603731
       8.3000000       86.516746
       8.3500000       88.749613
       8.4000000       89.584126
       8.4500000       89.569272
       8.5000000       89.547941
       8.5500000       90.539156
       8.6000000       93.330195
       8.6500000       97.953876
       8.7000000       103.39828
       8.7500000       107.86383
       8.8000000       109.53633
       8.8500000       107.46997
       8.9000000       102.05517
       8.9500000       94.802236
       9.0000000       87.586476
       9.0500000       81.830391
       9.1000000       78.068114
       9.1500000       76.053232
       9.2000000       75.215354
       9.2500000       75.124471
       9.3000000       75.708949
       9.3500000       77.186185
       9.4000000       79.830656
       9.4500000       83.733354
       9.5000000       88.646109
       9.5500000       93.945076
       9.6000000       98.732740
       9.6500000       102.08030
       9.7000000       103.36871
       9.7500000       102.59183
       9.8000000       100.45123
       9.8500000       98.157921
       9.9000000       96.988857
       9.9500000       97.828931
       10.000000       100.91310
       10.050000       105.87723
       10.100000       112.02388
       10.150000       118.62915
       10.200000       125.11478
       10.250000       131.05903
       10.300000       136.12768
       10.350000       140.02767
       10.400000       142.52419
       10.450000       143.50955
       10.500000       143.06575
       10.550000       141.48226
       10.600000       139.22850
       10.650000       136.87157
       10.700000       134.95917
       10.750000       133.88497
       10.800000       133.79314
       10.850000       134.57610
       10.900000       135.99933
       10.950000       137.86856
       11.000000       140.15123
       11.050000       142.97794
       11.100000       146.55871
       11.150000       151.10281
       11.200000       156.82355
       11.250000       163.97411
       11.300000       172.79268
       11.350000       183.27851
       11.400000       194.88829
       11.450000       206.40734
       11.500000       216.19985
       11.550000       222.82283
       11.600000       225.68100
       11.650000       225.31001
       11.700000       223.08040
       11.750000       220.50504
       11.800000       218.60874
       11.850000       217.75516
       11.900000       217.96151
       11.950000       219.35987
       12.000000       222.33951
       12.050000       227.24436
       12.100000       233.84429
       12.150000       241.08412
       12.200000       247.37562
       12.250000       251.30104
       12.300000       252.25157
       12.350000       250.59345
       12.400000       247.28013
       12.450000       243.28630
       12.500000       239.26612
       12.550000       235.62352
       12.600000       232.78949
       12.650000       231.34430
       12.700000       231.80310
       12.750000       234.25626
       12.800000       238.20875
       12.850000       242.82932
       12.900000       247.46270
       12.950000       251.97863
       13.000000       256.65738
       13.050000       261.67078
       13.100000       266.58021
       13.150000       270.29748
       13.200000       271.61820
       13.250000       269.99619
       13.300000       266.03195
       13.350000       261.35870
       13.400000       257.98259
       13.450000       257.50261
       13.500000       260.59630
       13.550000       266.95014
       13.600000       275.50813
       13.650000       284.81586
       13.700000       293.34681
       13.750000       299.78759
       13.800000       303.32694
       13.850000       303.87183
       13.900000       302.06996
       13.950000       299.06785
       14.000000       296.10964
       14.050000       294.19611
       14.100000       293.95789
       14.150000       295.71575
       14.200000       299.52738
       14.250000       305.09497
       14.300000       311.59571
       14.350000       317.68587
       14.400000       321.87040
       14.450000       323.15570
       14.500000       321.60221
       14.550000       318.38914
       14.600000       315.27632
       14.650000       313.80406
       14.700000       314.74032
       14.750000       318.11255
       14.800000       323.71255
       14.850000       331.62961
       14.900000       342.39643
       14.950000       356.70377
       15.000000       374.99398
       15.050000       397.32046
       15.100000       423.53906
       15.150000       453.55210
       15.200000       487.19347
       15.250000       523.67143
       15.300000       560.93894
       15.350000       595.59707
       15.400000       623.69039
       15.450000       642.13938
       15.500000       650.07144
       15.550000       649.28409
       15.600000       643.53700
       15.650000       637.07245
       15.700000       633.14739
       15.750000       633.24837
       15.800000       637.19428
       15.850000       643.81945
       15.900000       651.74127
       15.950000       659.84565
       16.000000       667.41440
       16.050000       674.01506
       16.100000       679.29823
       16.150000       682.78387
       16.200000       683.69452
       16.250000       680.92122
       16.300000       673.24344
       16.350000       659.80504
       16.400000       640.67919
       16.450000       617.19656
       16.500000       591.77446
       16.550000       567.25166
       16.600000       545.98877
       16.650000       529.19570
       16.700000       516.77222
       16.750000       507.67450
       16.800000       500.56931
       16.850000       494.42709
       16.900000       488.83001
       16.950000       483.95443
       17.000000       480.30853
       17.050000       478.38918
       17.100000       478.36613
       17.150000       479.91047
       17.200000       482.25716
       17.250000       484.50030
       17.300000       486.01171
       17.350000       486.74894
       17.400000       487.26043
       17.450000       488.33060
       17.500000       490.47057
       17.550000       493.57388
       17.600000       496.97061
       17.650000       499.84342
       17.700000       501.72582
       17.750000       502.73672
       17.800000       503.43297
       17.850000       504.41021
       17.900000       505.97467
       17.950000       508.09525
       18.000000       510.62342
       18.050000       513.52037
       18.100000       516.88674
       18.150000       520.75216
       18.200000       524.82758
       18.250000       528.46543
       18.300000       530.91785
       18.350000       531.73996
       18.400000       531.06091
       18.450000       529.54401
       18.500000       528.05419
       18.550000       527.26391
       18.600000       527.41026
       18.650000       528.29091
       18.700000       529.39437
       18.750000       530.03794
       18.800000       529.45876
       18.850000       526.91560
       18.900000       521.88270
       18.950000       514.30736
       19.000000       504.78303
       19.050000       494.46660
       19.100000       484.68653
       19.150000       476.42629
       19.200000       469.95734
       19.250000       464.84321
       19.300000       460.31447
       19.350000       455.78171
       19.400000       451.18126
       19.450000       446.97412
       19.500000       443.85106
       19.550000       442.33599
       19.600000       442.54929
       19.650000       444.19790
       19.700000       446.75424
       19.750000       449.66180
       19.800000       452.45266
       19.850000       454.76862
       19.900000       456.33491
       19.950000       456.96750
       20.000000       456.60455
       20.050000       455.33645
       20.100000       453.37977
       20.150000       450.99869
       20.200000       448.41053
       20.250000       445.75066
       20.300000       443.09590
       20.350000       440.52347
       20.400000       438.13727
       20.450000       436.02327
       20.500000       434.16209
       20.550000       432.35762
       20.600000       430.23741
       20.650000       427.34703
       20.700000       423.28661
       20.750000       417.82380
       20.800000       410.93923
       20.850000       402.80814
       20.900000       393.75103
       20.950000       384.19524
       21.000000       374.64786
       21.050000       365.66283
       21.100000       357.77906
       21.150000       351.44330
       21.200000       346.94895
       21.250000       344.43213
       21.300000       343.91077
       21.350000       345.33949
       21.400000       348.60890
       21.450000       353.49070
       21.500000       359.55902
       21.550000       366.16078
       21.600000       372.49545
       21.650000       377.77166
       21.700000       381.39414
       21.750000       383.06836
       21.800000       382.80127
       21.850000       380.82375
       21.900000       377.49287
       21.950000       373.22353
       22.000000       368.46612
       22.050000       363.67981
       22.100000       359.29377
       22.150000       355.64824
       22.200000       352.95434
       22.250000       351.29731
       22.300000       350.68558
       22.350000       351.08218
       22.400000       352.40846
       22.450000       354.50343
       22.500000       357.09306
       22.550000       359.80306
       22.600000       362.23499
       22.650000       364.05483
       22.700000       365.04012
       22.750000       365.06500
       22.800000       364.05044
       22.850000       361.93096
       22.900000       358.66996
       22.950000       354.30952
       23.000000       349.00843
       23.050000       343.01768
       23.100000       336.61349
       23.150000       330.03478
       23.200000       323.46449
       23.250000       317.07091
       23.300000       311.04321
       23.350000       305.58919
       23.400000       300.87129
       23.450000       296.92173
       23.500000       293.60804
       23.550000       290.68145
       23.600000       287.88364
       23.650000       285.05218
       23.700000       282.17644
       23.750000       279.36729
       23.800000       276.80071
       23.850000       274.64537
       23.900000       273.02823
       23.950000       272.01623
       24.000000       271.61670
       24.050000       271.78829
       24.100000       272.46405
       24.150000       273.58618
       24.200000       275.13820
       24.250000       277.13731
       24.300000       279.58754
       24.350000       282.40913
       24.400000       285.39500
       24.450000       288.22280
       24.500000       290.52120
       24.550000       291.95468
       24.600000       292.27957
       24.650000       291.36746
       24.700000       289.19455
       24.750000       285.84721
       24.800000       281.52446
       24.850000       276.53253
       24.900000       271.24461
       24.950000       266.02804
       25.000000       261.17477
       25.050000       256.88019
       25.100000       253.26723
       25.150000       250.44052
       25.200000       248.50543
       25.250000       247.54026
       25.300000       247.54356
       25.350000       248.39567
       25.400000       249.88366
       25.450000       251.75545
       25.500000       253.77469
       25.550000       255.72990
       25.600000       257.41509
       25.650000       258.62173
       25.700000       259.17529
       25.750000       259.00919
       25.800000       258.21049
       25.850000       256.99251
       25.900000       255.59270
       25.950000       254.15446
       26.000000       252.67379
       26.050000       251.03944
       26.100000       249.14131
       26.150000       246.94756
       26.200000       244.52001
       26.250000       241.95087
       26.300000       239.29283
       26.350000       236.53490
       26.400000       233.63721
       26.450000       230.58329
       26.500000       227.41083
       26.550000       224.19740
       26.600000       221.02201
       26.650000       217.94724
       26.700000       215.02687
       26.750000       212.31870
       26.800000       209.88054
       26.850000       207.73764
       26.900000       205.85927
       26.950000       204.16456
       27.000000       202.56754
       27.050000       201.01991
       27.100000       199.52533
       27.150000       198.10026
       27.200000       196.72825
       27.250000       195.34453
       27.300000       193.87593
       27.350000       192.29793
       27.400000       190.65957
       27.450000       189.05413
       27.500000       187.54967
       27.550000       186.14876
       27.600000       184.80236
       27.650000       183.47205
       27.700000       182.17761
       27.750000       180.98999
       27.800000       179.97507
       27.850000       179.13174
       27.900000       178.39305
       27.950000       177.68070
       28.000000       176.97603
       28.050000       176.34161
       28.100000       175.88830
       28.150000       175.70134
       28.200000       175.80744
       28.250000       176.19088
       28.300000       176.83956
       28.350000       177.76668
       28.400000       178.98319
       28.450000       180.43680
       28.500000       181.98845
       28.550000       183.45156
       28.600000       184.67576
       28.650000       185.61605
       28.700000       186.33425
       28.750000       186.94160
       28.800000       187.52589
       28.850000       188.12628
       28.900000       188.75521
       28.950000       189.43683
       29.000000       190.21138
       29.050000       191.09166
       29.100000       192.02024
       29.150000       192.86906
       29.200000       193.49177
       29.250000       193.79727
       29.300000       193.77495
       29.350000       193.47018
       29.400000       192.91808
       29.450000       192.10914
       29.500000       191.01629
       29.550000       189.65343
       29.600000       188.10945
       29.650000       186.53146
       29.700000       185.05810
       29.750000       183.76804
       29.800000       182.68433
       29.850000       181.82271
       29.900000       181.23622
       29.950000       181.01414
       30.000000       181.22268
