       0.0000000       0.0000000
     0.050000000   0.00020988786
      0.10000000    0.0075010229
      0.15000000     0.031313526
      0.20000000     0.066666664
      0.25000000     0.095510238
      0.30000000      0.10968518
      0.35000000      0.12865422
      0.40000000      0.18509371
      0.45000000      0.28686577
      0.50000000      0.39731617
      0.55000000      0.46507159
      0.60000000      0.48230560
      0.65000000      0.50978055
      0.70000000      0.62884511
      0.75000000      0.85502670
      0.80000000       1.1016586
      0.85000000       1.2491401
      0.90000000       1.2713799
      0.95000000       1.2944018
       1.0000000       1.5041163
       1.0500000       1.9637132
       1.1000000       2.5151912
       1.1500000       2.8940117
       1.2000000       2.9907098
       1.2500000       3.0193466
       1.3000000       3.3890470
       1.3500000       4.3358273
       1.4000000       5.6401185
       1.4500000       6.7538895
       1.5000000       7.3214752
       1.5500000       7.6622091
       1.6000000       8.6989853
       1.6500000       11.243699
       1.7000000       15.199892
       1.7500000       19.525493
       1.8000000       23.317765
       1.8500000       27.373409
       1.9000000       34.838761
       1.9500000       49.872888
       2.0000000       74.628189
       2.0500000       106.39843
       2.1000000       137.21014
       2.1500000       156.85339
       2.2000000       158.02079
       2.2500000       140.48890
       2.3000000       111.55720
       2.3500000       82.262145
       2.4000000       61.690326
       2.4500000       52.991390
       2.5000000       53.432044
       2.5500000       57.926019
       2.6000000       63.080111
       2.6500000       68.717096
       2.7000000       76.095637
       2.7500000       84.832865
       2.8000000       91.579811
       2.8500000       91.963679
       2.9000000       84.421166
       2.9500000       72.695809
       3.0000000       64.555626
       3.0500000       67.195752
       3.1000000       82.515261
       3.1500000       105.75385
       3.2000000       128.55167
       3.2500000       144.18020
       3.3000000       151.12356
       3.3500000       152.61763
       3.4000000       152.96011
       3.4500000       153.85020
       3.5000000       153.69544
       3.5500000       150.12315
       3.6000000       143.16169
       3.6500000       136.06305
       3.7000000       132.93893
       3.7500000       135.34843
       3.8000000       141.09472
       3.8500000       146.67651
       3.9000000       151.52358
       3.9500000       160.21486
       4.0000000       180.10197
       4.0500000       215.39465
       4.1000000       261.97331
       4.1500000       307.17318
       4.2000000       335.45430
       4.2500000       336.56082
       4.3000000       310.89336
       4.3500000       268.74342
       4.4000000       224.32886
       4.4500000       188.91211
       4.5000000       167.27305
       4.5500000       158.75607
       4.6000000       160.64498
       4.6500000       170.47591
       4.7000000       185.73368
       4.7500000       202.24540
       4.8000000       213.93322
       4.8500000       215.22537
       4.9000000       204.69684
       4.9500000       186.94558
       5.0000000       170.75534
       5.0500000       164.45703
       5.1000000       171.61907
       5.1500000       189.90063
       5.2000000       213.40079
       5.2500000       236.27648
       5.3000000       254.96112
       5.3500000       268.13784
       5.4000000       275.88961
       5.4500000       279.94139
       5.5000000       285.13534
       5.5500000       300.04271
       5.6000000       334.31510
       5.6500000       392.82800
       5.7000000       470.06515
       5.7500000       549.42205
       5.8000000       609.52974
       5.8500000       634.76042
       5.9000000       623.45767
       5.9500000       588.30753
       6.0000000       548.25439
       6.0500000       517.28153
       6.1000000       497.46756
       6.1500000       480.63545
       6.2000000       456.71889
       6.2500000       422.35608
       6.3000000       383.51243
       6.3500000       350.72867
       6.4000000       331.10927
       6.4500000       323.24711
       6.5000000       318.61269
       6.5500000       307.85516
       6.6000000       286.99692
       6.6500000       259.10940
       6.7000000       230.89757
       6.7500000       207.44004
       6.8000000       189.24072
       6.8500000       173.34642
       6.9000000       156.89848
       6.9500000       139.82513
       7.0000000       124.60355
       7.0500000       113.74427
       7.1000000       107.46770
       7.1500000       103.59471
       7.2000000       99.544422
       7.2500000       94.515686
       7.3000000       89.938873
       7.3500000       87.907198
       7.4000000       89.067444
       7.4500000       91.806273
       7.5000000       93.364001
       7.5500000       91.866276
       7.6000000       87.600965
       7.6500000       82.634720
       7.7000000       79.267838
       7.7500000       78.656433
       7.8000000       80.552847
       7.8500000       84.051368
       7.9000000       88.433209
       7.9500000       93.350903
       8.0000000       98.375175
       8.0500000       102.57448
       8.1000000       104.73425
       8.1500000       104.16444
       8.2000000       101.47285
       8.2500000       98.650821
       8.3000000       98.360760
       8.3500000       102.84197
       8.4000000       113.00437
       8.4500000       128.03599
       8.5000000       145.53017
       8.5500000       162.04814
       8.6000000       174.08632
       8.6500000       179.30626
       8.7000000       177.60328
       8.7500000       171.32975
       8.8000000       164.26988
       8.8500000       159.69278
       8.9000000       158.61855
       8.9500000       159.47260
       9.0000000       159.46857
       9.0500000       156.78020
       9.1000000       151.92536
       9.1500000       147.33922
       9.2000000       145.47284
       9.2500000       146.94020
       9.3000000       150.13812
       9.3500000       152.58821
       9.4000000       152.82895
       9.4500000       151.29145
       9.5000000       149.50341
       9.5500000       148.41941
       9.6000000       147.39519
       9.6500000       144.75961
       9.7000000       139.50375
       9.7500000       132.59506
       9.8000000       126.70686
       9.8500000       124.45888
       9.9000000       126.53208
       9.9500000       131.17135
       10.000000       135.48210
       10.050000       137.52080
       10.100000       137.59453
       10.150000       137.85250
       10.200000       140.58482
       10.250000       146.55655
       10.300000       154.54919
       10.350000       162.28705
       10.400000       167.96257
       10.450000       171.31774
       10.500000       173.71697
       10.550000       177.35928
       10.600000       184.17127
       10.650000       194.87285
       10.700000       208.51373
       10.750000       222.63802
       10.800000       234.14727
       10.850000       240.70618
       10.900000       242.08002
       10.950000       240.59020
       11.000000       240.12591
       11.050000       244.07767
       11.100000       253.37918
       11.150000       265.98377
       11.200000       278.20931
       11.250000       287.06629
       11.300000       291.99748
       11.350000       294.90652
       11.400000       298.71778
       11.450000       305.76553
       11.500000       317.26044
       11.550000       333.96093
       11.600000       356.97378
       11.650000       387.47855
       11.700000       425.19169
       11.750000       466.76513
       11.800000       505.72625
       11.850000       534.59265
       11.900000       548.12581
       11.950000       545.72241
       12.000000       531.43007
       12.050000       511.68188
       12.100000       492.30467
       12.150000       476.57995
       12.200000       465.13774
       12.250000       457.16067
       12.300000       451.77324
       12.350000       448.84189
       12.400000       449.13203
       12.450000       454.08590
       12.500000       465.29689
       12.550000       483.56514
       12.600000       507.70633
       12.650000       533.93445
       12.700000       556.79510
       12.750000       571.80199
       12.800000       578.39496
       12.850000       580.99593
       12.900000       586.73753
       12.950000       600.75327
       13.000000       622.02678
       13.050000       642.93624
       13.100000       653.32475
       13.150000       646.71422
       13.200000       624.56482
       13.250000       595.71634
       13.300000       571.44636
       13.350000       559.53217
       13.400000       561.09590
       13.450000       571.72479
       13.500000       585.29746
       13.550000       597.48971
       13.600000       606.94013
       13.650000       614.31095
       13.700000       620.92551
       13.750000       628.24510
       13.800000       637.91870
       13.850000       651.26710
       13.900000       667.81979
       13.950000       684.08051
       14.000000       694.29487
       14.050000       693.66228
       14.100000       682.09933
       14.150000       665.50164
       14.200000       652.90364
       14.250000       651.08197
       14.300000       660.50934
       14.350000       675.83490
       14.400000       690.62739
       14.450000       702.62499
       14.500000       715.20360
       14.550000       733.82272
       14.600000       760.44524
       14.650000       790.80074
       14.700000       817.08191
       14.750000       834.12852
       14.800000       844.05603
       14.850000       855.22970
       14.900000       876.07989
       14.950000       908.43706
       15.000000       945.69286
       15.050000       977.26305
       15.100000       995.86717
       15.150000       1002.0943
       15.200000       1002.9548
       15.250000       1006.1005
       15.300000       1014.5496
       15.350000       1025.9925
       15.400000       1036.5702
       15.450000       1045.3042
       15.500000       1055.1915
       15.550000       1070.0864
       15.600000       1090.4584
       15.650000       1111.9332
       15.700000       1128.0036
       15.750000       1134.5864
       15.800000       1132.4581
       15.850000       1125.6109
       15.900000       1117.3521
       15.950000       1107.9251
       16.000000       1095.9882
       16.050000       1082.4419
       16.100000       1072.6516
       16.150000       1074.0448
       16.200000       1090.1496
       16.250000       1115.6731
       16.300000       1137.2045
       16.350000       1140.0514
       16.400000       1117.0554
       16.450000       1073.3119
       16.500000       1023.4560
       16.550000       983.42137
       16.600000       962.32421
       16.650000       959.34786
       16.700000       966.85698
       16.750000       976.43216
       16.800000       983.29880
       16.850000       986.90957
       16.900000       988.68477
       16.950000       989.81165
       17.000000       990.82145
       17.050000       992.45433
       17.100000       995.92936
       17.150000       1001.6453
       17.200000       1007.4652
       17.250000       1008.7224
       17.300000       1000.9334
       17.350000       983.53479
       17.400000       961.67955
       17.450000       943.92827
       17.500000       936.91125
       17.550000       940.68923
       17.600000       948.19322
       17.650000       949.61682
       17.700000       938.76951
       17.750000       917.12208
       17.800000       892.87698
       17.850000       875.86403
       17.900000       871.94337
       17.950000       880.38655
       18.000000       895.42746
       18.050000       910.23605
       18.100000       920.28942
       18.150000       924.39375
       18.200000       923.44724
       18.250000       918.65508
       18.300000       910.64911
       18.350000       899.76558
       18.400000       886.61548
       18.450000       872.15923
       18.500000       857.22662
       18.550000       842.07302
       18.600000       826.63660
       18.650000       811.24153
       18.700000       797.09480
       18.750000       785.86955
       18.800000       778.66740
       18.850000       775.17480
       18.900000       773.83023
       18.950000       773.00336
       19.000000       772.30345
       19.050000       773.01544
       19.100000       777.31697
       19.150000       786.91337
       19.200000       802.14637
       19.250000       822.19274
       19.300000       846.02807
       19.350000       873.18952
       19.400000       903.56514
       19.450000       936.28635
       19.500000       968.64608
       19.550000       996.06693
       19.600000       1013.5069
       19.650000       1017.5567
       19.700000       1008.0671
       19.750000       988.27756
       19.800000       963.47231
       19.850000       938.94842
       19.900000       918.48458
       19.950000       903.92662
       20.000000       895.65357
       20.050000       893.24871
       20.100000       895.60893
       20.150000       900.61257
       20.200000       904.90422
       20.250000       904.54018
       20.300000       896.65093
       20.350000       881.18854
       20.400000       861.64998
       20.450000       843.78712
       20.500000       832.81285
       20.550000       830.54994
       20.600000       834.38133
       20.650000       838.82190
       20.700000       838.87678
       20.750000       833.07591
       20.800000       824.19661
       20.850000       817.10752
       20.900000       815.17207
       20.950000       817.61864
       21.000000       819.71507
       21.050000       815.69270
       21.100000       802.46065
       21.150000       781.64814
       21.200000       758.64224
       21.250000       739.35614
       21.300000       726.95351
       21.350000       720.66933
       21.400000       717.33699
       21.450000       714.33905
       21.500000       711.80540
       21.550000       712.53970
       21.600000       719.79966
       21.650000       734.57202
       21.700000       754.24887
       21.750000       773.63412
       21.800000       787.63377
       21.850000       793.93295
       21.900000       794.04271
       21.950000       792.16251
       22.000000       792.62936
       22.050000       797.44530
       22.100000       805.22370
       22.150000       811.97473
       22.200000       813.15868
       22.250000       805.85080
       22.300000       789.96107
       22.350000       768.07436
       22.400000       744.18672
       22.450000       722.11122
       22.500000       704.30141
       22.550000       691.50035
       22.600000       683.13108
       22.650000       678.00305
       22.700000       674.90742
       22.750000       672.84940
       22.800000       670.98200
       22.850000       668.46555
       22.900000       664.44976
       22.950000       658.25924
       23.000000       649.67813
       23.050000       639.16595
       23.100000       627.85362
       23.150000       617.26791
       23.200000       608.83388
       23.250000       603.34400
       23.300000       600.61132
       23.350000       599.50822
       23.400000       598.41866
       23.450000       595.90403
       23.500000       591.25200
       23.550000       584.59573
       23.600000       576.57915
       23.650000       567.83962
       23.700000       558.71153
       23.750000       549.36794
       23.800000       540.25412
       23.850000       532.37914
       23.900000       527.10073
       23.950000       525.42176
       24.000000       527.23830
       24.050000       531.09420
       24.100000       534.70278
       24.150000       535.98442
       24.200000       534.04348
       24.250000       529.54913
       24.300000       524.39805
       24.350000       520.90582
       24.400000       520.91351
       24.450000       525.10857
       24.500000       532.66964
       24.550000       541.32063
       24.600000       547.90812
       24.650000       549.50953
       24.700000       544.77152
       24.750000       534.79278
       24.800000       522.89323
       24.850000       513.13328
       24.900000       508.28477
       24.950000       508.48052
       25.000000       511.44333
       25.050000       514.16174
       25.100000       514.84775
       25.150000       513.76294
       25.200000       512.37996
       25.250000       511.62517
       25.300000       510.71927
       25.350000       507.65621
       25.400000       501.00250
       25.450000       491.55245
       25.500000       482.33216
       25.550000       476.72264
       25.600000       475.97261
       25.650000       478.01563
       25.700000       478.60943
       25.750000       474.12899
       25.800000       464.06135
       25.850000       451.42749
       25.900000       440.83885
       25.950000       435.55093
       26.000000       435.54069
       26.050000       437.79884
       26.100000       438.47131
       26.150000       435.27690
       26.200000       428.66599
       26.250000       421.18432
       26.300000       415.72700
       26.350000       413.90278
       26.400000       415.39589
       26.450000       418.41981
       26.500000       420.77345
       26.550000       420.86309
       26.600000       418.31078
       26.650000       414.03669
       26.700000       409.83760
       26.750000       407.60762
       26.800000       408.44839
       26.850000       412.10855
       26.900000       417.09828
       26.950000       421.48836
       27.000000       423.92432
       27.050000       424.18775
       27.100000       422.92147
       27.150000       420.78369
       27.200000       417.74185
       27.250000       413.12201
       27.300000       406.38342
       27.350000       397.95780
       27.400000       389.37083
       27.450000       382.44492
       27.500000       378.13497
       27.550000       375.89072
       27.600000       374.05369
       27.650000       370.99685
       27.700000       366.16224
       27.750000       360.27210
       27.800000       354.67685
       27.850000       350.42837
       27.900000       347.78021
       27.950000       346.35331
       28.000000       345.62962
       28.050000       345.27034
       28.100000       345.05045
       28.150000       344.65934
       28.200000       343.72710
       28.250000       342.14983
       28.300000       340.39512
       28.350000       339.36008
       28.400000       339.76400
       28.450000       341.50298
       28.500000       343.55185
       28.550000       344.59714
       28.600000       343.96418
       28.650000       342.12642
       28.700000       340.38049
       28.750000       339.91912
       28.800000       341.01747
       28.850000       342.91487
       28.900000       344.40506
       28.950000       344.60519
       29.000000       343.33196
       29.050000       340.93844
       29.100000       337.93135
       29.150000       334.79768
       29.200000       332.11585
       29.250000       330.64432
       29.300000       331.04605
       29.350000       333.30017
       29.400000       336.29957
       29.450000       338.12965
       29.500000       337.05144
       29.550000       332.57392
       29.600000       325.82545
       29.650000       318.90100
       29.700000       313.60393
       29.750000       310.48416
       29.800000       308.81323
       29.850000       307.40756
       29.900000       305.59906
       29.950000       303.61605
       30.000000       302.20086
