       0.0000000       0.0000000
     0.050000000     0.059439818
      0.10000000      0.17772422
      0.15000000      0.26258454
      0.20000000      0.34140608
      0.25000000      0.57400498
      0.30000000       1.0790760
      0.35000000       1.7626399
      0.40000000       2.3754216
      0.45000000       2.7916416
      0.50000000       3.2270991
      0.55000000       4.1176526
      0.60000000       5.7122193
      0.65000000       7.7822050
      0.70000000       9.8189738
      0.75000000       11.631210
      0.80000000       13.781023
      0.85000000       17.334283
      0.90000000       23.032893
      0.95000000       30.687351
       1.0000000       39.605817
       1.0500000       49.998015
       1.1000000       64.170620
       1.1500000       86.030770
       1.2000000       118.47009
       1.2500000       160.01389
       1.3000000       203.23667
       1.3500000       236.74427
       1.4000000       250.21370
       1.4500000       239.67270
       1.5000000       209.67033
       1.5500000       170.85122
       1.6000000       134.42567
       1.6500000       107.03063
       1.7000000       88.999948
       1.7500000       76.550414
       1.8000000       65.744495
       1.8500000       55.228883
       1.9000000       46.169179
       1.9500000       40.145327
       2.0000000       37.189670
       2.0500000       35.621034
       2.1000000       33.536102
       2.1500000       30.402128
       2.2000000       27.281341
       2.2500000       25.592381
       2.3000000       25.648378
       2.3500000       26.331172
       2.4000000       26.143447
       2.4500000       24.605554
       2.5000000       22.693468
       2.5500000       21.944685
       2.6000000       23.094656
       2.6500000       25.503334
       2.7000000       27.852543
       2.7500000       29.398314
       2.8000000       30.563208
       2.8500000       32.317781
       2.9000000       34.981615
       2.9500000       37.658314
       3.0000000       38.934452
       3.0500000       38.250763
       3.1000000       36.646541
       3.1500000       36.087390
       3.2000000       37.885374
       3.2500000       41.627696
       3.3000000       45.647981
       3.3500000       48.695013
       3.4000000       51.296776
       3.4500000       55.500025
       3.5000000       63.117539
       3.5500000       74.089019
       3.6000000       86.661359
       3.6500000       99.565568
       3.7000000       114.42844
       3.7500000       136.00957
       3.8000000       169.27469
       3.8500000       214.87581
       3.9000000       266.26967
       3.9500000       311.04731
       4.0000000       336.31787
       4.0500000       335.13837
       4.1000000       310.08512
       4.1500000       271.81947
       4.2000000       233.65578
       4.2500000       205.49274
       4.3000000       190.49027
       4.3500000       185.77117
       4.4000000       185.84534
       4.4500000       186.16017
       4.5000000       184.80538
       4.5500000       182.10846
       4.6000000       179.29441
       4.6500000       177.54393
       4.7000000       177.94225
       4.7500000       181.82221
       4.8000000       190.69513
       4.8500000       205.49650
       4.9000000       225.60524
       4.9500000       248.42361
       5.0000000       269.96465
       5.0500000       286.21560
       5.1000000       294.55018
       5.1500000       294.47354
       5.2000000       287.41796
       5.2500000       275.84899
       5.3000000       262.23721
       5.3500000       248.44624
       5.4000000       235.76791
       5.4500000       225.47879
       5.5000000       219.44883
       5.5500000       220.27744
       5.6000000       230.65733
       5.6500000       252.13251
       5.7000000       283.88927
       5.7500000       322.33910
       5.8000000       361.90721
       5.8500000       396.77247
       5.9000000       422.73426
       5.9500000       438.29400
       6.0000000       444.53844
       6.0500000       444.07121
       6.1000000       439.69800
       6.1500000       433.48450
       6.2000000       426.39098
       6.2500000       418.31711
       6.3000000       408.32615
       6.3500000       395.02382
       6.4000000       377.18455
       6.4500000       354.56204
       6.5000000       328.49729
       6.5500000       301.79943
       6.6000000       277.72080
       6.6500000       258.47480
       6.7000000       244.20013
       6.7500000       233.10538
       6.8000000       222.75887
       6.8500000       211.70525
       6.9000000       200.32172
       6.9500000       190.38890
       7.0000000       183.76208
       7.0500000       181.11464
       7.1000000       181.57912
       7.1500000       183.37118
       7.2000000       184.77418
       7.2500000       184.74071
       7.3000000       182.84963
       7.3500000       178.93439
       7.4000000       172.92285
       7.4500000       165.07121
       7.5000000       156.29542
       7.5500000       148.09774
       7.6000000       141.92990
       7.6500000       138.37120
       7.7000000       136.74355
       7.7500000       135.52286
       7.8000000       133.28264
       7.8500000       129.52000
       7.9000000       124.81312
       7.9500000       120.30143
       8.0000000       116.94787
       8.0500000       115.13590
       8.1000000       114.75576
       8.1500000       115.52013
       8.2000000       117.13885
       8.2500000       119.23858
       8.3000000       121.25152
       8.3500000       122.57315
       8.4000000       122.99200
       8.4500000       123.04673
       8.5000000       123.91439
       8.5500000       126.75987
       8.6000000       131.95124
       8.6500000       138.70919
       8.7000000       145.48769
       8.7500000       150.81004
       8.8000000       153.98667
       8.8500000       155.22891
       8.9000000       155.20077
       8.9500000       154.44774
       9.0000000       153.16460
       9.0500000       151.40846
       9.1000000       149.43946
       9.1500000       147.79198
       9.2000000       146.98114
       9.2500000       147.12215
       9.3000000       147.84617
       9.3500000       148.64636
       9.4000000       149.36248
       9.4500000       150.38120
       9.5000000       152.34128
       9.5500000       155.57356
       9.6000000       159.75099
       9.6500000       164.05823
       9.7000000       167.76592
       9.7500000       170.74348
       9.8000000       173.50802
       9.8500000       176.77773
       9.9000000       180.90694
       9.9500000       185.66288
       10.000000       190.49566
       10.050000       195.05659
       10.100000       199.54325
       10.150000       204.60836
       10.200000       210.95108
       10.250000       218.92265
       10.300000       228.39978
       10.350000       238.93500
       10.400000       249.95793
       10.450000       260.86086
       10.500000       270.98521
       10.550000       279.71230
       10.600000       286.74286
       10.650000       292.46324
       10.700000       298.05775
       10.750000       305.15160
       10.800000       315.07583
       10.850000       328.14360
       10.900000       343.40989
       10.950000       359.06546
       11.000000       373.23231
       11.050000       384.69392
       11.100000       393.18283
       11.150000       399.18786
       11.200000       403.54427
       11.250000       407.12394
       11.300000       410.74020
       11.350000       415.16978
       11.400000       421.07712
       11.450000       428.77685
       11.500000       437.96421
       11.550000       447.63525
       11.600000       456.33308
       11.650000       462.64250
       11.700000       465.68983
       11.750000       465.42604
       11.800000       462.58213
       11.850000       458.37426
       11.900000       454.10969
       11.950000       450.84869
       12.000000       449.22825
       12.050000       449.49789
       12.100000       451.77434
       12.150000       456.39966
       12.200000       464.20952
       12.250000       476.43543
       12.300000       494.15012
       12.350000       517.43994
       12.400000       544.78688
       12.450000       573.17949
       12.500000       599.11015
       12.550000       620.05035
       12.600000       635.56067
       12.650000       647.27656
       12.700000       657.65300
       12.750000       668.18859
       12.800000       678.28952
       12.850000       685.62156
       12.900000       687.84604
       12.950000       684.62968
       13.000000       678.51270
       13.050000       673.88701
       13.100000       674.55070
       13.150000       681.38112
       13.200000       691.65073
       13.250000       700.48136
       13.300000       703.64650
       13.350000       699.91353
       13.400000       691.52926
       13.450000       682.65142
       13.500000       676.83519
       13.550000       675.21878
       13.600000       676.48066
       13.650000       678.30013
       13.700000       679.20859
       13.750000       679.50458
       13.800000       680.81220
       13.850000       684.86677
       13.900000       692.44649
       13.950000       703.21880
       14.000000       716.31914
       14.050000       731.04796
       14.100000       747.02953
       14.150000       763.83905
       14.200000       780.64675
       14.250000       796.34733
       14.300000       810.27087
       14.350000       822.95156
       14.400000       836.15214
       14.450000       851.95626
       14.500000       871.30639
       14.550000       892.92930
       14.600000       913.39204
       14.650000       928.44832
       14.700000       934.97068
       14.750000       932.51752
       14.800000       923.72713
       14.850000       913.35179
       14.900000       906.49722
       14.950000       906.84114
       15.000000       915.64397
       15.050000       931.85676
       15.100000       953.15917
       15.150000       977.26122
       15.200000       1002.7342
       15.250000       1028.9667
       15.300000       1055.3046
       15.350000       1080.1398
       15.400000       1100.7116
       15.450000       1114.0662
       15.500000       1118.6959
       15.550000       1115.8959
       15.600000       1109.7197
       15.650000       1105.3691
       15.700000       1106.6701
       15.750000       1114.2111
       15.800000       1125.1674
       15.850000       1134.9329
       15.900000       1139.5403
       15.950000       1137.3835
       16.000000       1129.3599
       16.050000       1117.6986
       16.100000       1104.4310
       16.150000       1090.6743
       16.200000       1076.9052
       16.250000       1063.7913
       16.300000       1052.6066
       16.350000       1044.8396
       16.400000       1041.3177
       16.450000       1041.5263
       16.500000       1043.7680
       16.550000       1046.0473
       16.600000       1047.0191
       16.650000       1046.4110
       16.700000       1044.6768
       16.750000       1042.2383
       16.800000       1038.9458
       16.850000       1034.0753
       16.900000       1026.8673
       16.950000       1017.1597
       17.000000       1005.7372
       17.050000       994.25368
       17.100000       984.72606
       17.150000       978.86446
       17.200000       977.38415
       17.250000       979.63681
       17.300000       983.64894
       17.350000       986.75774
       17.400000       986.59163
       17.450000       982.03436
       17.500000       973.56191
       17.550000       962.80460
       17.600000       951.57532
       17.650000       941.01375
       17.700000       931.37637
       17.750000       922.56659
       17.800000       914.91040
       17.850000       909.44979
       17.900000       907.50483
       17.950000       909.74029
       18.000000       915.48738
       18.050000       922.83002
       18.100000       929.51519
       18.150000       934.08271
       18.200000       936.53075
       18.250000       938.19875
       18.300000       941.03351
       18.350000       946.75535
       18.400000       956.22077
       18.450000       969.15281
       18.500000       984.11725
       18.550000       998.68327
       18.600000       1009.9451
       18.650000       1015.3047
       18.700000       1013.4706
       18.750000       1004.9883
       18.800000       991.99699
       18.850000       977.19280
       18.900000       962.58142
       18.950000       948.77568
       19.000000       935.29996
       19.050000       921.59375
       19.100000       907.89594
       19.150000       895.35136
       19.200000       885.31884
       19.250000       878.48110
       19.300000       874.49970
       19.350000       872.45229
       19.400000       871.61189
       19.450000       871.87239
       19.500000       873.40904
       19.550000       875.91050
       19.600000       878.14303
       19.650000       878.29158
       19.700000       874.98411
       19.750000       868.17015
       19.800000       859.22719
       19.850000       850.10423
       19.900000       842.17619
       19.950000       835.63810
       20.000000       829.80211
       20.050000       823.97051
       20.100000       818.14220
       20.150000       813.00575
       20.200000       809.29290
       20.250000       807.14854
       20.300000       805.97702
       20.350000       804.95771
       20.400000       803.67277
       20.450000       802.33625
       20.500000       801.47134
       20.550000       801.37072
       20.600000       801.83172
       20.650000       802.47492
       20.700000       803.29556
       20.750000       804.92003
       20.800000       808.20993
       20.850000       813.45723
       20.900000       819.71910
       20.950000       824.91226
       21.000000       826.71051
       21.050000       823.71952
       21.100000       816.25285
       21.150000       806.16801
       21.200000       795.97853
       21.250000       787.72890
       21.300000       782.35463
       21.350000       779.68890
       21.400000       778.99961
       21.450000       779.55609
       21.500000       780.90432
       21.550000       782.72306
       21.600000       784.56010
       21.650000       785.68039
       21.700000       785.24647
       21.750000       782.68611
       21.800000       778.02493
       21.850000       771.93210
       21.900000       765.41742
       21.950000       759.38569
       22.000000       754.27156
       22.050000       749.99637
       22.100000       746.19790
       22.150000       742.53921
       22.200000       738.84868
       22.250000       735.02241
       22.300000       730.81637
       22.350000       725.77249
       22.400000       719.41513
       22.450000       711.59429
       22.500000       702.70292
       22.550000       693.51922
       22.600000       684.75115
       22.650000       676.60250
       22.700000       668.73739
       22.750000       660.74533
       22.800000       652.76607
       22.850000       645.77283
       22.900000       641.18885
       22.950000       640.02172
       23.000000       642.09950
       23.050000       645.99638
       23.100000       649.76521
       23.150000       652.01165
       23.200000       652.58058
       23.250000       652.39069
       23.300000       652.55643
       23.350000       653.44403
       23.400000       654.33419
       23.450000       653.90100
       23.500000       651.12222
       23.550000       645.96821
       23.600000       639.41328
       23.650000       632.81006
       23.700000       627.09591
       23.750000       622.34399
       23.800000       617.86355
       23.850000       612.69710
       23.900000       606.15973
       23.950000       598.15596
       24.000000       589.21483
       24.050000       580.33151
       24.100000       572.71593
       24.150000       567.46240
       24.200000       565.19035
       24.250000       565.74391
       24.300000       568.14182
       24.350000       570.87268
       24.400000       572.47153
       24.450000       572.09505
       24.500000       569.79299
       24.550000       566.33991
       24.600000       562.75073
       24.650000       559.78901
       24.700000       557.72661
       24.750000       556.42484
       24.800000       555.59834
       24.850000       555.04697
       24.900000       554.73745
       24.950000       554.73086
       25.000000       555.04880
       25.050000       555.57675
       25.100000       556.02348
       25.150000       555.95177
       25.200000       554.87209
       25.250000       552.38600
       25.300000       548.35119
       25.350000       542.98680
       25.400000       536.85117
       25.450000       530.68882
       25.500000       525.21650
       25.550000       520.95961
       25.600000       518.18741
       25.650000       516.93211
       25.700000       516.98992
       25.750000       517.89947
       25.800000       518.94366
       25.850000       519.28026
       25.900000       518.21485
       25.950000       515.48985
       26.000000       511.40418
       26.050000       506.63982
       26.100000       501.88717
       26.150000       497.50369
       26.200000       493.43668
       26.250000       489.43040
       26.300000       485.35095
       26.350000       481.35163
       26.400000       477.77305
       26.450000       474.87683
       26.500000       472.62965
       26.550000       470.72018
       26.600000       468.75619
       26.650000       466.47572
       26.700000       463.81768
       26.750000       460.83291
       26.800000       457.57411
       26.850000       454.08042
       26.900000       450.44733
       26.950000       446.86729
       27.000000       443.53531
       27.050000       440.47701
       27.100000       437.46370
       27.150000       434.16136
       27.200000       430.46205
       27.250000       426.75871
       27.300000       423.90712
       27.350000       422.83293
       27.400000       423.99932
       27.450000       427.08251
       27.500000       431.06939
       27.550000       434.70943
       27.600000       437.03746
       27.650000       437.67957
       27.700000       436.84538
       27.750000       435.12031
       27.800000       433.21961
       27.850000       431.79052
       27.900000       431.25123
       27.950000       431.62552
       28.000000       432.46372
       28.050000       432.96204
       28.100000       432.33384
       28.150000       430.27875
       28.200000       427.23471
       28.250000       424.19250
       28.300000       422.12204
       28.350000       421.36872
       28.400000       421.43531
       28.450000       421.31055
       28.500000       420.13464
       28.550000       417.72100
       28.600000       414.59756
       28.650000       411.57292
       28.700000       409.16293
       28.750000       407.30395
       28.800000       405.50679
       28.850000       403.29292
       28.900000       400.56096
       28.950000       397.65632
       29.000000       395.15194
       29.050000       393.55675
       29.100000       393.13344
       29.150000       393.86920
       29.200000       395.49733
       29.250000       397.49571
       29.300000       399.10846
       29.350000       399.49555
       29.400000       398.04817
       29.450000       394.73119
       29.500000       390.21563
       29.550000       385.64445
       29.600000       382.13466
       29.650000       380.29104
       29.700000       380.03932
       29.750000       380.85009
       29.800000       382.14966
       29.850000       383.62704
       29.900000       385.25041
       29.950000       387.05744
       30.000000       388.94130
