       0.0000000       0.0000000
     0.050000000    -0.026478313
      0.10000000    -0.033948685
      0.15000000     0.096195944
      0.20000000      0.35201211
      0.25000000      0.55289917
      0.30000000      0.52821257
      0.35000000      0.34172140
      0.40000000      0.30154742
      0.45000000      0.68677075
      0.50000000       1.4283503
      0.55000000       2.0888289
      0.60000000       2.2396606
      0.65000000       1.9300977
      0.70000000       1.7727250
      0.75000000       2.4627187
      0.80000000       4.0954388
      0.85000000       5.9420248
      0.90000000       7.0299573
      0.95000000       7.1363574
       1.0000000       7.2849240
       1.0500000       9.1136292
       1.1000000       13.464918
       1.1500000       19.449899
       1.2000000       25.143331
       1.2500000       29.805520
       1.3000000       35.977366
       1.3500000       49.318266
       1.4000000       75.368433
       1.4500000       114.81181
       1.5000000       160.51959
       1.5500000       199.10160
       1.6000000       216.91181
       1.6500000       207.24662
       1.7000000       174.22465
       1.7500000       130.69028
       1.8000000       91.314910
       1.8500000       65.228470
       1.9000000       52.702705
       1.9500000       47.493101
       2.0000000       42.562236
       2.0500000       34.899830
       2.1000000       26.338258
       2.1500000       20.565160
       2.2000000       19.305397
       2.2500000       20.834861
       2.3000000       21.699620
       2.3500000       19.786739
       2.4000000       15.966515
       2.4500000       13.006756
       2.5000000       12.918219
       2.5500000       15.171194
       2.6000000       17.305549
       2.6500000       17.254626
       2.7000000       15.208475
       2.7500000       13.343944
       2.8000000       13.730172
       2.8500000       16.372083
       2.9000000       19.196910
       2.9500000       19.993122
       3.0000000       18.516417
       3.0500000       16.814172
       3.1000000       17.439869
       3.1500000       21.162105
       3.2000000       26.258173
       3.2500000       30.055111
       3.3000000       31.321105
       3.3500000       31.300377
       3.4000000       32.402579
       3.4500000       35.739059
       3.5000000       39.845864
       3.5500000       41.931632
       3.6000000       40.653339
       3.6500000       37.862470
       3.7000000       37.502782
       3.7500000       42.378364
       3.8000000       51.653854
       3.8500000       61.662018
       3.9000000       69.860905
       3.9500000       78.793957
       4.0000000       96.287485
       4.0500000       130.71029
       4.1000000       184.07470
       4.1500000       247.96195
       4.2000000       305.76253
       4.2500000       340.45925
       4.3000000       343.24909
       4.3500000       317.63301
       4.4000000       276.66828
       4.4500000       235.58006
       4.5000000       204.61290
       4.5500000       186.16277
       4.6000000       176.82706
       4.6500000       171.76555
       4.7000000       167.93202
       4.7500000       164.49282
       4.8000000       161.30357
       4.8500000       157.58899
       4.9000000       152.19792
       4.9500000       144.97646
       5.0000000       137.65188
       5.0500000       133.04878
       5.1000000       133.01393
       5.1500000       136.67708
       5.2000000       140.58413
       5.2500000       140.89837
       5.3000000       136.29897
       5.3500000       129.61283
       5.4000000       126.98473
       5.4500000       134.92593
       5.5000000       156.94976
       5.5500000       191.78727
       5.6000000       234.27993
       5.6500000       278.47022
       5.7000000       321.00152
       5.7500000       362.58501
       5.8000000       406.28494
       5.8500000       453.38362
       5.9000000       499.44606
       5.9500000       533.62389
       6.0000000       542.61794
       6.0500000       517.74807
       6.1000000       461.09956
       6.1500000       386.63607
       6.2000000       314.82722
       6.2500000       263.42096
       6.3000000       239.57473
       6.3500000       237.90567
       6.4000000       245.30184
       6.4500000       249.09082
       6.5000000       243.31867
       6.5500000       229.66565
       6.6000000       213.50657
       6.6500000       198.82330
       6.7000000       185.83115
       6.7500000       172.48922
       6.8000000       157.81711
       6.8500000       143.77151
       6.9000000       134.02905
       6.9500000       130.89223
       7.0000000       133.12916
       7.0500000       136.67158
       7.1000000       137.57115
       7.1500000       134.70683
       7.2000000       130.04162
       7.2500000       126.39627
       7.3000000       124.82069
       7.3500000       123.86266
       7.4000000       121.26422
       7.4500000       116.44600
       7.5000000       111.44200
       7.5500000       109.35467
       7.6000000       111.59036
       7.6500000       116.26651
       7.7000000       119.23649
       7.7500000       117.03549
       7.8000000       109.44475
       7.8500000       99.697831
       7.9000000       92.217804
       7.9500000       89.654958
       8.0000000       91.391560
       8.0500000       94.408011
       8.1000000       95.593978
       8.1500000       93.704187
       8.2000000       89.719827
       8.2500000       85.755261
       8.3000000       83.614007
       8.3500000       84.031465
       8.4000000       86.814820
       8.4500000       91.357973
       8.5000000       96.975796
       8.5500000       102.94855
       8.6000000       108.55653
       8.6500000       113.31295
       8.7000000       117.21462
       8.7500000       120.67041
       8.8000000       124.03312
       8.8500000       127.10793
       8.9000000       129.15892
       8.9500000       129.52494
       9.0000000       128.36473
       9.0500000       126.85390
       9.1000000       126.55718
       9.1500000       128.43249
       9.2000000       132.24727
       9.2500000       136.84497
       9.3000000       140.98084
       9.3500000       143.98573
       9.4000000       145.76963
       9.4500000       146.36384
       9.5000000       145.62292
       9.5500000       143.49312
       9.6000000       140.57205
       9.6500000       138.27022
       9.7000000       138.18164
       9.7500000       141.07161
       9.8000000       146.37936
       9.8500000       152.80934
       9.9000000       159.57519
       9.9500000       167.18298
       10.000000       176.88274
       10.050000       189.10133
       10.100000       202.19471
       10.150000       212.81738
       10.200000       217.93005
       10.250000       217.04208
       10.300000       212.89568
       10.350000       209.90725
       10.400000       211.45305
       10.450000       218.00944
       10.500000       227.48035
       10.550000       237.28054
       10.600000       246.35265
       10.650000       255.48696
       10.700000       265.83815
       10.750000       277.12634
       10.800000       287.24154
       10.850000       293.71305
       10.900000       295.79265
       10.950000       295.33605
       11.000000       295.62252
       11.050000       299.04194
       11.100000       305.51857
       11.150000       312.94756
       11.200000       319.20138
       11.250000       323.98000
       11.300000       328.95474
       11.350000       336.15908
       11.400000       346.05842
       11.450000       356.97196
       11.500000       366.32505
       11.550000       372.65460
       11.600000       376.66893
       11.650000       380.51861
       11.700000       385.94373
       11.750000       392.86635
       11.800000       399.59690
       11.850000       404.43297
       11.900000       407.32736
       11.950000       410.27737
       12.000000       416.13788
       12.050000       426.77115
       12.100000       441.85012
       12.150000       459.05222
       12.200000       475.36563
       12.250000       488.56365
       12.300000       498.02029
       12.350000       504.60083
       12.400000       509.90558
       12.450000       515.32265
       12.500000       521.25559
       12.550000       526.78206
       12.600000       529.94757
       12.650000       528.78300
       12.700000       522.72493
       12.750000       513.70624
       12.800000       506.05407
       12.850000       504.86572
       12.900000       513.48379
       12.950000       531.44214
       13.000000       554.20474
       13.050000       575.03079
       13.100000       588.06015
       13.150000       590.96040
       13.200000       585.73431
       13.250000       577.39321
       13.300000       571.33184
       13.350000       570.85548
       13.400000       576.03986
       13.450000       584.33559
       13.500000       592.42534
       13.550000       598.29829
       13.600000       602.41030
       13.650000       607.25039
       13.700000       615.44149
       13.750000       627.41641
       13.800000       640.17210
       13.850000       648.16672
       13.900000       646.27042
       13.950000       633.09288
       14.000000       612.53758
       14.050000       592.24277
       14.100000       579.61331
       14.150000       577.82347
       14.200000       584.57011
       14.250000       594.37470
       14.300000       602.93020
       14.350000       610.31089
       14.400000       620.74623
       14.450000       639.04339
       14.500000       666.41595
       14.550000       698.85434
       14.600000       729.38728
       14.650000       752.71112
       14.700000       768.75598
       14.750000       782.67074
       14.800000       801.17644
       14.850000       827.93471
       14.900000       861.17143
       14.950000       894.98403
       15.000000       923.18235
       15.050000       942.80908
       15.100000       955.01560
       15.150000       963.09986
       15.200000       969.53331
       15.250000       974.28487
       15.300000       975.47687
       15.350000       971.55328
       15.400000       963.11888
       15.450000       952.98685
       15.500000       944.54220
       15.550000       939.70796
       15.600000       937.98581
       15.650000       937.22371
       15.700000       935.37826
       15.750000       931.99323
       15.800000       928.32246
       15.850000       926.13748
       15.900000       926.08516
       15.950000       926.76312
       16.000000       925.20598
       16.050000       918.45495
       16.100000       905.30156
       16.150000       887.05745
       16.200000       867.06449
       16.250000       849.23309
       16.300000       836.56960
       16.350000       830.48775
       16.400000       830.95496
       16.450000       837.04779
       16.500000       847.21861
       16.550000       859.17817
       16.600000       869.84437
       16.650000       876.04221
       16.700000       875.94050
       16.750000       870.48757
       16.800000       863.54592
       16.850000       860.12211
       16.900000       863.39665
       16.950000       872.38497
       17.000000       881.89686
       17.050000       885.06968
       17.100000       877.08677
       17.150000       857.72859
       17.200000       831.36876
       17.250000       804.69428
       17.300000       783.84409
       17.350000       772.75311
       17.400000       773.10544
       17.450000       784.99695
       17.500000       807.06951
       17.550000       835.84957
       17.600000       865.27832
       17.650000       887.68675
       17.700000       896.47275
       17.750000       889.08986
       17.800000       868.40687
       17.850000       841.32664
       17.900000       815.50281
       17.950000       796.27049
       18.000000       785.48465
       18.050000       782.44903
       18.100000       785.60209
       18.150000       793.28646
       18.200000       803.41410
       18.250000       812.98416
       18.300000       818.74332
       18.350000       819.02834
       18.400000       815.35903
       18.450000       812.10059
       18.500000       813.81981
       18.550000       821.97981
       18.600000       833.40958
       18.650000       841.85459
       18.700000       841.70276
       18.750000       831.20412
       18.800000       813.09246
       18.850000       792.35276
       18.900000       773.16288
       18.950000       757.23474
       19.000000       744.45636
       19.050000       734.61007
       19.100000       728.35333
       19.150000       726.47386
       19.200000       728.30760
       19.250000       731.04906
       19.300000       730.89576
       19.350000       725.25917
       19.400000       714.29551
       19.450000       700.51831
       19.500000       686.96686
       19.550000       675.60221
       19.600000       667.22342
       19.650000       662.64602
       19.700000       663.56948
       19.750000       671.80631
       19.800000       687.17943
       19.850000       705.93831
       19.900000       721.51852
       19.950000       727.66513
       20.000000       721.94512
       20.050000       707.02970
       20.100000       688.74206
       20.150000       672.31267
       20.200000       659.60125
       20.250000       649.21055
       20.300000       639.05034
       20.350000       628.99221
       20.400000       621.37992
       20.450000       619.05848
       20.500000       622.69742
       20.550000       629.69029
       20.600000       635.52152
       20.650000       636.45340
       20.700000       631.44098
       20.750000       622.02275
       20.800000       610.71445
       20.850000       599.51993
       20.900000       589.76035
       20.950000       582.93394
       21.000000       581.28168
       21.050000       587.03425
       21.100000       600.69620
       21.150000       619.85680
       21.200000       639.81574
       21.250000       655.88658
       21.300000       665.80897
       21.350000       670.50747
       21.400000       672.66720
       21.450000       674.28288
       21.500000       675.04755
       21.550000       672.70744
       21.600000       664.93820
       21.650000       651.20600
       21.700000       633.25277
       21.750000       614.04240
       21.800000       596.14148
       21.850000       580.74824
       21.900000       567.86449
       21.950000       557.15402
       22.000000       548.62742
       22.050000       542.67947
       22.100000       539.64788
       22.150000       539.42030
       22.200000       541.42271
       22.250000       544.88311
       22.300000       549.03171
       22.350000       553.06835
       22.400000       556.02897
       22.450000       556.83132
       22.500000       554.60098
       22.550000       549.09793
       22.600000       540.93244
       22.650000       531.43117
       22.700000       522.22917
       22.750000       514.79543
       22.800000       510.04827
       22.850000       508.10477
       22.900000       508.25038
       22.950000       509.19469
       23.000000       509.66264
       23.050000       509.05786
       23.100000       507.76561
       23.150000       506.75544
       23.200000       506.62702
       23.250000       506.79495
       23.300000       505.56343
       23.350000       501.23849
       23.400000       493.57388
       23.450000       484.39457
       23.500000       476.74276
       23.550000       472.98930
       23.600000       473.22895
       23.650000       475.16660
       23.700000       475.61881
       23.750000       472.51989
       23.800000       465.98582
       23.850000       457.74497
       23.900000       449.59302
       23.950000       442.19111
       24.000000       435.14409
       24.050000       428.09121
       24.100000       421.68629
       24.150000       417.50001
       24.200000       416.89889
       24.250000       419.90195
       24.300000       425.03510
       24.350000       430.30436
       24.400000       434.44564
       24.450000       437.39016
       24.500000       439.69368
       24.550000       441.62291
       24.600000       442.89358
       24.650000       443.35128
       24.700000       443.89313
       24.750000       446.55045
       24.800000       453.33916
       24.850000       464.60869
       24.900000       478.20661
       24.950000       490.22251
       25.000000       496.86268
       25.050000       496.15143
       25.100000       488.37633
       25.150000       475.30307
       25.200000       459.10198
       25.250000       441.93280
       25.300000       426.20771
       25.350000       414.70220
       25.400000       409.75308
       25.450000       411.76610
       25.500000       418.23395
       25.550000       424.46142
       25.600000       425.95417
       25.650000       421.02407
       25.700000       411.73610
       25.750000       402.40458
       25.800000       396.65384
       25.850000       395.11755
       25.900000       395.36451
       25.950000       393.92848
       26.000000       388.80813
       26.050000       380.61959
       26.100000       371.77286
       26.150000       364.60656
       26.200000       360.01599
       26.250000       357.46222
       26.300000       355.99801
       26.350000       355.21066
       26.400000       355.29042
       26.450000       356.38181
       26.500000       358.02529
       26.550000       359.29157
       26.600000       359.46938
       26.650000       358.60556
       26.700000       357.35722
       26.750000       356.32766
       26.800000       355.52750
       26.850000       354.49685
       26.900000       352.91043
       26.950000       351.03608
       27.000000       349.52760
       27.050000       348.73513
       27.100000       348.21888
       27.150000       347.03164
       27.200000       344.60372
       27.250000       341.45029
       27.300000       338.99384
       27.350000       338.54419
       27.400000       340.23816
       27.450000       342.84718
       27.500000       344.64214
       27.550000       344.63446
       27.600000       343.19147
       27.650000       341.57469
       27.700000       340.83673
       27.750000       341.02076
       27.800000       341.27943
       27.850000       340.73026
       27.900000       339.28361
       27.950000       337.76744
       28.000000       337.33755
       28.050000       338.69931
       28.100000       341.72140
       28.150000       345.58352
       28.200000       349.16978
       28.250000       351.38732
       28.300000       351.36793
       28.350000       348.73586
       28.400000       343.96821
       28.450000       338.55772
       28.500000       334.55876
       28.550000       333.51018
       28.600000       335.34173
       28.650000       338.13258
       28.700000       339.11348
       28.750000       336.36031
       28.800000       330.02381
       28.850000       322.17078
       28.900000       315.35352
       28.950000       310.98686
       29.000000       308.70457
       29.050000       307.04937
       29.100000       304.77183
       29.150000       301.61913
       29.200000       298.08410
       29.250000       294.56809
       29.300000       290.92146
       29.350000       286.84640
       29.400000       282.73293
       29.450000       279.95524
       29.500000       280.10305
       29.550000       283.64321
       29.600000       289.17919
       29.650000       294.09977
       29.700000       296.27780
       29.750000       295.51057
       29.800000       293.52462
       29.850000       292.51702
       29.900000       293.42072
       29.950000       295.30129
       30.000000       296.36012
