       0.0000000       0.0000000
     0.050000000    0.0089473256
      0.10000000     0.035673613
      0.15000000     0.082389075
      0.20000000      0.15210963
      0.25000000      0.24717741
      0.30000000      0.37584326
      0.35000000      0.54872592
      0.40000000      0.77543264
      0.45000000       1.0784722
      0.50000000       1.4916585
      0.55000000       2.0524308
      0.60000000       2.8271180
      0.65000000       3.9148095
      0.70000000       5.4142709
      0.75000000       7.4066450
      0.80000000       9.8145017
      0.85000000       12.108229
      0.90000000       13.394969
      0.95000000       13.149407
       1.0000000       11.728273
       1.0500000       9.9339091
       1.1000000       8.2970627
       1.1500000       6.9634328
       1.2000000       5.9410195
       1.2500000       5.1859023
       1.3000000       4.6197090
       1.3500000       4.1996468
       1.4000000       3.9050240
       1.4500000       3.6960550
       1.5000000       3.5527716
       1.5500000       3.4776317
       1.6000000       3.4515158
       1.6500000       3.4604766
       1.7000000       3.5159242
       1.7500000       3.6106762
       1.8000000       3.7311549
       1.8500000       3.8923802
       1.9000000       4.0975751
       1.9500000       4.3328324
       2.0000000       4.6137583
       2.0500000       4.9540257
       2.1000000       5.3413934
       2.1500000       5.7924148
       2.2000000       6.3353657
       2.2500000       6.9669146
       2.3000000       7.7113066
       2.3500000       8.6236200
       2.4000000       9.7279212
       2.4500000       11.075856
       2.5000000       12.773665
       2.5500000       14.889429
       2.6000000       17.466968
       2.6500000       20.504004
       2.7000000       23.823133
       2.7500000       27.327375
       2.8000000       31.414652
       2.8500000       36.776803
       2.9000000       43.962442
       2.9500000       53.060933
       3.0000000       62.899766
       3.0500000       70.760278
       3.1000000       74.308414
       3.1500000       73.803801
       3.2000000       71.548682
       3.2500000       69.845448
       3.3000000       70.206581
       3.3500000       73.615940
       3.4000000       80.486672
       3.4500000       89.894805
       3.5000000       98.790209
       3.5500000       103.28963
       3.6000000       102.10978
       3.6500000       97.661234
       3.7000000       92.791634
       3.7500000       88.060032
       3.8000000       82.953664
       3.8500000       77.887048
       3.9000000       74.060323
       3.9500000       72.363445
       4.0000000       72.862660
       4.0500000       74.977640
       4.1000000       78.050168
       4.1500000       81.770014
       4.2000000       86.317562
       4.2500000       92.464239
       4.3000000       101.41755
       4.3500000       114.45279
       4.4000000       132.87409
       4.4500000       158.22620
       4.5000000       192.46990
       4.5500000       238.17129
       4.6000000       298.09190
       4.6500000       372.73947
       4.7000000       455.17893
       4.7500000       526.68060
       4.8000000       562.18876
       4.8500000       547.70436
       4.9000000       493.19266
       4.9500000       424.23230
       5.0000000       361.92302
       5.0500000       313.69725
       5.1000000       278.26359
       5.1500000       251.99211
       5.2000000       231.54832
       5.2500000       215.26483
       5.3000000       202.95266
       5.3500000       193.88984
       5.4000000       186.10104
       5.4500000       178.19736
       5.5000000       171.11243
       5.5500000       167.47141
       5.6000000       169.61575
       5.6500000       178.23176
       5.7000000       191.68619
       5.7500000       206.46987
       5.8000000       220.04900
       5.8500000       233.23623
       5.9000000       247.88420
       5.9500000       263.64697
       6.0000000       279.10548
       6.0500000       292.97285
       6.1000000       301.70045
       6.1500000       299.98636
       6.2000000       286.46907
       6.2500000       265.93905
       6.3000000       244.79847
       6.3500000       226.92244
       6.4000000       213.58933
       6.4500000       204.29042
       6.5000000       196.77995
       6.5500000       187.81006
       6.6000000       175.25187
       6.6500000       159.90846
       6.7000000       144.57975
       6.7500000       131.15251
       6.8000000       119.51217
       6.8500000       109.07394
       6.9000000       99.915853
       6.9500000       92.363676
       7.0000000       86.487879
       7.0500000       82.162601
       7.1000000       79.356818
       7.1500000       78.254379
       7.2000000       78.778378
       7.2500000       80.012713
       7.3000000       80.572713
       7.3500000       79.674210
       7.4000000       77.727343
       7.4500000       75.897847
       7.5000000       75.038236
       7.5500000       75.065493
       7.6000000       75.380434
       7.6500000       75.543941
       7.7000000       75.470218
       7.7500000       75.458511
       7.8000000       76.147736
       7.8500000       78.084981
       7.9000000       81.226779
       7.9500000       84.924626
       8.0000000       88.342949
       8.0500000       90.930783
       8.1000000       92.577710
       8.1500000       93.466335
       8.2000000       93.915733
       8.2500000       94.220832
       8.3000000       94.546676
       8.3500000       95.111469
       8.4000000       96.165613
       8.4500000       97.417693
       8.5000000       98.032684
       8.5500000       97.692901
       8.6000000       97.117095
       8.6500000       97.273797
       8.7000000       98.566305
       8.7500000       100.87451
       8.8000000       104.01283
       8.8500000       107.94973
       8.9000000       112.47781
       8.9500000       116.87327
       9.0000000       120.21893
       9.0500000       121.89692
       9.1000000       121.65764
       9.1500000       119.78888
       9.2000000       117.27078
       9.2500000       115.16824
       9.3000000       113.88506
       9.3500000       113.26239
       9.4000000       113.03880
       9.4500000       113.04451
       9.5000000       113.30925
       9.5500000       114.05994
       9.6000000       115.47623
       9.6500000       117.44775
       9.7000000       119.53504
       9.7500000       121.24698
       9.8000000       122.52826
       9.8500000       123.86720
       9.9000000       125.88087
       9.9500000       129.00979
       10.000000       133.47212
       10.050000       139.13491
       10.100000       145.43216
       10.150000       151.61605
       10.200000       157.18503
       10.250000       162.11879
       10.300000       166.60655
       10.350000       170.60404
       10.400000       173.96931
       10.450000       176.99762
       10.500000       180.41045
       10.550000       184.77309
       10.600000       190.02551
       10.650000       195.47990
       10.700000       200.38988
       10.750000       204.75544
       10.800000       209.44040
       10.850000       215.36896
       10.900000       222.64831
       10.950000       230.57195
       11.000000       238.66060
       11.050000       247.37416
       11.100000       257.00312
       11.150000       266.18426
       11.200000       272.69126
       11.250000       275.51102
       11.300000       275.31491
       11.350000       273.50239
       11.400000       271.57938
       11.450000       270.89338
       11.500000       272.30563
       11.550000       276.19922
       11.600000       282.64109
       11.650000       291.39490
       11.700000       302.01829
       11.750000       313.93943
       11.800000       326.14449
       11.850000       336.95192
       11.900000       344.57445
       11.950000       348.17498
       12.000000       348.41682
       12.050000       346.94932
       12.100000       345.40425
       12.150000       344.74714
       12.200000       345.04789
       12.250000       345.54108
       12.300000       345.18509
       12.350000       343.45526
       12.400000       340.74855
       12.450000       338.24673
       12.500000       337.25523
       12.550000       338.31552
       12.600000       340.96917
       12.650000       344.40396
       12.700000       348.10803
       12.750000       352.05722
       12.800000       356.54791
       12.850000       361.78314
       12.900000       367.67146
       12.950000       374.14735
       13.000000       381.25511
       13.050000       388.72727
       13.100000       396.07320
       13.150000       403.28157
       13.200000       410.90557
       13.250000       419.26863
       13.300000       427.79010
       13.350000       435.12945
       13.400000       440.03430
       13.450000       442.28770
       13.500000       442.91480
       13.550000       443.43141
       13.600000       444.81183
       13.650000       446.99132
       13.700000       449.14117
       13.750000       450.40598
       13.800000       450.59953
       13.850000       450.42245
       13.900000       450.99394
       13.950000       453.10171
       14.000000       456.91847
       14.050000       462.25834
       14.100000       468.81692
       14.150000       476.26274
       14.200000       484.28700
       14.250000       492.55859
       14.300000       500.81005
       14.350000       509.13286
       14.400000       518.01765
       14.450000       528.11712
       14.500000       540.24607
       14.550000       555.39565
       14.600000       574.35576
       14.650000       597.38178
       14.700000       624.11992
       14.750000       653.43634
       14.800000       683.50427
       14.850000       712.45738
       14.900000       738.91124
       14.950000       761.91055
       15.000000       780.77700
       15.050000       795.06788
       15.100000       804.50293
       15.150000       809.09753
       15.200000       809.51608
       15.250000       807.10573
       15.300000       803.42398
       15.350000       799.81504
       15.400000       797.48299
       15.450000       797.68824
       15.500000       801.47756
       15.550000       809.07411
       15.600000       819.53689
       15.650000       830.97838
       15.700000       841.20627
       15.750000       848.44647
       15.800000       851.79235
       15.850000       851.44038
       15.900000       848.82076
       15.950000       846.10746
       16.000000       845.10901
       16.050000       846.57505
       16.100000       850.30472
       16.150000       855.40202
       16.200000       860.56335
       16.250000       864.68122
       16.300000       867.26572
       16.350000       868.27369
       16.400000       867.86246
       16.450000       866.48130
       16.500000       865.03465
       16.550000       864.64829
       16.600000       866.05213
       16.650000       869.08080
       16.700000       872.91073
       16.750000       876.53540
       16.800000       879.00905
       16.850000       879.69286
       16.900000       878.47122
       16.950000       875.63426
       17.000000       871.46884
       17.050000       865.94054
       17.100000       858.73107
       17.150000       849.64799
       17.200000       839.13618
       17.250000       828.23911
       17.300000       818.13488
       17.350000       809.68292
       17.400000       803.17702
       17.450000       798.41779
       17.500000       795.08398
       17.550000       792.97584
       17.600000       792.03153
       17.650000       792.36959
       17.700000       794.12723
       17.750000       796.99931
       17.800000       800.07261
       17.850000       802.20344
       17.900000       802.55651
       17.950000       800.94887
       18.000000       797.71751
       18.050000       793.20304
       18.100000       787.44279
       18.150000       780.30905
       18.200000       771.74404
       18.250000       761.95299
       18.300000       751.54912
       18.350000       741.32086
       18.400000       731.80641
       18.450000       723.22932
       18.500000       715.74692
       18.550000       709.56664
       18.600000       704.76058
       18.650000       700.97419
       18.700000       697.40732
       18.750000       693.17494
       18.800000       687.60420
       18.850000       680.31900
       18.900000       671.41556
       18.950000       661.55134
       19.000000       651.62639
       19.050000       642.37756
       19.100000       634.20805
       19.150000       627.20457
       19.200000       621.32870
       19.250000       616.60203
       19.300000       613.01943
       19.350000       610.42431
       19.400000       608.57813
       19.450000       607.25515
       19.500000       606.30462
       19.550000       605.71740
       19.600000       605.53849
       19.650000       605.73715
       19.700000       606.26949
       19.750000       607.12087
       19.800000       608.27849
       19.850000       609.84368
       19.900000       612.04585
       19.950000       614.93110
       20.000000       618.12295
       20.050000       620.92368
       20.100000       622.63851
       20.150000       622.97548
       20.200000       622.18630
       20.250000       620.71294
       20.300000       618.77054
       20.350000       616.30970
       20.400000       613.21297
       20.450000       609.58025
       20.500000       605.85021
       20.550000       602.47579
       20.600000       599.49614
       20.650000       596.54284
       20.700000       593.16184
       20.750000       589.09629
       20.800000       584.41096
       20.850000       579.41208
       20.900000       574.50723
       20.950000       570.20496
       21.000000       567.07970
       21.050000       565.59134
       21.100000       565.96856
       21.150000       568.09719
       21.200000       571.42587
       21.250000       575.16872
       21.300000       578.66607
       21.350000       581.45107
       21.400000       583.14725
       21.450000       583.43665
       21.500000       582.07086
       21.550000       578.96243
       21.600000       574.29283
       21.650000       568.41184
       21.700000       561.66995
       21.750000       554.46012
       21.800000       547.22797
       21.850000       540.39205
       21.900000       534.32849
       21.950000       529.30986
       22.000000       525.37273
       22.050000       522.33418
       22.100000       519.89383
       22.150000       517.68909
       22.200000       515.42509
       22.250000       512.96718
       22.300000       510.24291
       22.350000       507.18204
       22.400000       503.78531
       22.450000       500.15990
       22.500000       496.54181
       22.550000       493.24130
       22.600000       490.39776
       22.650000       487.88533
       22.700000       485.54706
       22.750000       483.38477
       22.800000       481.54627
       22.850000       480.24011
       22.900000       479.54386
       22.950000       479.24348
       23.000000       478.89518
       23.050000       477.94355
       23.100000       475.81528
       23.150000       472.14085
       23.200000       466.91879
       23.250000       460.45899
       23.300000       453.29965
       23.350000       446.08469
       23.400000       439.32817
       23.450000       433.30815
       23.500000       428.13256
       23.550000       423.78822
       23.600000       420.23452
       23.650000       417.49452
       23.700000       415.54041
       23.750000       414.19145
       23.800000       413.19811
       23.850000       412.30100
       23.900000       411.27034
       23.950000       410.02602
       24.000000       408.62693
       24.050000       407.16675
       24.100000       405.76546
       24.150000       404.51675
       24.200000       403.35658
       24.250000       402.10786
       24.300000       400.60231
       24.350000       398.72722
       24.400000       396.51261
       24.450000       394.14068
       24.500000       391.80204
       24.550000       389.61487
       24.600000       387.66478
       24.650000       385.94958
       24.700000       384.38695
       24.750000       382.90116
       24.800000       381.39560
       24.850000       379.74187
       24.900000       377.88874
       24.950000       375.86109
       25.000000       373.70575
       25.050000       371.51419
       25.100000       369.37458
       25.150000       367.28473
       25.200000       365.21135
       25.250000       363.12040
       25.300000       360.93250
       25.350000       358.58288
       25.400000       356.07887
       25.450000       353.44204
       25.500000       350.74704
       25.550000       348.16400
       25.600000       345.86488
       25.650000       343.97187
       25.700000       342.58010
       25.750000       341.69798
       25.800000       341.25126
       25.850000       341.18723
       25.900000       341.44480
       25.950000       341.91238
       26.000000       342.47546
       26.050000       342.98475
       26.100000       343.22220
       26.150000       343.01731
       26.200000       342.28777
       26.250000       341.00320
       26.300000       339.22507
       26.350000       337.08985
       26.400000       334.70328
       26.450000       332.16158
       26.500000       329.57196
       26.550000       326.98892
       26.600000       324.44832
       26.650000       322.02918
       26.700000       319.79335
       26.750000       317.77887
       26.800000       316.03770
       26.850000       314.57385
       26.900000       313.34050
       26.950000       312.33948
       27.000000       311.58506
       27.050000       311.05967
       27.100000       310.76002
       27.150000       310.66600
       27.200000       310.68905
       27.250000       310.73880
       27.300000       310.71758
       27.350000       310.47172
       27.400000       309.87645
       27.450000       308.88275
       27.500000       307.46390
       27.550000       305.64663
       27.600000       303.51836
       27.650000       301.14716
       27.700000       298.60217
       27.750000       295.99791
       27.800000       293.42328
       27.850000       290.94451
       27.900000       288.66148
       27.950000       286.64810
       28.000000       284.92339
       28.050000       283.50894
       28.100000       282.38206
       28.150000       281.45202
       28.200000       280.63869
       28.250000       279.86304
       28.300000       279.00581
       28.350000       277.98503
       28.400000       276.75681
       28.450000       275.26186
       28.500000       273.49325
       28.550000       271.51133
       28.600000       269.38306
       28.650000       267.20248
       28.700000       265.10495
       28.750000       263.17462
       28.800000       261.46783
       28.850000       260.06619
       28.900000       259.00882
       28.950000       258.29355
       29.000000       257.91377
       29.050000       257.79267
       29.100000       257.77584
       29.150000       257.72242
       29.200000       257.50327
       29.250000       257.00605
       29.300000       256.22528
       29.350000       255.23158
       29.400000       254.09921
       29.450000       252.93611
       29.500000       251.85643
       29.550000       250.90371
       29.600000       250.11050
       29.650000       249.51889
       29.700000       249.12009
       29.750000       248.90715
       29.800000       248.90423
       29.850000       249.09594
       29.900000       249.45998
       29.950000       250.01135
       30.000000       250.74638
