       0.0000000       0.0000000
     0.050000000     0.017429899
      0.10000000     0.067548034
      0.15000000      0.15032268
      0.20000000      0.27687310
      0.25000000      0.46412200
      0.30000000      0.71693468
      0.35000000       1.0216623
      0.40000000       1.3700267
      0.45000000       1.7991921
      0.50000000       2.4064721
      0.55000000       3.3106451
      0.60000000       4.5791534
      0.65000000       6.1765816
      0.70000000       7.9745602
      0.75000000       9.8097864
      0.80000000       11.541831
      0.85000000       13.086185
      0.90000000       14.450871
      0.95000000       15.814519
       1.0000000       17.610684
       1.0500000       20.488698
       1.1000000       25.033350
       1.1500000       31.295826
       1.2000000       38.422827
       1.2500000       44.743343
       1.3000000       48.446452
       1.3500000       48.550873
       1.4000000       45.551843
       1.4500000       41.244191
       1.5000000       37.754447
       1.5500000       36.418885
       1.6000000       37.321161
       1.6500000       39.843592
       1.7000000       43.787357
       1.7500000       50.093374
       1.8000000       60.415603
       1.8500000       75.661854
       1.9000000       94.515861
       1.9500000       113.13516
       2.0000000       126.51687
       2.0500000       130.87065
       2.1000000       125.57607
       2.1500000       113.51582
       2.2000000       99.591715
       2.2500000       88.353555
       2.3000000       82.118311
       2.3500000       80.521779
       2.4000000       81.468045
       2.4500000       82.698666
       2.5000000       83.045016
       2.5500000       82.843059
       2.6000000       83.538653
       2.6500000       86.834979
       2.7000000       93.783139
       2.7500000       104.12804
       2.8000000       116.19572
       2.8500000       127.46787
       2.9000000       135.72974
       2.9500000       140.25611
       3.0000000       142.27313
       3.0500000       144.20761
       3.1000000       148.01098
       3.1500000       153.59427
       3.2000000       158.53817
       3.2500000       159.47880
       3.3000000       154.37165
       3.3500000       144.09870
       3.4000000       132.23771
       3.4500000       123.09734
       3.5000000       119.36357
       3.5500000       120.99828
       3.6000000       126.06781
       3.6500000       132.70641
       3.7000000       140.61138
       3.7500000       150.90704
       3.8000000       164.58821
       3.8500000       180.91697
       3.9000000       197.18482
       3.9500000       210.13158
       4.0000000       217.96419
       4.0500000       221.41881
       4.1000000       223.06641
       4.1500000       225.42160
       4.2000000       229.30688
       4.2500000       233.65612
       4.3000000       236.80143
       4.3500000       238.18037
       4.4000000       239.21865
       4.4500000       242.90456
       4.5000000       252.57939
       4.5500000       270.90226
       4.6000000       299.52884
       4.6500000       339.24115
       4.7000000       389.86632
       4.7500000       449.65218
       4.8000000       514.55167
       4.8500000       578.33145
       4.9000000       634.12073
       4.9500000       677.00999
       5.0000000       706.42801
       5.0500000       726.85130
       5.1000000       746.03052
       5.1500000       771.37126
       5.2000000       805.97572
       5.2500000       846.25884
       5.3000000       882.36572
       5.3500000       901.50805
       5.4000000       892.98980
       5.4500000       852.82145
       5.5000000       785.92189
       5.5500000       704.66427
       5.6000000       624.24646
       5.6500000       556.88721
       5.7000000       507.52091
       5.7500000       473.06430
       5.8000000       445.45263
       5.8500000       416.66316
       5.9000000       382.94776
       5.9500000       346.13863
       6.0000000       311.73440
       6.0500000       285.35213
       6.1000000       269.82379
       6.1500000       264.42789
       6.2000000       266.15281
       6.2500000       271.65612
       6.3000000       278.49974
       6.3500000       285.15999
       6.4000000       290.34673
       6.4500000       292.56519
       6.5000000       290.37586
       6.5500000       283.06489
       6.6000000       271.05942
       6.6500000       255.70636
       6.7000000       238.64063
       6.7500000       221.26939
       6.8000000       204.68903
       6.8500000       189.86412
       6.9000000       177.64584
       6.9500000       168.42609
       7.0000000       161.73464
       7.0500000       156.28186
       7.1000000       150.66067
       7.1500000       144.32245
       7.2000000       138.07089
       7.2500000       133.61247
       7.3000000       132.39932
       7.3500000       134.57797
       7.4000000       138.80929
       7.4500000       143.05554
       7.5000000       145.69701
       7.5500000       146.16448
       7.6000000       144.72240
       7.6500000       141.76804
       7.7000000       137.33937
       7.7500000       131.23984
       7.8000000       123.57629
       7.8500000       115.11724
       7.9000000       107.07201
       7.9500000       100.46001
       8.0000000       95.617687
       8.0500000       92.281319
       8.1000000       90.130919
       8.1500000       89.249831
       8.2000000       90.037841
       8.2500000       92.636542
       8.3000000       96.438516
       8.3500000       100.22267
       8.4000000       102.92071
       8.4500000       104.40972
       8.5000000       105.62639
       8.5500000       107.82058
       8.6000000       111.49886
       8.6500000       115.92109
       8.7000000       119.59713
       8.7500000       121.42293
       8.8000000       121.55936
       8.8500000       121.34643
       8.9000000       122.30643
       8.9500000       125.02624
       9.0000000       128.79097
       9.0500000       132.23270
       9.1000000       134.44889
       9.1500000       135.71180
       9.2000000       137.22324
       9.2500000       140.16012
       9.3000000       144.74758
       9.3500000       150.04874
       9.4000000       154.55673
       9.4500000       157.10509
       9.5000000       157.46521
       9.5500000       156.31481
       9.6000000       154.75302
       9.6500000       153.76850
       9.7000000       153.94825
       9.7500000       155.44898
       9.8000000       158.06960
       9.8500000       161.34146
       9.9000000       164.67841
       9.9500000       167.63197
       10.000000       170.17096
       10.050000       172.74138
       10.100000       175.95727
       10.150000       180.03642
       10.200000       184.39631
       10.250000       187.78365
       10.300000       188.97532
       10.350000       187.62877
       10.400000       184.68005
       10.450000       181.95336
       10.500000       181.19927
       10.550000       183.16717
       10.600000       187.31365
       10.650000       192.27536
       10.700000       196.74526
       10.750000       200.15901
       10.800000       202.81475
       10.850000       205.48879
       10.900000       208.90843
       10.950000       213.44854
       11.000000       219.14576
       11.050000       225.86503
       11.100000       233.42134
       11.150000       241.57476
       11.200000       250.01172
       11.250000       258.42636
       11.300000       266.70599
       11.350000       275.06539
       11.400000       283.99445
       11.450000       294.02989
       11.500000       305.53869
       11.550000       318.72940
       11.600000       333.93130
       11.650000       351.94893
       11.700000       374.13638
       11.750000       401.97542
       11.800000       436.23548
       11.850000       476.11054
       11.900000       518.84451
       11.950000       560.20208
       12.000000       595.69036
       12.050000       622.07690
       12.100000       638.49934
       12.150000       646.62787
       12.200000       649.77179
       12.250000       651.34979
       12.300000       653.47220
       12.350000       656.32964
       12.400000       658.62950
       12.450000       658.76744
       12.500000       656.01902
       12.550000       651.07319
       12.600000       645.68356
       12.650000       641.71717
       12.700000       640.23612
       12.750000       641.13507
       12.800000       643.47224
       12.850000       646.19797
       12.900000       648.80516
       12.950000       651.55468
       13.000000       655.24301
       13.050000       660.71569
       13.100000       668.41579
       13.150000       678.13915
       13.200000       689.05927
       13.250000       699.97866
       13.300000       709.74848
       13.350000       717.75335
       13.400000       724.27425
       13.450000       730.52916
       13.500000       738.26402
       13.550000       748.99900
       13.600000       763.27379
       13.650000       780.31162
       13.700000       798.36839
       13.750000       815.63782
       13.800000       831.29632
       13.850000       846.10381
       13.900000       862.19111
       13.950000       882.03077
       14.000000       907.08042
       14.050000       936.70747
       14.100000       968.01678
       14.150000       996.84514
       14.200000       1019.5642
       14.250000       1034.8466
       14.300000       1044.5436
       14.350000       1052.9652
       14.400000       1064.8124
       14.450000       1082.7821
       14.500000       1106.1477
       14.550000       1131.2116
       14.600000       1153.4492
       14.650000       1170.0820
       14.700000       1181.6058
       14.750000       1191.2629
       14.800000       1202.9909
       14.850000       1219.1451
       14.900000       1239.5256
       14.950000       1262.1502
       15.000000       1285.0968
       15.050000       1308.0457
       15.100000       1332.3903
       15.150000       1360.0991
       15.200000       1392.3187
       15.250000       1428.6686
       15.300000       1467.7362
       15.350000       1508.0942
       15.400000       1548.8971
       15.450000       1589.6905
       15.500000       1629.6658
       15.550000       1667.2564
       15.600000       1700.4872
       15.650000       1727.8949
       15.700000       1749.1201
       15.750000       1764.6791
       15.800000       1775.0369
       15.850000       1779.8598
       15.900000       1778.1457
       15.950000       1769.3074
       16.000000       1754.2800
       16.050000       1735.6605
       16.100000       1716.5680
       16.150000       1699.0084
       16.200000       1682.9204
       16.250000       1666.7723
       16.300000       1649.2366
       16.350000       1630.7144
       16.400000       1613.4278
       16.450000       1599.9444
       16.500000       1591.1404
       16.550000       1585.0805
       16.600000       1577.7386
       16.650000       1565.1146
       16.700000       1545.3990
       16.750000       1519.8854
       16.800000       1492.1115
       16.850000       1466.0111
       16.900000       1444.2803
       16.950000       1427.8425
       17.000000       1416.4672
       17.050000       1409.7956
       17.100000       1407.9995
       17.150000       1411.6154
       17.200000       1420.8349
       17.250000       1434.7753
       17.300000       1451.2259
       17.350000       1467.0846
       17.400000       1479.2146
       17.450000       1485.4355
       17.500000       1485.1783
       17.550000       1479.6189
       17.600000       1471.2218
       17.650000       1462.8138
       17.700000       1456.5830
       17.750000       1453.3557
       17.800000       1452.5101
       17.850000       1452.4304
       17.900000       1451.2772
       17.950000       1447.6942
       18.000000       1441.1129
       18.050000       1431.6980
       18.100000       1420.0758
       18.150000       1407.0245
       18.200000       1393.1697
       18.250000       1378.8031
       18.300000       1363.7519
       18.350000       1347.5040
       18.400000       1329.5164
       18.450000       1309.7623
       18.500000       1288.9630
       18.550000       1268.4644
       18.600000       1249.6071
       18.650000       1233.0606
       18.700000       1218.5652
       18.750000       1205.4023
       18.800000       1193.2039
       18.850000       1182.5377
       18.900000       1174.6674
       18.950000       1170.5737
       19.000000       1169.9371
       19.050000       1170.8770
       19.100000       1170.7442
       19.150000       1167.5769
       19.200000       1161.1913
       19.250000       1153.2209
       19.300000       1145.9774
       19.350000       1141.0531
       19.400000       1138.4913
       19.450000       1137.0637
       19.500000       1135.3115
       19.550000       1132.5338
       19.600000       1129.0874
       19.650000       1125.8878
       19.700000       1123.6235
       19.750000       1122.2518
       19.800000       1121.0792
       19.850000       1119.2111
       19.900000       1115.9464
       19.950000       1110.9395
       20.000000       1104.1401
       20.050000       1095.7211
       20.100000       1086.1203
       20.150000       1076.0040
       20.200000       1066.0644
       20.250000       1056.5782
       20.300000       1047.1669
       20.350000       1036.8783
       20.400000       1024.8547
       20.450000       1011.0797
       20.500000       996.75916
       20.550000       983.96286
       20.600000       974.65988
       20.650000       969.78357
       20.700000       968.84328
       20.750000       970.27822
       20.800000       972.28319
       20.850000       973.51325
       20.900000       973.35848
       20.950000       971.75817
       21.000000       968.82901
       21.050000       964.62590
       21.100000       959.13895
       21.150000       952.38206
       21.200000       944.42659
       21.250000       935.40350
       21.300000       925.46721
       21.350000       914.90674
       21.400000       904.20578
       21.450000       893.99984
       21.500000       884.78540
       21.550000       876.59906
       21.600000       868.89714
       21.650000       860.86958
       21.700000       852.04444
       21.750000       842.81061
       21.800000       834.45561
       21.850000       828.60278
       21.900000       826.35305
       21.950000       827.64018
       22.000000       831.19570
       22.050000       835.13247
       22.100000       837.79636
       22.150000       838.41395
       22.200000       837.23073
       22.250000       835.16722
       22.300000       833.23872
       22.350000       832.04965
       22.400000       831.55645
       22.450000       831.15802
       22.500000       830.03297
       22.550000       827.58274
       22.600000       823.77696
       22.650000       819.21566
       22.700000       814.82010
       22.750000       811.28031
       22.800000       808.56226
       22.850000       805.82555
       22.900000       801.88367
       22.950000       795.96719
       23.000000       788.31246
       23.050000       780.13819
       23.100000       772.96202
       23.150000       767.66679
       23.200000       763.93491
       23.250000       760.44890
       23.300000       755.75187
       23.350000       749.21377
       23.400000       741.47709
       23.450000       734.10627
       23.500000       728.69322
       23.550000       725.98688
       23.600000       725.55882
       23.650000       726.12555
       23.700000       726.25434
       23.750000       725.00452
       23.800000       722.19684
       23.850000       718.27874
       23.900000       713.97428
       23.950000       709.93361
       24.000000       706.49846
       24.050000       703.62016
       24.100000       700.89662
       24.150000       697.74795
       24.200000       693.68899
       24.250000       688.60486
       24.300000       682.87607
       24.350000       677.22484
       24.400000       672.33170
       24.450000       668.44104
       24.500000       665.21370
       24.550000       661.95599
       24.600000       658.08509
       24.650000       653.53220
       24.700000       648.79711
       24.750000       644.61742
       24.800000       641.46033
       24.850000       639.19266
       24.900000       637.12111
       24.950000       634.39830
       25.000000       630.51496
       25.050000       625.59547
       25.100000       620.33061
       25.150000       615.60796
       25.200000       612.05280
       25.250000       609.72148
       25.300000       608.08128
       25.350000       606.27827
       25.400000       603.56096
       25.450000       599.65164
       25.500000       594.89423
       25.550000       590.07755
       25.600000       585.99993
       25.650000       582.99687
       25.700000       580.69043
       25.750000       578.14251
       25.800000       574.35686
       25.850000       568.86551
       25.900000       562.04387
       25.950000       554.95404
       26.000000       548.78840
       26.050000       544.24759
       26.100000       541.20648
       26.150000       538.86345
       26.200000       536.24748
       26.250000       532.77172
       26.300000       528.50458
       26.350000       524.05523
       26.400000       520.17738
       26.450000       517.34664
       26.500000       515.53339
       26.550000       514.24004
       26.600000       512.75900
       26.650000       510.50707
       26.700000       507.29985
       26.750000       503.45236
       26.800000       499.66268
       26.850000       496.67645
       26.900000       494.88516
       26.950000       494.04475
       27.000000       493.31191
       27.050000       491.64391
       27.100000       488.36206
       27.150000       483.56221
       27.200000       478.09063
       27.250000       473.06065
       27.300000       469.18645
       27.350000       466.35059
       27.400000       463.68853
       27.450000       460.13629
       27.500000       455.10412
       27.550000       448.85213
       27.600000       442.34587
       27.650000       436.72282
       27.700000       432.69971
       27.750000       430.27180
       27.800000       428.83027
       27.850000       427.57863
       27.900000       425.98124
       27.950000       424.02603
       28.000000       422.20766
       28.050000       421.28018
       28.100000       421.89923
       28.150000       424.29165
       28.200000       428.08243
       28.250000       432.38213
       28.300000       436.12828
       28.350000       438.56460
       28.400000       439.61392
       28.450000       439.90479
       28.500000       440.39615
       28.550000       441.78133
       28.600000       444.03363
       28.650000       446.39495
       28.700000       447.84343
       28.750000       447.75416
       28.800000       446.33312
       28.850000       444.54585
       28.900000       443.58617
       28.950000       444.22681
       29.000000       446.44874
       29.050000       449.53265
       29.100000       452.51193
       29.150000       454.67861
       29.200000       455.86915
       29.250000       456.42235
       29.300000       456.90200
       29.350000       457.76619
       29.400000       459.12796
       29.450000       460.69827
       29.500000       461.90710
       29.550000       462.17565
       29.600000       461.24598
       29.650000       459.41992
       29.700000       457.52947
       29.750000       456.59138
       29.800000       457.26861
       29.850000       459.44261
       29.900000       462.19468
       29.950000       464.26916
       30.000000       464.78028
