       0.0000000       0.0000000
     0.050000000    0.0068609711
      0.10000000     0.032765278
      0.15000000     0.087168444
      0.20000000      0.17134653
      0.25000000      0.27480480
      0.30000000      0.38726117
      0.35000000      0.51636737
      0.40000000      0.69179025
      0.45000000      0.94604666
      0.50000000       1.2865050
      0.55000000       1.6892355
      0.60000000       2.1328785
      0.65000000       2.6526280
      0.70000000       3.3624766
      0.75000000       4.4055591
      0.80000000       5.8514417
      0.85000000       7.6216696
      0.90000000       9.5271550
      0.95000000       11.419407
       1.0000000       13.345423
       1.0500000       15.554549
       1.1000000       18.294458
       1.1500000       21.511229
       1.2000000       24.691823
       1.2500000       27.032035
       1.3000000       27.886797
       1.3500000       27.220690
       1.4000000       25.725251
       1.4500000       24.477482
       1.5000000       24.341384
       1.5500000       25.512560
       1.6000000       27.509180
       1.6500000       29.586478
       1.7000000       31.259203
       1.7500000       32.582329
       1.8000000       34.080240
       1.8500000       36.506975
       1.9000000       40.695889
       1.9500000       47.565574
       2.0000000       58.081335
       2.0500000       72.921294
       2.1000000       91.852911
       2.1500000       113.19170
       2.2000000       133.83884
       2.2500000       150.10222
       2.3000000       158.97777
       2.3500000       159.20217
       2.4000000       151.51171
       2.4500000       138.04639
       2.5000000       121.38469
       2.5500000       103.80588
       2.6000000       87.066220
       2.6500000       72.494776
       2.7000000       61.031851
       2.7500000       53.044043
       2.8000000       48.119667
       2.8500000       45.198077
       2.9000000       43.126445
       2.9500000       41.320166
       3.0000000       40.028241
       3.0500000       39.984720
       3.1000000       41.734977
       3.1500000       45.207561
       3.2000000       49.881081
       3.2500000       55.351110
       3.3000000       61.729832
       3.3500000       69.464413
       3.4000000       78.722280
       3.4500000       88.939509
       3.5000000       99.018282
       3.5500000       108.07543
       3.6000000       116.06088
       3.6500000       123.63678
       3.7000000       131.32062
       3.7500000       138.65349
       3.8000000       144.22876
       3.8500000       146.76738
       3.9000000       146.48963
       3.9500000       145.64355
       4.0000000       147.60171
       4.0500000       155.00219
       4.1000000       168.13407
       4.1500000       184.58704
       4.2000000       200.27647
       4.2500000       211.07909
       4.3000000       214.17800
       4.3500000       208.72890
       4.4000000       196.05801
       4.4500000       179.60891
       4.5000000       164.46651
       4.5500000       156.03078
       4.6000000       157.93262
       4.6500000       170.27354
       4.7000000       189.71941
       4.7500000       212.12795
       4.8000000       236.45278
       4.8500000       267.12242
       4.9000000       312.48215
       4.9500000       379.37360
       5.0000000       467.01195
       5.0500000       564.49888
       5.1000000       654.41352
       5.1500000       720.89294
       5.2000000       757.25510
       5.2500000       768.30982
       5.3000000       765.76810
       5.3500000       759.95830
       5.4000000       753.45523
       5.4500000       740.60659
       5.5000000       712.88587
       5.5500000       665.94070
       5.6000000       603.47562
       5.6500000       535.79200
       5.7000000       474.59485
       5.7500000       427.88968
       5.8000000       397.92837
       5.8500000       382.43826
       5.9000000       377.08377
       5.9500000       377.01690
       6.0000000       377.03647
       6.0500000       371.55788
       6.1000000       355.73762
       6.1500000       327.62587
       6.2000000       289.75940
       6.2500000       248.51882
       6.3000000       211.16152
       6.3500000       182.31616
       6.4000000       162.26001
       6.4500000       147.99905
       6.5000000       136.12426
       6.5500000       125.22397
       6.6000000       116.27318
       6.6500000       111.16637
       6.7000000       110.92653
       6.7500000       115.05828
       6.8000000       122.22963
       6.8500000       131.27893
       6.9000000       141.46875
       6.9500000       151.88471
       7.0000000       160.88816
       7.0500000       166.52577
       7.1000000       167.78792
       7.1500000       165.60506
       7.2000000       162.44608
       7.2500000       160.55257
       7.3000000       160.11466
       7.3500000       158.93944
       7.4000000       154.04572
       7.4500000       144.02604
       7.5000000       130.33501
       7.5500000       116.46913
       7.6000000       105.68182
       7.6500000       99.018265
       7.7000000       95.111908
       7.7500000       91.709537
       7.8000000       87.535657
       7.8500000       82.990455
       7.9000000       79.315658
       7.9500000       77.202649
       8.0000000       76.191970
       8.0500000       75.353908
       8.1000000       74.491260
       8.1500000       74.611193
       8.2000000       77.097864
       8.2500000       82.262557
       8.3000000       88.587313
       8.3500000       93.440175
       8.4000000       94.784564
       8.4500000       92.532415
       8.5000000       88.466467
       8.5500000       84.852587
       8.6000000       82.903890
       8.6500000       82.330170
       8.7000000       82.199920
       8.7500000       82.236690
       8.8000000       83.346666
       8.8500000       86.917995
       8.9000000       93.529923
       8.9500000       102.20602
       9.0000000       110.86210
       9.0500000       117.56282
       9.1000000       121.54773
       9.1500000       123.26856
       9.2000000       123.54702
       9.2500000       122.70205
       9.3000000       120.43080
       9.3500000       116.48775
       9.4000000       111.47116
       9.4500000       106.93452
       9.5000000       104.64962
       9.5500000       105.56865
       9.6000000       109.30719
       9.6500000       114.50660
       9.7000000       119.75303
       9.7500000       124.33672
       9.8000000       128.37446
       9.8500000       132.36068
       9.9000000       136.62724
       9.9500000       141.13886
       10.000000       145.66086
       10.050000       150.03209
       10.100000       154.25979
       10.150000       158.41556
       10.200000       162.51470
       10.250000       166.52295
       10.300000       170.42755
       10.350000       174.20775
       10.400000       177.65201
       10.450000       180.21230
       10.500000       181.15547
       10.550000       180.05560
       10.600000       177.31973
       10.650000       174.28473
       10.700000       172.66748
       10.750000       173.64431
       10.800000       177.16007
       10.850000       181.95881
       10.900000       186.33001
       10.950000       189.05625
       11.000000       189.95201
       11.050000       189.73000
       11.100000       189.44850
       11.150000       190.02570
       11.200000       192.14379
       11.250000       196.44284
       11.300000       203.63039
       11.350000       214.24940
       11.400000       228.19672
       11.450000       244.40330
       11.500000       261.05769
       11.550000       276.38069
       11.600000       289.56372
       11.650000       301.29973
       11.700000       313.55454
       11.750000       328.66058
       11.800000       348.18376
       11.850000       372.15812
       11.900000       399.05431
       11.950000       426.45760
       12.000000       452.05752
       12.050000       474.40266
       12.100000       493.03898
       12.150000       508.05830
       12.200000       519.48478
       12.250000       527.04878
       12.300000       530.59625
       12.350000       530.84029
       12.400000       529.74963
       12.450000       530.00062
       12.500000       533.57553
       12.550000       540.37010
       12.600000       547.89495
       12.650000       552.57479
       12.700000       552.00403
       12.750000       546.68904
       12.800000       539.97460
       12.850000       536.02686
       12.900000       537.15228
       12.950000       542.30665
       13.000000       547.88288
       13.050000       550.27310
       13.100000       548.40826
       13.150000       544.51724
       13.200000       542.60227
       13.250000       545.81022
       13.300000       554.56329
       13.350000       566.68786
       13.400000       579.23024
       13.450000       590.49757
       13.500000       600.84511
       13.550000       611.83181
       13.600000       624.62226
       13.650000       638.96034
       13.700000       653.41256
       13.750000       666.52132
       13.800000       677.84060
       13.850000       688.08715
       13.900000       698.44530
       13.950000       709.73348
       14.000000       722.11013
       14.050000       735.43767
       14.100000       749.83099
       14.150000       765.85573
       14.200000       784.22862
       14.250000       805.36383
       14.300000       829.18635
       14.350000       855.31787
       14.400000       883.32522
       14.450000       912.69506
       14.500000       942.50504
       14.550000       971.15339
       14.600000       996.50890
       14.650000       1016.6047
       14.700000       1030.4613
       14.750000       1038.5664
       14.800000       1042.6144
       14.850000       1044.8835
       14.900000       1047.5569
       14.950000       1052.3352
       15.000000       1060.2749
       15.050000       1071.7190
       15.100000       1086.0991
       15.150000       1101.9211
       15.200000       1117.1190
       15.250000       1129.8612
       15.300000       1139.3632
       15.350000       1146.2145
       15.400000       1151.9809
       15.450000       1158.2944
       15.500000       1166.2279
       15.550000       1176.2729
       15.600000       1188.8555
       15.650000       1204.7964
       15.700000       1225.0905
       15.750000       1250.0322
       15.800000       1278.3407
       15.850000       1307.0286
       15.900000       1332.4060
       15.950000       1351.6318
       16.000000       1363.9477
       16.050000       1370.8008
       16.100000       1374.8791
       16.150000       1378.7555
       16.200000       1383.8506
       16.250000       1390.2672
       16.300000       1397.1946
       16.350000       1403.4565
       16.400000       1407.7869
       16.450000       1408.9723
       16.500000       1406.0073
       16.550000       1398.4905
       16.600000       1387.0644
       16.650000       1373.5089
       16.700000       1360.2301
       16.750000       1349.3414
       16.800000       1341.7686
       16.850000       1336.8667
       16.900000       1332.7448
       16.950000       1327.0654
       17.000000       1317.8942
       17.050000       1304.1795
       17.100000       1285.8849
       17.150000       1263.7535
       17.200000       1239.0828
       17.250000       1213.5067
       17.300000       1188.8796
       17.350000       1167.0551
       17.400000       1149.5731
       17.450000       1137.2931
       17.500000       1130.0961
       17.550000       1126.8094
       17.600000       1125.5230
       17.650000       1124.1741
       17.700000       1121.2105
       17.750000       1116.0112
       17.800000       1108.9678
       17.850000       1101.1042
       17.900000       1093.5969
       17.950000       1087.3635
       18.000000       1082.9266
       18.050000       1080.4610
       18.100000       1079.8925
       18.150000       1080.9041
       18.200000       1082.9047
       18.250000       1085.1511
       18.300000       1087.0932
       18.350000       1088.6628
       18.400000       1090.2916
       18.450000       1092.5055
       18.500000       1095.2433
       18.550000       1097.4546
       18.600000       1097.3536
       18.650000       1093.3225
       18.700000       1084.8387
       18.750000       1072.8466
       18.800000       1059.2260
       18.850000       1045.7301
       18.900000       1033.1621
       18.950000       1021.2863
       19.000000       1009.5236
       19.050000       997.69213
       19.100000       986.26454
       19.150000       975.88591
       19.200000       966.67587
       19.250000       957.97036
       19.300000       948.77971
       19.350000       938.58328
       19.400000       927.79122
       19.450000       917.49125
       19.500000       908.64085
       19.550000       901.45590
       19.600000       895.49551
       19.650000       890.40882
       19.700000       886.64292
       19.750000       885.50800
       19.800000       888.39800
       19.850000       895.74833
       19.900000       906.47234
       19.950000       918.29543
       20.000000       928.72309
       20.050000       935.92780
       20.100000       939.09550
       20.150000       938.15997
       20.200000       933.40586
       20.250000       925.29123
       20.300000       914.60782
       20.350000       902.59412
       20.400000       890.71945
       20.450000       880.13995
       20.500000       871.27785
       20.550000       863.78849
       20.600000       857.03124
       20.650000       850.66218
       20.700000       844.90083
       20.750000       840.33550
       20.800000       837.48830
       20.850000       836.52862
       20.900000       837.29037
       20.950000       839.43436
       21.000000       842.47840
       21.050000       845.60549
       21.100000       847.48606
       21.150000       846.43638
       21.200000       841.00212
       21.250000       830.64617
       21.300000       816.07211
       21.350000       798.91573
       21.400000       781.02104
       21.450000       763.78893
       21.500000       747.97676
       21.550000       733.93102
       21.600000       721.87304
       21.650000       711.92650
       21.700000       703.89822
       21.750000       697.14682
       21.800000       690.83154
       21.850000       684.45443
       21.900000       678.27342
       21.950000       673.16698
       22.000000       669.97440
       22.050000       668.77873
       22.100000       668.71654
       22.150000       668.47872
       22.200000       667.13854
       22.250000       664.65538
       22.300000       661.70500
       22.350000       659.03781
       22.400000       656.93772
       22.450000       655.22838
       22.500000       653.75575
       22.550000       652.84949
       22.600000       653.28927
       22.650000       655.75303
       22.700000       660.21189
       22.750000       665.78702
       22.800000       671.23226
       22.850000       675.65672
       22.900000       678.93309
       22.950000       681.50771
       23.000000       683.81306
       23.050000       685.78327
       23.100000       686.84210
       23.150000       686.30171
       23.200000       683.81160
       23.250000       679.50311
       23.300000       673.80432
       23.350000       667.15464
       23.400000       659.88114
       23.450000       652.26885
       23.500000       644.64961
       23.550000       637.34575
       23.600000       630.50801
       23.650000       624.03577
       23.700000       617.72488
       23.750000       611.54351
       23.800000       605.78142
       23.850000       600.88682
       23.900000       597.11140
       23.950000       594.27847
       24.000000       591.92886
       24.050000       589.74900
       24.100000       587.92075
       24.150000       587.03169
       24.200000       587.57208
       24.250000       589.39594
       24.300000       591.61201
       24.350000       593.01329
       24.400000       592.74145
       24.450000       590.66624
       24.500000       587.20950
       24.550000       582.82967
       24.600000       577.62115
       24.650000       571.37099
       24.700000       563.98079
       24.750000       555.83433
       24.800000       547.75628
       24.850000       540.57462
       24.900000       534.65924
       24.950000       529.82134
       25.000000       525.61750
       25.050000       521.75537
       25.100000       518.23790
       25.150000       515.13935
       25.200000       512.28446
       25.250000       509.18408
       25.300000       505.33586
       25.350000       500.63626
       25.400000       495.53092
       25.450000       490.73400
       25.500000       486.75882
       25.550000       483.64197
       25.600000       481.10393
       25.650000       478.96213
       25.700000       477.41157
       25.750000       476.89789
       25.800000       477.68927
       25.850000       479.53033
       25.900000       481.67908
       25.950000       483.30501
       26.000000       483.88784
       26.050000       483.29623
       26.100000       481.53346
       26.150000       478.45028
       26.200000       473.74995
       26.250000       467.31247
       26.300000       459.52785
       26.350000       451.29249
       26.400000       443.58910
       26.450000       436.96466
       26.500000       431.32806
       26.550000       426.21723
       26.600000       421.30176
       26.650000       416.67753
       26.700000       412.72358
       26.750000       409.67332
       26.800000       407.32444
       26.850000       405.15117
       26.900000       402.73021
       26.950000       400.09924
       27.000000       397.71377
       27.050000       396.06406
       27.100000       395.28402
       27.150000       395.09706
       27.200000       395.11243
       27.250000       395.16987
       27.300000       395.39708
       27.350000       395.93600
       27.400000       396.62274
       27.450000       396.96117
       27.500000       396.46542
       27.550000       395.07401
       27.600000       393.26003
       27.650000       391.70362
       27.700000       390.78675
       27.750000       390.34149
       27.800000       389.86000
       27.850000       388.96838
       27.900000       387.74857
       27.950000       386.61913
       28.000000       385.90092
       28.050000       385.47249
       28.100000       384.83332
       28.150000       383.52313
       28.200000       381.51817
       28.250000       379.25234
       28.300000       377.24810
       28.350000       375.68913
       28.400000       374.32004
       28.450000       372.73656
       28.500000       370.79489
       28.550000       368.74858
       28.600000       366.99460
       28.650000       365.67710
       28.700000       364.52497
       28.750000       363.08271
       28.800000       361.13336
       28.850000       358.91582
       28.900000       356.94305
       28.950000       355.57616
       29.000000       354.74783
       29.050000       354.07975
       29.100000       353.28618
       29.150000       352.48420
       29.200000       352.12015
       29.250000       352.57383
       29.300000       353.80352
       29.350000       355.35518
       29.400000       356.73377
       29.450000       357.80248
       29.500000       358.85765
       29.550000       360.31491
       29.600000       362.30305
       29.650000       364.54254
       29.700000       366.60238
       29.750000       368.29965
       29.800000       369.86228
       29.850000       371.69822
       29.900000       373.99003
       29.950000       376.48746
       30.000000       378.69841
