       0.0000000       0.0000000
     0.050000000   -0.0019092416
      0.10000000   -0.0023648660
      0.15000000    0.0075819514
      0.20000000     0.028400784
      0.25000000     0.050103031
      0.30000000     0.064395687
      0.35000000     0.077426525
      0.40000000      0.10652079
      0.45000000      0.16114956
      0.50000000      0.22793681
      0.55000000      0.27923976
      0.60000000      0.30155016
      0.65000000      0.31621851
      0.70000000      0.36746730
      0.75000000      0.48347473
      0.80000000      0.64699088
      0.85000000      0.80932016
      0.90000000      0.94214261
      0.95000000       1.0799992
       1.0000000       1.3049906
       1.0500000       1.6733667
       1.1000000       2.1418685
       1.1500000       2.5656402
       1.2000000       2.7877278
       1.2500000       2.7612628
       1.3000000       2.6065016
       1.3500000       2.5462100
       1.4000000       2.7585117
       1.4500000       3.2610362
       1.5000000       3.9303579
       1.5500000       4.6643983
       1.6000000       5.5794016
       1.6500000       7.0811707
       1.7000000       9.7081305
       1.7500000       13.783915
       1.8000000       19.058489
       1.8500000       24.570185
       1.9000000       28.880487
       1.9500000       30.640355
       2.0000000       29.235055
       2.0500000       25.154014
       2.1000000       19.829598
       2.1500000       14.973434
       2.2000000       11.755171
       2.2500000       10.310274
       2.3000000       9.8855654
       2.3500000       9.5178317
       2.4000000       8.7602820
       2.4500000       7.9254755
       2.5000000       7.6780190
       2.5500000       8.3356310
       2.6000000       9.5012161
       2.6500000       10.393131
       2.7000000       10.628088
       2.7500000       10.747744
       2.8000000       11.919016
       2.8500000       14.952934
       2.9000000       19.509911
       2.9500000       24.399926
       3.0000000       29.042230
       3.0500000       35.003108
       3.1000000       46.063736
       3.1500000       66.090800
       3.2000000       95.682023
       3.2500000       129.88630
       3.3000000       159.06953
       3.3500000       173.08568
       3.4000000       166.55553
       3.4500000       141.96159
       3.5000000       108.46200
       3.5500000       77.032423
       3.6000000       54.987548
       3.6500000       43.244913
       3.7000000       37.709488
       3.7500000       33.305914
       3.8000000       27.574275
       3.8500000       21.470370
       3.9000000       17.372813
       3.9500000       16.384020
       4.0000000       17.244684
       4.0500000       17.550453
       4.1000000       15.941390
       4.1500000       13.225752
       4.2000000       11.488238
       4.2500000       12.079560
       4.3000000       14.343070
       4.3500000       16.206578
       4.4000000       16.057764
       4.4500000       14.174908
       4.5000000       12.420300
       4.5500000       12.501887
       4.6000000       14.416242
       4.6500000       16.513008
       4.7000000       17.121503
       4.7500000       16.221089
       4.8000000       15.568396
       4.8500000       17.112717
       4.9000000       21.153009
       4.9500000       26.007705
       5.0000000       29.609046
       5.0500000       31.601309
       5.1000000       33.914250
       5.1500000       39.086818
       5.2000000       47.743603
       5.2500000       57.632746
       5.3000000       65.441175
       5.3500000       70.076329
       5.4000000       74.477605
       5.4500000       83.942910
       5.5000000       101.93119
       5.5500000       126.87262
       5.6000000       153.25522
       5.6500000       176.93727
       5.7000000       200.72025
       5.7500000       235.03910
       5.8000000       291.66205
       5.8500000       373.67242
       5.9000000       468.64320
       5.9500000       550.80737
       6.0000000       592.35353
       6.0500000       577.66572
       6.1000000       511.85099
       6.1500000       418.24149
       6.2000000       326.44558
       6.2500000       258.29026
       6.3000000       219.73131
       6.3500000       202.39405
       6.4000000       192.12939
       6.4500000       178.20830
       6.5000000       157.71015
       6.5500000       133.86695
       6.6000000       111.31316
       6.6500000       92.385448
       6.7000000       76.669822
       6.7500000       62.946954
       6.8000000       51.068888
       6.8500000       42.046662
       6.9000000       36.643780
       6.9500000       34.130107
       7.0000000       32.497723
       7.0500000       29.932404
       7.1000000       26.153226
       7.1500000       22.412439
       7.2000000       20.204334
       7.2500000       19.876574
       7.3000000       20.350691
       7.3500000       20.115795
       7.4000000       18.537853
       7.4500000       16.317663
       7.5000000       14.758007
       7.5500000       14.565998
       7.6000000       15.275782
       7.6500000       15.757351
       7.7000000       15.286305
       7.7500000       14.184315
       7.8000000       13.479789
       7.8500000       13.945285
       7.9000000       15.409991
       7.9500000       16.957887
       8.0000000       17.796714
       8.0500000       17.981895
       8.1000000       18.330683
       8.1500000       19.614659
       8.2000000       21.776958
       8.2500000       23.901436
       8.3000000       24.985176
       8.3500000       24.842783
       8.4000000       24.336265
       8.4500000       24.703386
       8.5000000       26.535319
       8.5500000       29.268865
       8.6000000       31.636069
       8.6500000       32.722007
       8.7000000       32.775461
       8.7500000       33.116693
       8.8000000       35.198277
       8.8500000       39.521517
       8.9000000       45.191710
       8.9500000       50.386444
       9.0000000       53.358186
       9.0500000       53.287870
       9.1000000       50.522841
       9.1500000       46.214949
       9.2000000       41.726278
       9.2500000       38.165544
       9.3000000       36.181209
       9.3500000       35.928224
       9.4000000       37.110002
       9.4500000       39.105321
       9.5000000       41.228845
       9.5500000       43.065870
       9.6000000       44.678475
       9.6500000       46.490702
       9.7000000       48.878464
       9.7500000       51.752914
       9.8000000       54.482709
       9.8500000       56.262059
       9.9000000       56.668881
       9.9500000       55.984243
       10.000000       55.025298
       10.050000       54.650098
       10.100000       55.365740
       10.150000       57.372024
       10.200000       60.952793
       10.250000       66.760832
       10.300000       75.571912
       10.350000       87.530129
       10.400000       101.42378
       10.450000       114.66473
       10.500000       124.21695
       10.550000       128.02122
       10.600000       126.02460
       10.650000       120.11804
       10.700000       113.00238
       10.750000       106.73161
       10.800000       101.86784
       10.850000       97.709621
       10.900000       93.270412
       10.950000       88.200479
       11.000000       82.991223
       11.050000       78.434497
       11.100000       74.900779
       11.150000       72.089837
       11.200000       69.457768
       11.250000       66.927741
       11.300000       65.248362
       11.350000       65.662197
       11.400000       69.123107
       11.450000       75.670532
       11.500000       84.428360
       11.550000       94.180989
       11.600000       104.02995
       11.650000       113.61783
       11.700000       122.82944
       11.750000       131.34938
       11.800000       138.57074
       11.850000       144.00179
       11.900000       147.83142
       11.950000       151.12099
       12.000000       155.38510
       12.050000       161.85006
       12.100000       170.97214
       12.150000       182.56945
       12.200000       196.36125
       12.250000       212.30454
       12.300000       230.29330
       12.350000       249.40620
       12.400000       267.45566
       12.450000       281.53909
       12.500000       289.53957
       12.550000       291.63893
       12.600000       290.63681
       12.650000       290.54059
       12.700000       294.10050
       12.750000       300.85300
       12.800000       307.02157
       12.850000       307.47415
       12.900000       298.55607
       12.950000       280.07854
       13.000000       255.35195
       13.050000       229.48887
       13.100000       207.19758
       13.150000       191.36548
       13.200000       182.88816
       13.250000       181.27317
       13.300000       185.23584
       13.350000       192.97358
       13.400000       202.45979
       13.450000       212.22588
       13.500000       222.53361
       13.550000       236.04727
       13.600000       257.01692
       13.650000       288.81438
       13.700000       331.00672
       13.750000       377.88962
       13.800000       419.83097
       13.850000       447.09043
       13.900000       454.12293
       13.950000       441.91158
       14.000000       417.05537
       14.050000       388.32145
       14.100000       362.82617
       14.150000       343.97732
       14.200000       331.87394
       14.250000       325.17760
       14.300000       322.74954
       14.350000       323.93833
       14.400000       327.76054
       14.450000       332.15708
       14.500000       334.32574
       14.550000       332.11227
       14.600000       325.41110
       14.650000       316.41078
       14.700000       308.38542
       14.750000       303.83213
       14.800000       303.30323
       14.850000       305.70359
       14.900000       309.74400
       14.950000       315.38864
       15.000000       324.22879
       15.050000       338.57492
       15.100000       360.04965
       15.150000       388.75873
       15.200000       423.56906
       15.250000       463.08813
       15.300000       506.40896
       15.350000       552.91468
       15.400000       601.27683
       15.450000       648.52418
       15.500000       690.11993
       15.550000       721.31107
       15.600000       739.09856
       15.650000       743.69389
       15.700000       738.54208
       15.750000       728.85238
       15.800000       719.36061
       15.850000       712.41677
       15.900000       707.26605
       15.950000       700.73528
       16.000000       688.97622
       16.050000       669.50535
       16.100000       642.73831
       16.150000       612.34293
       16.200000       584.12741
       16.250000       563.72713
       16.300000       554.01222
       16.350000       553.45895
       16.400000       556.53892
       16.450000       556.21695
       16.500000       547.42715
       16.550000       529.65513
       16.600000       507.07605
       16.650000       486.05719
       16.700000       471.50395
       16.750000       464.28383
       16.800000       461.31670
       16.850000       458.14629
       16.900000       452.14613
       16.950000       444.14793
       17.000000       437.49056
       17.050000       435.40678
       17.100000       438.88767
       17.150000       446.68629
       17.200000       457.39421
       17.250000       471.74659
       17.300000       493.01154
       17.350000       524.72631
       17.400000       567.18471
       17.450000       615.26331
       17.500000       659.47905
       17.550000       689.98346
       17.600000       701.13590
       17.650000       693.84046
       17.700000       674.35203
       17.750000       650.58329
       17.800000       628.42914
       17.850000       610.27431
       17.900000       596.00794
       17.950000       585.14782
       18.000000       578.12349
       18.050000       575.86790
       18.100000       578.41874
       18.150000       584.03412
       18.200000       589.76949
       18.250000       593.13842
       18.300000       593.49478
       18.350000       591.99727
       18.400000       590.19134
       18.450000       588.36528
       18.500000       585.03660
       18.550000       578.00312
       18.600000       566.17710
       18.650000       550.80091
       18.700000       535.13077
       18.750000       522.77600
       18.800000       515.77011
       18.850000       513.55323
       18.900000       513.33001
       18.950000       511.43429
       19.000000       504.90754
       19.050000       492.56514
       19.100000       475.29838
       19.150000       455.65702
       19.200000       436.89108
       19.250000       421.73858
       19.300000       411.32285
       19.350000       404.67342
       19.400000       399.24328
       19.450000       392.29395
       19.500000       382.48604
       19.550000       370.72914
       19.600000       359.73361
       19.650000       352.51976
       19.700000       350.79936
       19.750000       354.22478
       19.800000       360.83444
       19.850000       368.24320
       19.900000       374.70680
       19.950000       379.49922
       20.000000       382.65430
       20.050000       384.58397
       20.100000       385.95002
       20.150000       387.72398
       20.200000       391.02914
       20.250000       396.56603
       20.300000       403.93121
       20.350000       411.46938
       20.400000       417.05475
       20.450000       419.45010
       20.500000       419.31780
       20.550000       419.02437
       20.600000       421.22189
       20.650000       427.10563
       20.700000       435.59348
       20.750000       444.01069
       20.800000       449.80716
       20.850000       452.08006
       20.900000       451.83613
       20.950000       450.90536
       21.000000       450.38048
       21.050000       449.74076
       21.100000       447.24611
       21.150000       441.21215
       21.200000       431.21172
       21.250000       418.42903
       21.300000       405.06127
       21.350000       393.32988
       21.400000       384.75575
       21.450000       379.96359
       21.500000       378.84842
       21.550000       380.75130
       21.600000       384.52050
       21.650000       388.62922
       21.700000       391.54410
       21.750000       392.32450
       21.800000       391.09372
       21.850000       389.01960
       21.900000       387.69954
       21.950000       388.27871
       22.000000       390.82956
       22.050000       394.33386
       22.100000       397.23594
       22.150000       398.20001
       22.200000       396.65164
       22.250000       392.87953
       22.300000       387.77125
       22.350000       382.38125
       22.400000       377.54702
       22.450000       373.67319
       22.500000       370.72281
       22.550000       368.38893
       22.600000       366.36603
       22.650000       364.55058
       22.700000       363.01979
       22.750000       361.76192
       22.800000       360.33284
       22.850000       357.75199
       22.900000       352.82848
       22.950000       344.80349
       23.000000       333.92325
       23.050000       321.49648
       23.100000       309.35838
       23.150000       299.02219
       23.200000       291.09013
       23.250000       285.26072
       23.300000       280.86150
       23.350000       277.44940
       23.400000       275.03722
       23.450000       273.82765
       23.500000       273.77017
       23.550000       274.36007
       23.600000       274.86434
       23.650000       274.77771
       23.700000       274.12357
       23.750000       273.35187
       23.800000       272.94766
       23.850000       273.08607
       23.900000       273.60184
       23.950000       274.24438
       24.000000       274.93858
       24.050000       275.80397
       24.100000       276.93802
       24.150000       278.20671
       24.200000       279.29265
       24.250000       279.98854
       24.300000       280.48356
       24.350000       281.34738
       24.400000       283.15920
       24.450000       286.04602
       24.500000       289.47690
       24.550000       292.50623
       24.600000       294.28530
       24.650000       294.49392
       24.700000       293.41936
       24.750000       291.69447
       24.800000       289.93482
       24.850000       288.52622
       24.900000       287.62380
       24.950000       287.23777
       25.000000       287.25815
       25.050000       287.40512
       25.100000       287.22475
       25.150000       286.23876
       25.200000       284.19944
       25.250000       281.25349
       25.300000       277.87022
       25.350000       274.53345
       25.400000       271.42978
       25.450000       268.36946
       25.500000       264.98992
       25.550000       261.10167
       25.600000       256.89366
       25.650000       252.87717
       25.700000       249.62704
       25.750000       247.51037
       25.800000       246.58000
       25.850000       246.61392
       25.900000       247.22196
       25.950000       247.91272
       26.000000       248.15383
       26.050000       247.48063
       26.100000       245.66079
       26.150000       242.82676
       26.200000       239.41210
       26.250000       235.90743
       26.300000       232.55716
       26.350000       229.23982
       26.400000       225.63527
       26.450000       221.56687
       26.500000       217.25147
       26.550000       213.26034
       26.600000       210.21418
       26.650000       208.45797
       26.700000       207.94919
       26.750000       208.41278
       26.800000       209.58949
       26.850000       211.34936
       26.900000       213.58929
       26.950000       216.05463
       27.000000       218.28940
       27.050000       219.80736
       27.100000       220.34867
       27.150000       219.99827
       27.200000       219.05448
       27.250000       217.76145
       27.300000       216.14003
       27.350000       214.06928
       27.400000       211.53987
       27.450000       208.83792
       27.500000       206.47517
       27.550000       204.90632
       27.600000       204.27212
       27.650000       204.38554
       27.700000       204.97412
       27.750000       205.95798
       27.800000       207.50916
       27.850000       209.84030
       27.900000       212.89882
       27.950000       216.24880
       28.000000       219.25329
       28.050000       221.42341
       28.100000       222.66056
       28.150000       223.20973
       28.200000       223.39274
       28.250000       223.34818
       28.300000       222.97997
       28.350000       222.11128
       28.400000       220.66192
       28.450000       218.68352
       28.500000       216.23530
       28.550000       213.26129
       28.600000       209.60910
       28.650000       205.20484
       28.700000       200.20643
       28.750000       194.98774
       28.800000       189.93149
       28.850000       185.21041
       28.900000       180.74618
       28.950000       176.39551
       29.000000       172.19543
       29.050000       168.44757
       29.100000       165.54911
       29.150000       163.70535
       29.200000       162.76539
       29.250000       162.32181
       29.300000       161.99216
       29.350000       161.65106
       29.400000       161.42931
       29.450000       161.50328
       29.500000       161.86919
       29.550000       162.29704
       29.600000       162.48305
       29.650000       162.25145
       29.700000       161.62274
       29.750000       160.71154
       29.800000       159.56791
       29.850000       158.12817
       29.900000       156.31949
       29.950000       154.20476
       30.000000       152.01229
