       0.0000000       0.0000000
     0.050000000   -0.0053734418
      0.10000000     0.013081598
      0.15000000      0.11117557
      0.20000000      0.28140071
      0.25000000      0.44130971
      0.30000000      0.52521652
      0.35000000      0.58392609
      0.40000000      0.76790841
      0.45000000       1.1838331
      0.50000000       1.7625107
      0.55000000       2.2940720
      0.60000000       2.6308694
      0.65000000       2.8716058
      0.70000000       3.3217476
      0.75000000       4.2267960
      0.80000000       5.5204248
      0.85000000       6.8649044
      0.90000000       8.0071563
      0.95000000       9.1422914
       1.0000000       10.901672
       1.0500000       13.895952
       1.1000000       18.208780
       1.1500000       23.402554
       1.2000000       29.218262
       1.2500000       36.465845
       1.3000000       47.202764
       1.3500000       63.651474
       1.4000000       86.270996
       1.4500000       112.27257
       1.5000000       135.87066
       1.5500000       150.53613
       1.6000000       152.10993
       1.6500000       140.90427
       1.7000000       121.45019
       1.7500000       100.05835
       1.8000000       81.758357
       1.8500000       68.471822
       1.9000000       59.300016
       1.9500000       52.318292
       2.0000000       46.384706
       2.0500000       41.740859
       2.1000000       39.301435
       2.1500000       39.498989
       2.2000000       41.707109
       2.2500000       44.588461
       2.3000000       46.906951
       2.3500000       48.077613
       2.4000000       48.137351
       2.4500000       47.413102
       2.5000000       46.360340
       2.5500000       45.701469
       2.6000000       46.518868
       2.6500000       49.889719
       2.7000000       56.104784
       2.7500000       64.066934
       2.8000000       71.521506
       2.8500000       76.196325
       2.9000000       77.135344
       2.9500000       75.265913
       3.0000000       72.768311
       3.0500000       71.745512
       3.1000000       73.240661
       3.1500000       77.273812
       3.2000000       83.659809
       3.2500000       92.656935
       3.3000000       104.70728
       3.3500000       119.43746
       3.4000000       134.92916
       3.4500000       148.17161
       3.5000000       156.63409
       3.5500000       159.83947
       3.6000000       159.66667
       3.6500000       159.10454
       3.7000000       160.48902
       3.7500000       164.73429
       3.8000000       172.17474
       3.8500000       184.08051
       3.9000000       203.05201
       3.9500000       231.25079
       4.0000000       267.36320
       4.0500000       304.70212
       4.1000000       332.59406
       4.1500000       341.01914
       4.2000000       325.95848
       4.2500000       291.97494
       4.3000000       250.12230
       4.3500000       212.34543
       4.4000000       185.86979
       4.4500000       170.98875
       4.5000000       163.20532
       4.5500000       157.67709
       4.6000000       152.59972
       4.6500000       149.36146
       4.7000000       149.98300
       4.7500000       154.36809
       4.8000000       159.76625
       4.8500000       162.82218
       4.9000000       162.38685
       4.9500000       160.65776
       5.0000000       161.63605
       5.0500000       168.08894
       5.1000000       179.42404
       5.1500000       192.13398
       5.2000000       202.42344
       5.2500000       208.93994
       5.3000000       213.52359
       5.3500000       219.53951
       5.4000000       229.29098
       5.4500000       242.69292
       5.5000000       258.28312
       5.5500000       275.64605
       5.6000000       297.04284
       5.6500000       326.50887
       5.7000000       366.60720
       5.7500000       414.99492
       5.8000000       463.44947
       5.8500000       500.58830
       5.9000000       517.10014
       5.9500000       510.52928
       6.0000000       486.72451
       6.0500000       456.98779
       6.1000000       432.47359
       6.1500000       418.98508
       6.2000000       414.94131
       6.2500000       413.35824
       6.3000000       406.36471
       6.3500000       389.49555
       6.4000000       363.45888
       6.4500000       332.80483
       6.5000000       302.79533
       6.5500000       276.60185
       6.6000000       254.40723
       6.6500000       234.51293
       6.7000000       215.28611
       6.7500000       196.45422
       6.8000000       178.99832
       6.8500000       164.03648
       6.9000000       151.77322
       6.9500000       141.36445
       7.0000000       131.70315
       7.0500000       122.38811
       7.1000000       114.02075
       7.1500000       107.60722
       7.2000000       103.58217
       7.2500000       101.27807
       7.3000000       99.267810
       7.3500000       96.294422
       7.4000000       92.033991
       7.4500000       87.118602
       7.5000000       82.465468
       7.5500000       78.517220
       7.6000000       75.010869
       7.6500000       71.409575
       7.7000000       67.561574
       7.7500000       63.978903
       7.8000000       61.490622
       7.8500000       60.576789
       7.9000000       60.963550
       7.9500000       61.829015
       8.0000000       62.451469
       8.0500000       62.766008
       8.1000000       63.388792
       8.1500000       65.110539
       8.2000000       68.276448
       8.2500000       72.519295
       8.3000000       76.990481
       8.3500000       80.845726
       8.4000000       83.600067
       8.4500000       85.160868
       8.5000000       85.652342
       8.5500000       85.283581
       8.6000000       84.373919
       8.6500000       83.439158
       8.7000000       83.132413
       8.7500000       83.991146
       8.8000000       86.149449
       8.8500000       89.256087
       8.9000000       92.687105
       8.9500000       95.895455
       9.0000000       98.640248
       9.0500000       100.96689
       9.1000000       103.03844
       9.1500000       105.02687
       9.2000000       107.14888
       9.2500000       109.73255
       9.3000000       113.11666
       9.3500000       117.35863
       9.4000000       121.99182
       9.4500000       126.13453
       9.5000000       129.01279
       9.5500000       130.57546
       9.6000000       131.69480
       9.6500000       133.69863
       9.7000000       137.49563
       9.7500000       142.92467
       9.8000000       148.85373
       9.8500000       153.98422
       9.9000000       157.75901
       9.9500000       160.65769
       10.000000       163.64168
       10.050000       167.19161
       10.100000       170.72394
       10.150000       172.88799
       10.200000       172.54758
       10.250000       169.71677
       10.300000       165.74306
       10.350000       162.60854
       10.400000       161.85163
       10.450000       163.83735
       10.500000       167.76621
       10.550000       172.25305
       10.600000       175.98251
       10.650000       178.07178
       10.700000       178.13339
       10.750000       176.28900
       10.800000       173.27456
       10.850000       170.50006
       10.900000       169.76693
       10.950000       172.56009
       11.000000       179.24739
       11.050000       188.73403
       11.100000       198.92567
       11.150000       207.80533
       11.200000       214.45904
       11.250000       219.39572
       11.300000       223.99141
       11.350000       229.49263
       11.400000       236.30074
       11.450000       243.97889
       11.500000       251.89851
       11.550000       259.98094
       11.600000       269.01866
       11.650000       280.39282
       11.700000       295.44398
       11.750000       314.88484
       11.800000       338.52553
       11.850000       365.31855
       11.900000       393.57358
       11.950000       421.23847
       12.000000       446.20397
       12.050000       466.64585
       12.100000       481.33114
       12.150000       489.78200
       12.200000       492.23296
       12.250000       489.44211
       12.300000       482.51436
       12.350000       472.81076
       12.400000       461.91881
       12.450000       451.53360
       12.500000       443.19396
       12.550000       437.98397
       12.600000       436.38914
       12.650000       438.40582
       12.700000       443.78520
       12.750000       452.16289
       12.800000       462.97179
       12.850000       475.29355
       12.900000       487.97717
       12.950000       500.17710
       13.000000       512.03201
       13.050000       524.89198
       13.100000       540.66902
       13.150000       560.47758
       13.200000       583.37592
       13.250000       606.18351
       13.300000       624.73056
       13.350000       635.95837
       13.400000       639.61963
       13.450000       638.50373
       13.500000       637.02891
       13.550000       639.07632
       13.600000       646.36335
       13.650000       658.17875
       13.700000       672.35328
       13.750000       686.58160
       13.800000       699.21801
       13.850000       709.23956
       13.900000       715.86765
       13.950000       718.38155
       14.000000       716.52439
       14.050000       711.04073
       14.100000       703.83346
       14.150000       697.40622
       14.200000       693.82802
       14.250000       693.90009
       14.300000       697.06560
       14.350000       702.07326
       14.400000       707.90340
       14.450000       714.32734
       14.500000       721.83390
       14.550000       731.11162
       14.600000       742.59006
       14.650000       756.33214
       14.700000       772.25260
       14.750000       790.32804
       14.800000       810.50320
       14.850000       832.26368
       14.900000       854.31795
       14.950000       874.69142
       15.000000       891.41862
       15.050000       903.52526
       15.100000       911.78294
       15.150000       918.60861
       15.200000       927.13302
       15.250000       939.71565
       15.300000       956.75348
       15.350000       976.39996
       15.400000       995.52361
       15.450000       1011.3965
       15.500000       1023.3158
       15.550000       1033.1925
       15.600000       1044.7371
       15.650000       1061.5833
       15.700000       1085.3096
       15.750000       1114.4394
       15.800000       1144.9072
       15.850000       1171.7284
       15.900000       1190.9922
       15.950000       1201.2003
       16.000000       1203.3739
       16.050000       1200.1499
       16.100000       1194.4423
       16.150000       1188.3938
       16.200000       1182.9423
       16.250000       1177.9965
       16.300000       1172.8747
       16.350000       1166.7350
       16.400000       1158.8549
       16.450000       1148.6848
       16.500000       1135.8731
       16.550000       1120.2670
       16.600000       1101.9376
       16.650000       1081.2956
       16.700000       1059.2651
       16.750000       1037.3799
       16.800000       1017.7407
       16.850000       1002.6486
       16.900000       994.05465
       16.950000       992.95777
       17.000000       999.02645
       17.050000       1010.6366
       17.100000       1025.2480
       17.150000       1039.9164
       17.200000       1051.9598
       17.250000       1059.4579
       17.300000       1061.7636
       17.350000       1059.7879
       17.400000       1055.8285
       17.450000       1052.8434
       17.500000       1053.2828
       17.550000       1057.8700
       17.600000       1065.1113
       17.650000       1071.7874
       17.700000       1074.3649
       17.750000       1070.5050
       17.800000       1059.9434
       17.850000       1044.2944
       17.900000       1026.0408
       17.950000       1007.4330
       18.000000       989.92105
       18.050000       974.24608
       18.100000       960.85085
       18.150000       950.10269
       18.200000       942.14685
       18.250000       936.60027
       18.300000       932.51167
       18.350000       928.68650
       18.400000       924.24520
       18.450000       919.00522
       18.500000       913.33899
       18.550000       907.68008
       18.600000       902.07934
       18.650000       896.14566
       18.700000       889.39939
       18.750000       881.76661
       18.800000       873.84297
       18.850000       866.74180
       18.900000       861.72316
       18.950000       859.75844
       19.000000       861.28485
       19.050000       866.07774
       19.100000       873.21769
       19.150000       881.14646
       19.200000       887.98091
       19.250000       892.04316
       19.300000       892.49392
       19.350000       889.62367
       19.400000       884.60503
       19.450000       878.81184
       19.500000       873.02927
       19.550000       867.19255
       19.600000       860.73019
       19.650000       853.24010
       19.700000       845.01754
       19.750000       836.95157
       19.800000       830.02346
       19.850000       824.77103
       19.900000       821.14819
       19.950000       818.88126
       20.000000       817.88133
       20.050000       818.34928
       20.100000       820.41718
       20.150000       823.62183
       20.200000       826.72441
       20.250000       828.04886
       20.300000       826.24695
       20.350000       820.91988
       20.400000       812.72988
       20.450000       802.97652
       20.500000       792.99815
       20.550000       783.71677
       20.600000       775.59445
       20.650000       768.78635
       20.700000       763.29391
       20.750000       758.98323
       20.800000       755.54003
       20.850000       752.52745
       20.900000       749.57342
       20.950000       746.57109
       21.000000       743.71182
       21.050000       741.31537
       21.100000       739.58042
       21.150000       738.45573
       21.200000       737.71302
       21.250000       737.11738
       21.300000       736.52760
       21.350000       735.84927
       21.400000       734.93789
       21.450000       733.59771
       21.500000       731.72848
       21.550000       729.49777
       21.600000       727.33475
       21.650000       725.70004
       21.700000       724.75610
       21.750000       724.20839
       21.800000       723.44482
       21.850000       721.87012
       21.900000       719.18975
       21.950000       715.42532
       22.000000       710.71547
       22.050000       705.12791
       22.100000       698.67945
       22.150000       691.54865
       22.200000       684.25357
       22.250000       677.56986
       22.300000       672.17949
       22.350000       668.30127
       22.400000       665.59091
       22.450000       663.39276
       22.500000       661.15218
       22.550000       658.65841
       22.600000       655.95316
       22.650000       653.03901
       22.700000       649.67410
       22.750000       645.45745
       22.800000       640.13368
       22.850000       633.84035
       22.900000       627.06920
       22.950000       620.35695
       23.000000       613.96374
       23.050000       607.80176
       23.100000       601.65039
       23.150000       595.45328
       23.200000       589.43582
       23.250000       583.94704
       23.300000       579.18488
       23.350000       575.06664
       23.400000       571.34355
       23.450000       567.86157
       23.500000       564.72094
       23.550000       562.19607
       23.600000       560.49880
       23.650000       559.60023
       23.700000       559.27277
       23.750000       559.29107
       23.800000       559.61084
       23.850000       560.35758
       23.900000       561.64178
       23.950000       563.38295
       24.000000       565.29280
       24.050000       567.02921
       24.100000       568.35074
       24.150000       569.15199
       24.200000       569.35176
       24.250000       568.79490
       24.300000       567.29410
       24.350000       564.80655
       24.400000       561.57848
       24.450000       558.08882
       24.500000       554.80148
       24.550000       551.90232
       24.600000       549.24318
       24.650000       546.52696
       24.700000       543.58903
       24.750000       540.51316
       24.800000       537.50498
       24.850000       534.63985
       24.900000       531.73118
       24.950000       528.45335
       25.000000       524.61831
       25.050000       520.36617
       25.100000       516.09244
       25.150000       512.16958
       25.200000       508.69089
       25.250000       505.44965
       25.300000       502.14694
       25.350000       498.62837
       25.400000       494.94589
       25.450000       491.21365
       25.500000       487.41848
       25.550000       483.40196
       25.600000       479.03311
       25.650000       474.41656
       25.700000       469.91453
       25.750000       465.93753
       25.800000       462.66189
       25.850000       459.93031
       25.900000       457.43325
       25.950000       455.01375
       26.000000       452.84012
       26.050000       451.27383
       26.100000       450.54062
       26.150000       450.48355
       26.200000       450.60209
       26.250000       450.34525
       26.300000       449.41484
       26.350000       447.83026
       26.400000       445.73968
       26.450000       443.17530
       26.500000       439.99808
       26.550000       436.07669
       26.600000       431.52929
       26.650000       426.78615
       26.700000       422.38657
       26.750000       418.66567
       26.800000       415.59273
       26.850000       412.88420
       26.900000       410.29164
       26.950000       407.79934
       27.000000       405.58399
       27.050000       403.78135
       27.100000       402.29116
       27.150000       400.80098
       27.200000       399.01260
       27.250000       396.85726
       27.300000       394.52375
       27.350000       392.28023
       27.400000       390.25112
       27.450000       388.35737
       27.500000       386.43583
       27.550000       384.41659
       27.600000       382.37613
       27.650000       380.42056
       27.700000       378.53486
       27.750000       376.56173
       27.800000       374.35407
       27.850000       371.96091
       27.900000       369.66764
       27.950000       367.81707
       28.000000       366.55994
       28.050000       365.73930
       28.100000       365.01963
       28.150000       364.14227
       28.200000       363.09991
       28.250000       362.06743
       28.300000       361.17726
       28.350000       360.35003
       28.400000       359.33987
       28.450000       357.97151
       28.500000       356.34083
       28.550000       354.80271
       28.600000       353.72925
       28.650000       353.24813
       28.700000       353.17020
       28.750000       353.15813
       28.800000       352.98031
       28.850000       352.63274
       28.900000       352.23687
       28.950000       351.84173
       29.000000       351.33024
       29.050000       350.52130
       29.100000       349.37393
       29.150000       348.09046
       29.200000       347.00493
       29.250000       346.35075
       29.300000       346.10452
       29.350000       346.04891
       29.400000       345.99476
       29.450000       345.96000
       29.500000       346.14916
       29.550000       346.75175
       29.600000       347.75496
       29.650000       348.93745
       29.700000       350.05116
       29.750000       351.02291
       29.800000       351.98771
       29.850000       353.12813
       29.900000       354.46977
       29.950000       355.83081
       30.000000       356.97232
