       0.0000000       0.0000000
     0.050000000     0.022337614
      0.10000000     0.091819751
      0.15000000      0.21757911
      0.20000000      0.41559513
      0.25000000      0.71179621
      0.30000000       1.1467472
      0.35000000       1.7676855
      0.40000000       2.6109043
      0.45000000       3.6361902
      0.50000000       4.6173989
      0.55000000       5.2031887
      0.60000000       5.2215947
      0.65000000       4.8413226
      0.70000000       4.3540396
      0.75000000       3.9323444
      0.80000000       3.6344586
      0.85000000       3.4740365
      0.90000000       3.4375611
      0.95000000       3.5139794
       1.0000000       3.7066968
       1.0500000       4.0167555
       1.1000000       4.4569259
       1.1500000       5.0605404
       1.2000000       5.8654496
       1.2500000       6.9310181
       1.3000000       8.3552621
       1.3500000       10.257567
       1.4000000       12.779556
       1.4500000       16.047676
       1.5000000       19.985378
       1.5500000       24.138591
       1.6000000       27.913744
       1.6500000       31.236765
       1.7000000       34.737200
       1.7500000       38.693473
       1.8000000       41.908413
       1.8500000       42.500524
       1.9000000       39.977851
       1.9500000       35.787418
       2.0000000       31.766785
       2.0500000       28.839037
       2.1000000       27.205912
       2.1500000       26.908924
       2.2000000       27.945343
       2.2500000       30.367107
       2.3000000       34.431174
       2.3500000       40.475721
       2.4000000       48.810374
       2.4500000       59.584742
       2.5000000       71.825849
       2.5500000       82.506308
       2.6000000       88.177493
       2.6500000       88.449631
       2.7000000       86.599153
       2.7500000       85.765983
       2.8000000       85.496810
       2.8500000       82.865786
       2.9000000       76.226738
       2.9500000       66.896273
       3.0000000       57.447447
       3.0500000       49.448159
       3.1000000       43.221714
       3.1500000       38.738658
       3.2000000       35.866710
       3.2500000       34.317060
       3.3000000       33.895514
       3.3500000       34.415388
       3.4000000       35.401552
       3.4500000       36.379467
       3.5000000       37.247237
       3.5500000       38.108852
       3.6000000       39.066349
       3.6500000       40.235620
       3.7000000       41.787120
       3.7500000       44.005687
       3.8000000       47.185862
       3.8500000       51.449217
       3.9000000       56.976907
       3.9500000       64.277606
       4.0000000       73.822459
       4.0500000       85.257762
       4.1000000       96.608606
       4.1500000       104.54904
       4.2000000       106.84927
       4.2500000       104.65117
       4.3000000       101.28596
       4.3500000       99.587199
       4.4000000       101.17137
       4.4500000       106.73165
       4.5000000       116.04587
       4.5500000       128.58548
       4.6000000       144.28062
       4.6500000       163.63049
       4.7000000       187.81406
       4.7500000       218.58175
       4.8000000       257.57039
       4.8500000       304.66318
       4.9000000       354.48154
       4.9500000       396.18335
       5.0000000       422.85650
       5.0500000       439.66270
       5.1000000       456.24529
       5.1500000       475.26931
       5.2000000       494.47349
       5.2500000       511.68161
       5.3000000       521.14602
       5.3500000       513.97655
       5.4000000       487.56201
       5.4500000       448.35806
       5.5000000       405.04259
       5.5500000       363.77446
       5.6000000       327.55804
       5.6500000       296.87188
       5.7000000       272.50736
       5.7500000       256.66955
       5.8000000       249.56993
       5.8500000       247.90982
       5.9000000       247.89037
       5.9500000       247.83249
       6.0000000       248.77845
       6.0500000       253.03679
       6.1000000       260.54380
       6.1500000       267.96612
       6.2000000       271.91052
       6.2500000       269.67812
       6.3000000       257.96403
       6.3500000       235.74216
       6.4000000       207.23580
       6.4500000       178.58514
       6.5000000       153.42299
       6.5500000       132.88265
       6.6000000       117.02309
       6.6500000       105.32581
       6.7000000       97.256374
       6.7500000       92.541665
       6.8000000       90.955944
       6.8500000       92.265784
       6.9000000       96.008037
       6.9500000       101.34530
       7.0000000       107.49058
       7.0500000       113.86570
       7.1000000       119.79630
       7.1500000       124.28059
       7.2000000       125.69150
       7.2500000       122.37701
       7.3000000       114.58126
       7.3500000       104.81908
       7.4000000       95.682654
       7.4500000       88.416181
       7.5000000       83.254847
       7.5500000       79.571693
       7.6000000       76.246730
       7.6500000       72.864654
       7.7000000       69.838478
       7.7500000       67.369017
       7.8000000       65.197360
       7.8500000       63.093535
       7.9000000       61.055200
       7.9500000       59.316989
       8.0000000       58.215940
       8.0500000       57.931732
       8.1000000       58.475195
       8.1500000       59.694823
       8.2000000       61.231001
       8.2500000       62.917478
       8.3000000       65.144382
       8.3500000       68.490299
       8.4000000       73.224546
       8.4500000       79.109344
       8.5000000       85.329571
       8.5500000       90.947687
       8.6000000       95.671506
       8.6500000       99.754688
       8.7000000       103.36677
       8.7500000       106.59247
       8.8000000       109.53395
       8.8500000       111.78994
       8.9000000       112.39966
       8.9500000       110.92784
       9.0000000       108.26618
       9.0500000       105.89139
       9.1000000       104.46830
       9.1500000       103.59972
       9.2000000       102.88990
       9.2500000       102.65852
       9.3000000       103.36418
       9.3500000       104.91162
       9.4000000       106.86669
       9.4500000       108.80236
       9.5000000       110.13650
       9.5500000       110.30905
       9.6000000       109.43275
       9.6500000       108.03399
       9.7000000       106.05797
       9.7500000       103.08366
       9.8000000       99.573070
       9.8500000       96.863547
       9.9000000       95.804573
       9.9500000       96.090574
       10.000000       96.855937
       10.050000       97.376167
       10.100000       97.230844
       10.150000       96.181675
       10.200000       94.214722
       10.250000       91.772357
       10.300000       89.657556
       10.350000       88.549226
       10.400000       88.792201
       10.450000       90.504142
       10.500000       93.559083
       10.550000       97.572310
       10.600000       101.99447
       10.650000       106.16166
       10.700000       109.56695
       10.750000       112.28957
       10.800000       114.75137
       10.850000       117.06180
       10.900000       119.00735
       10.950000       120.50321
       11.000000       121.65354
       11.050000       122.64838
       11.100000       123.94564
       11.150000       126.42236
       11.200000       131.11428
       11.250000       138.77032
       11.300000       149.62550
       11.350000       163.31266
       11.400000       178.85642
       11.450000       195.19452
       11.500000       212.10247
       11.550000       230.25694
       11.600000       250.19429
       11.650000       271.65146
       11.700000       294.15063
       11.750000       318.16340
       11.800000       345.47193
       11.850000       377.55836
       11.900000       413.12384
       11.950000       447.86794
       12.000000       477.29340
       12.050000       499.80611
       12.100000       517.62543
       12.150000       534.83339
       12.200000       553.82277
       12.250000       573.60316
       12.300000       591.42579
       12.350000       604.97468
       12.400000       613.17017
       12.450000       616.27969
       12.500000       615.18647
       12.550000       610.32882
       12.600000       602.16187
       12.650000       591.72397
       12.700000       579.49147
       12.750000       565.58476
       12.800000       552.33368
       12.850000       544.18503
       12.900000       544.25893
       12.950000       552.69187
       13.000000       567.51363
       13.050000       585.33186
       13.100000       602.31371
       13.150000       615.53515
       13.200000       622.68900
       13.250000       621.54017
       13.300000       611.58961
       13.350000       595.46316
       13.400000       577.05990
       13.450000       558.96032
       13.500000       542.56752
       13.550000       529.57474
       13.600000       521.54353
       13.650000       518.34547
       13.700000       518.50718
       13.750000       520.91607
       13.800000       525.02369
       13.850000       529.92744
       13.900000       534.44008
       13.950000       537.76182
       14.000000       539.73605
       14.050000       541.06891
       14.100000       543.22242
       14.150000       547.48847
       14.200000       554.39024
       14.250000       563.99432
       14.300000       576.11486
       14.350000       590.03987
       14.400000       604.43466
       14.450000       617.77903
       14.500000       629.30064
       14.550000       639.74586
       14.600000       651.00733
       14.650000       664.88771
       14.700000       682.43519
       14.750000       704.15470
       14.800000       730.15707
       14.850000       759.90339
       14.900000       792.25800
       14.950000       826.01645
       15.000000       860.06540
       15.050000       893.27944
       15.100000       925.06548
       15.150000       955.37488
       15.200000       982.90915
       15.250000       1004.1973
       15.300000       1016.3204
       15.350000       1020.0062
       15.400000       1019.1595
       15.450000       1017.9116
       15.500000       1018.3027
       15.550000       1020.1306
       15.600000       1022.8365
       15.650000       1026.9229
       15.700000       1032.8131
       15.750000       1039.8597
       15.800000       1047.7193
       15.850000       1056.7406
       15.900000       1065.6744
       15.950000       1071.0629
       16.000000       1070.2789
       16.050000       1064.2193
       16.100000       1056.6089
       16.150000       1051.4216
       16.200000       1050.7557
       16.250000       1054.1356
       16.300000       1059.1374
       16.350000       1062.7489
       16.400000       1062.7936
       16.450000       1058.7079
       16.500000       1051.2778
       16.550000       1041.6854
       16.600000       1030.9387
       16.650000       1019.9319
       16.700000       1009.3228
       16.750000       998.83108
       16.800000       987.09726
       16.850000       973.05774
       16.900000       957.38863
       16.950000       941.78245
       17.000000       926.79422
       17.050000       911.18036
       17.100000       893.74117
       17.150000       875.25266
       17.200000       858.12117
       17.250000       844.63557
       17.300000       836.05592
       17.350000       832.73821
       17.400000       834.07730
       17.450000       838.46334
       17.500000       843.70004
       17.550000       847.38289
       17.600000       847.59436
       17.650000       844.26421
       17.700000       839.51193
       17.750000       836.04202
       17.800000       835.49651
       17.850000       838.44578
       17.900000       844.99778
       17.950000       855.01018
       18.000000       868.00661
       18.050000       883.00581
       18.100000       898.51284
       18.150000       912.84104
       18.200000       924.50680
       18.250000       932.50508
       18.300000       936.27757
       18.350000       935.63217
       18.400000       931.20734
       18.450000       924.87121
       18.500000       918.81313
       18.550000       914.24854
       18.600000       911.61940
       18.650000       911.25792
       18.700000       912.83921
       18.750000       914.92247
       18.800000       915.90374
       18.850000       915.02858
       18.900000       912.38956
       18.950000       908.11620
       19.000000       901.77640
       19.050000       892.75954
       19.100000       881.44940
       19.150000       869.53265
       19.200000       859.04243
       19.250000       851.19379
       19.300000       845.64025
       19.350000       840.46209
       19.400000       833.13152
       19.450000       821.72370
       19.500000       805.53030
       19.550000       785.19012
       19.600000       762.32655
       19.650000       738.66611
       19.700000       715.41654
       19.750000       693.42373
       19.800000       673.56212
       19.850000       656.86820
       19.900000       644.36058
       19.950000       636.52803
       20.000000       632.81043
       20.050000       631.57854
       20.100000       630.76229
       20.150000       628.79098
       20.200000       625.23765
       20.250000       620.68513
       20.300000       616.21457
       20.350000       612.99418
       20.400000       611.98109
       20.450000       613.71970
       20.500000       618.28832
       20.550000       625.14692
       20.600000       633.10532
       20.650000       640.88810
       20.700000       647.84585
       20.750000       654.11796
       20.800000       660.25287
       20.850000       666.53119
       20.900000       672.34597
       20.950000       676.24650
       21.000000       676.65006
       21.050000       672.55451
       21.100000       664.03011
       21.150000       652.34239
       21.200000       639.39206
       21.250000       626.86175
       21.300000       615.79894
       21.350000       606.68659
       21.400000       599.70871
       21.450000       594.97143
       21.500000       592.30424
       21.550000       590.86893
       21.600000       589.32533
       21.650000       586.59996
       21.700000       582.47807
       21.750000       577.54724
       21.800000       572.61861
       21.850000       568.14548
       21.900000       564.10884
       21.950000       560.26428
       22.000000       556.45118
       22.050000       552.84883
       22.100000       549.95553
       22.150000       548.25497
       22.200000       548.03544
       22.250000       549.47990
       22.300000       552.66772
       22.350000       557.48952
       22.400000       563.66138
       22.450000       570.68938
       22.500000       577.86518
       22.550000       584.49548
       22.600000       590.14487
       22.650000       594.66995
       22.700000       598.12340
       22.750000       600.52973
       22.800000       601.73271
       22.850000       601.54794
       22.900000       599.91799
       22.950000       596.73675
       23.000000       591.66250
       23.050000       584.30010
       23.100000       574.61955
       23.150000       563.18538
       23.200000       550.94923
       23.250000       538.79320
       23.300000       527.29684
       23.350000       516.75942
       23.400000       507.27314
       23.450000       498.92033
       23.500000       491.94502
       23.550000       486.57003
       23.600000       482.74230
       23.650000       480.12852
       23.700000       478.19563
       23.750000       476.29750
       23.800000       473.91203
       23.850000       470.82518
       23.900000       467.06953
       23.950000       462.80495
       24.000000       458.19938
       24.050000       453.30916
       24.100000       448.07942
       24.150000       442.46807
       24.200000       436.57976
       24.250000       430.75365
       24.300000       425.45805
       24.350000       421.09395
       24.400000       417.96174
       24.450000       416.27178
       24.500000       416.01970
       24.550000       416.96547
       24.600000       418.77690
       24.650000       421.09980
       24.700000       423.63858
       24.750000       426.27979
       24.800000       429.00186
       24.850000       431.69467
       24.900000       434.14160
       24.950000       436.09023
       25.000000       437.35467
       25.050000       437.95507
       25.100000       438.05458
       25.150000       437.75128
       25.200000       437.03417
       25.250000       435.83851
       25.300000       434.03733
       25.350000       431.50441
       25.400000       428.16731
       25.450000       424.00371
       25.500000       419.11825
       25.550000       413.79155
       25.600000       408.29985
       25.650000       402.82131
       25.700000       397.51510
       25.750000       392.53122
       25.800000       388.01565
       25.850000       384.18829
       25.900000       381.25620
       25.950000       379.25856
       26.000000       378.05557
       26.050000       377.29969
       26.100000       376.44209
       26.150000       374.95483
       26.200000       372.53899
       26.250000       369.14079
       26.300000       364.94389
       26.350000       360.27942
       26.400000       355.43859
       26.450000       350.63545
       26.500000       346.06757
       26.550000       341.88531
       26.600000       338.21381
       26.650000       335.19099
       26.700000       332.87503
       26.750000       331.20959
       26.800000       330.10869
       26.850000       329.43220
       26.900000       328.96315
       26.950000       328.50289
       27.000000       327.88200
       27.050000       326.94867
       27.100000       325.64947
       27.150000       324.02244
       27.200000       322.11882
       27.250000       320.04617
       27.300000       317.98193
       27.350000       316.10502
       27.400000       314.60824
       27.450000       313.67235
       27.500000       313.32916
       27.550000       313.46344
       27.600000       313.88931
       27.650000       314.34116
       27.700000       314.55666
       27.750000       314.44397
       27.800000       314.10408
       27.850000       313.77150
       27.900000       313.72284
       27.950000       314.08761
       28.000000       314.78569
       28.050000       315.65317
       28.100000       316.50162
       28.150000       317.14921
       28.200000       317.52020
       28.250000       317.60984
       28.300000       317.37715
       28.350000       316.78627
       28.400000       315.83976
       28.450000       314.52848
       28.500000       312.88097
       28.550000       310.99601
       28.600000       308.97677
       28.650000       306.95608
       28.700000       305.11977
       28.750000       303.60800
       28.800000       302.48624
       28.850000       301.78487
       28.900000       301.44242
       28.950000       301.33522
       29.000000       301.38424
       29.050000       301.55291
       29.100000       301.82109
       29.150000       302.23745
       29.200000       302.86126
       29.250000       303.68593
       29.300000       304.70085
       29.350000       305.89213
       29.400000       307.20523
       29.450000       308.61859
       29.500000       310.14500
       29.550000       311.75995
       29.600000       313.45100
       29.650000       315.26388
       29.700000       317.22092
       29.750000       319.32467
       29.800000       321.56599
       29.850000       323.84792
       29.900000       326.02265
       29.950000       328.00055
       30.000000       329.71867
