       0.0000000       0.0000000
     0.050000000     0.025934953
      0.10000000      0.10553001
      0.15000000      0.23911117
      0.20000000      0.42877368
      0.25000000      0.68410858
      0.30000000       1.0092701
      0.35000000       1.4088642
      0.40000000       1.9045449
      0.45000000       2.5103898
      0.50000000       3.2331051
      0.55000000       4.1123703
      0.60000000       5.1876320
      0.65000000       6.4787656
      0.70000000       8.0621797
      0.75000000       10.037970
      0.80000000       12.471350
      0.85000000       15.521268
      0.90000000       19.438475
      0.95000000       24.450483
       1.0000000       30.971684
       1.0500000       39.694373
       1.1000000       51.406452
       1.1500000       67.336715
       1.2000000       89.372148
       1.2500000       119.40688
       1.3000000       158.75408
       1.3500000       205.60194
       1.4000000       249.43739
       1.4500000       272.39572
       1.5000000       263.87136
       1.5500000       231.43556
       1.6000000       191.91120
       1.6500000       156.36867
       1.7000000       127.84351
       1.7500000       106.35158
       1.8000000       90.616624
       1.8500000       78.771697
       1.9000000       69.815290
       1.9500000       63.258065
       2.0000000       58.583231
       2.0500000       55.760372
       2.1000000       54.753946
       2.1500000       54.985266
       2.2000000       55.948405
       2.2500000       57.065789
       2.3000000       57.163034
       2.3500000       55.323462
       2.4000000       51.662356
       2.4500000       47.067226
       2.5000000       42.780974
       2.5500000       39.633072
       2.6000000       37.571048
       2.6500000       36.458636
       2.7000000       36.436155
       2.7500000       37.346965
       2.8000000       38.974443
       2.8500000       41.250081
       2.9000000       43.627420
       2.9500000       45.507774
       3.0000000       47.049338
       3.0500000       48.480882
       3.1000000       49.700722
       3.1500000       50.938414
       3.2000000       52.659114
       3.2500000       55.300397
       3.3000000       59.471263
       3.3500000       65.397806
       3.4000000       72.852918
       3.4500000       82.264001
       3.5000000       94.651016
       3.5500000       111.17042
       3.6000000       133.89973
       3.6500000       165.37849
       3.7000000       207.24291
       3.7500000       259.46365
       3.8000000       315.64772
       3.8500000       358.07703
       3.9000000       367.26934
       3.9500000       340.70485
       4.0000000       294.88756
       4.0500000       248.36678
       4.1000000       210.05028
       4.1500000       181.76885
       4.2000000       162.85657
       4.2500000       151.13134
       4.3000000       144.13354
       4.3500000       140.70971
       4.4000000       140.97014
       4.4500000       145.52401
       4.5000000       154.59430
       4.5500000       166.60557
       4.6000000       177.85521
       4.6500000       185.16772
       4.7000000       189.27431
       4.7500000       194.51614
       4.8000000       205.04375
       4.8500000       221.71226
       4.9000000       241.72023
       4.9500000       260.49673
       5.0000000       274.47775
       5.0500000       281.73524
       5.1000000       280.16777
       5.1500000       268.21528
       5.2000000       248.41041
       5.2500000       226.96652
       5.3000000       208.99009
       5.3500000       196.37370
       5.4000000       189.39324
       5.4500000       187.64564
       5.5000000       190.23248
       5.5500000       196.44306
       5.6000000       205.66483
       5.6500000       217.27852
       5.7000000       231.95522
       5.7500000       251.99387
       5.8000000       279.52817
       5.8500000       315.45140
       5.9000000       358.95096
       5.9500000       404.69954
       6.0000000       441.10401
       6.0500000       456.29218
       6.1000000       448.02713
       6.1500000       425.52213
       6.2000000       401.23297
       6.2500000       383.55999
       6.3000000       376.23489
       6.3500000       378.35185
       6.4000000       382.21880
       6.4500000       375.93214
       6.5000000       352.80369
       6.5500000       317.29014
       6.6000000       279.78378
       6.6500000       247.60244
       6.7000000       222.66684
       6.7500000       204.69251
       6.8000000       192.98003
       6.8500000       185.94030
       6.9000000       181.23645
       6.9500000       176.87885
       7.0000000       172.21101
       7.0500000       167.88503
       7.1000000       164.41501
       7.1500000       161.28885
       7.2000000       158.21236
       7.2500000       155.77833
       7.3000000       153.84435
       7.3500000       150.93016
       7.4000000       146.06390
       7.4500000       139.72327
       7.5000000       132.81264
       7.5500000       125.95229
       7.6000000       119.50592
       7.6500000       113.51498
       7.7000000       107.96678
       7.7500000       103.29082
       7.8000000       100.14302
       7.8500000       98.806792
       7.9000000       98.991117
       7.9500000       99.802324
       8.0000000       99.847655
       8.0500000       98.096053
       8.1000000       94.989378
       8.1500000       92.247769
       8.2000000       91.377071
       8.2500000       92.632664
       8.3000000       95.100969
       8.3500000       97.249503
       8.4000000       97.851871
       8.4500000       96.856120
       8.5000000       95.112311
       8.5500000       93.518837
       8.6000000       92.864991
       8.6500000       93.741103
       8.7000000       96.012277
       8.7500000       98.918565
       8.8000000       101.62417
       8.8500000       103.28892
       8.9000000       103.31702
       8.9500000       101.98587
       9.0000000       100.27828
       9.0500000       99.127733
       9.1000000       99.121550
       9.1500000       100.43934
       9.2000000       102.73693
       9.2500000       105.24182
       9.3000000       107.12503
       9.3500000       108.15473
       9.4000000       108.95716
       9.4500000       110.09242
       9.5000000       111.38511
       9.5500000       112.85074
       9.6000000       115.25641
       9.6500000       119.10844
       9.7000000       124.04691
       9.7500000       129.24223
       9.8000000       133.69907
       9.8500000       136.89970
       9.9000000       139.59013
       9.9500000       143.11686
       10.000000       148.05647
       10.050000       154.04038
       10.100000       160.36217
       10.150000       166.37682
       10.200000       171.64520
       10.250000       175.83269
       10.300000       178.82357
       10.350000       181.16788
       10.400000       183.67248
       10.450000       186.30125
       10.500000       188.15709
       10.550000       188.50393
       10.600000       187.48451
       10.650000       186.21403
       10.700000       186.15673
       10.750000       188.02830
       10.800000       191.43005
       10.850000       195.43834
       10.900000       199.21522
       10.950000       202.52180
       11.000000       206.01623
       11.050000       210.76778
       11.100000       217.56601
       11.150000       226.93374
       11.200000       239.39856
       11.250000       255.21512
       11.300000       273.56532
       11.350000       292.44750
       11.400000       310.06890
       11.450000       325.89350
       11.500000       339.69119
       11.550000       350.88900
       11.600000       359.81001
       11.650000       368.16684
       11.700000       378.03326
       11.750000       391.50495
       11.800000       410.57482
       11.850000       435.88424
       11.900000       465.88814
       11.950000       497.00903
       12.000000       524.07096
       12.050000       542.39629
       12.100000       551.09046
       12.150000       553.38483
       12.200000       553.47995
       12.250000       554.14657
       12.300000       556.93852
       12.350000       563.09684
       12.400000       573.63024
       12.450000       589.00702
       12.500000       609.21731
       12.550000       633.75328
       12.600000       661.06107
       12.650000       688.51559
       12.700000       713.25425
       12.750000       732.51144
       12.800000       743.69096
       12.850000       745.43397
       12.900000       738.61159
       12.950000       726.03555
       13.000000       711.68503
       13.050000       699.31790
       13.100000       691.00570
       13.150000       687.25041
       13.200000       687.82226
       13.250000       691.32108
       13.300000       695.24759
       13.350000       697.80356
       13.400000       698.99483
       13.450000       699.85572
       13.500000       701.15456
       13.550000       702.28291
       13.600000       701.44214
       13.650000       697.23280
       13.700000       689.68381
       13.750000       680.13899
       13.800000       671.22274
       13.850000       665.61323
       13.900000       663.79778
       13.950000       664.36342
       14.000000       666.65449
       14.050000       671.78326
       14.100000       681.47442
       14.150000       696.81461
       14.200000       717.36479
       14.250000       741.21695
       14.300000       765.90549
       14.350000       788.83858
       14.400000       807.93333
       14.450000       823.13120
       14.500000       836.42252
       14.550000       849.29858
       14.600000       860.87507
       14.650000       868.96921
       14.700000       872.75084
       14.750000       874.10529
       14.800000       876.24673
       14.850000       881.39452
       14.900000       890.48236
       14.950000       904.02357
       15.000000       921.65119
       15.050000       941.51390
       15.100000       961.53796
       15.150000       980.97992
       15.200000       1000.3729
       15.250000       1020.2132
       15.300000       1039.8239
       15.350000       1057.1771
       15.400000       1069.9818
       15.450000       1077.5147
       15.500000       1081.5733
       15.550000       1084.9905
       15.600000       1089.3418
       15.650000       1094.9250
       15.700000       1101.9468
       15.750000       1110.1437
       15.800000       1118.0783
       15.850000       1124.1415
       15.900000       1127.7347
       15.950000       1129.4690
       16.000000       1130.3544
       16.050000       1130.3855
       16.100000       1128.4822
       16.150000       1124.7800
       16.200000       1121.2479
       16.250000       1119.0450
       16.300000       1117.1505
       16.350000       1113.8650
       16.400000       1107.9767
       16.450000       1099.0004
       16.500000       1087.7792
       16.550000       1076.3589
       16.600000       1066.7896
       16.650000       1060.1487
       16.700000       1056.0539
       16.750000       1053.3329
       16.800000       1051.6770
       16.850000       1051.9543
       16.900000       1054.7031
       16.950000       1059.0383
       17.000000       1062.4376
       17.050000       1061.4724
       17.100000       1054.0906
       17.150000       1041.4161
       17.200000       1026.7539
       17.250000       1013.5255
       17.300000       1003.7667
       17.350000       997.27540
       17.400000       992.20481
       17.450000       986.95092
       17.500000       981.15188
       17.550000       975.28479
       17.600000       970.12675
       17.650000       966.22475
       17.700000       963.46865
       17.750000       961.24965
       17.800000       959.04456
       17.850000       956.85007
       17.900000       955.45757
       17.950000       955.87576
       18.000000       958.62380
       18.050000       963.69147
       18.100000       970.56068
       18.150000       978.16126
       18.200000       985.43365
       18.250000       991.75881
       18.300000       996.82904
       18.350000       1000.6977
       18.400000       1003.6265
       18.450000       1005.1379
       18.500000       1004.1823
       18.550000       1000.3787
       18.600000       994.31332
       18.650000       986.87262
       18.700000       978.77299
       18.750000       970.16993
       18.800000       960.66792
       18.850000       950.00245
       18.900000       938.41315
       18.950000       926.34420
       19.000000       914.44611
       19.050000       903.53331
       19.100000       894.42059
       19.150000       888.00652
       19.200000       884.73089
       19.250000       883.68304
       19.300000       883.21180
       19.350000       882.31395
       19.400000       880.81571
       19.450000       878.81989
       19.500000       876.51272
       19.550000       874.00797
       19.600000       871.38103
       19.650000       868.80969
       19.700000       866.19226
       19.750000       862.96053
       19.800000       858.48228
       19.850000       852.21749
       19.900000       843.73992
       19.950000       833.33495
       20.000000       822.28311
       20.050000       812.20413
       20.100000       804.30902
       20.150000       798.97391
       20.200000       795.86109
       20.250000       794.57798
       20.300000       794.84250
       20.350000       796.10366
       20.400000       797.80788
       20.450000       799.88858
       20.500000       802.59200
       20.550000       806.31216
       20.600000       811.48007
       20.650000       818.18098
       20.700000       826.06109
       20.750000       834.59244
       20.800000       843.11136
       20.850000       851.00024
       20.900000       857.82555
       20.950000       862.71796
       21.000000       864.24949
       21.050000       861.55303
       21.100000       855.02591
       21.150000       845.89855
       21.200000       835.68347
       21.250000       825.58802
       21.300000       816.04942
       21.350000       806.89389
       21.400000       797.81300
       21.450000       788.57991
       21.500000       779.35047
       21.550000       770.65704
       21.600000       762.88487
       21.650000       756.27506
       21.700000       751.03397
       21.750000       746.95708
       21.800000       743.47620
       21.850000       740.29313
       21.900000       737.43459
       21.950000       734.92655
       22.000000       732.76097
       22.050000       730.83649
       22.100000       729.09751
       22.150000       727.91685
       22.200000       727.79831
       22.250000       728.70932
       22.300000       730.05316
       22.350000       730.88479
       22.400000       730.14353
       22.450000       727.25389
       22.500000       722.36587
       22.550000       715.92876
       22.600000       708.49099
       22.650000       700.63722
       22.700000       692.68504
       22.750000       684.72408
       22.800000       676.85897
       22.850000       669.14716
       22.900000       661.75586
       22.950000       655.14788
       23.000000       649.69057
       23.050000       645.45123
       23.100000       642.48915
       23.150000       640.78127
       23.200000       640.06380
       23.250000       640.04514
       23.300000       640.35467
       23.350000       640.46992
       23.400000       640.14905
       23.450000       639.52121
       23.500000       638.71447
       23.550000       637.83529
       23.600000       636.93012
       23.650000       635.74141
       23.700000       633.97243
       23.750000       631.57013
       23.800000       628.55280
       23.850000       625.08362
       23.900000       621.59432
       23.950000       618.40247
       24.000000       615.60174
       24.050000       613.27700
       24.100000       611.32728
       24.150000       609.49464
       24.200000       607.77432
       24.250000       606.26620
       24.300000       604.85577
       24.350000       603.38607
       24.400000       601.64124
       24.450000       599.20784
       24.500000       595.77232
       24.550000       591.22419
       24.600000       585.51991
       24.650000       578.91120
       24.700000       571.93736
       24.750000       565.01254
       24.800000       558.48542
       24.850000       552.75297
       24.900000       547.94215
       24.950000       543.92270
       25.000000       540.57279
       25.050000       537.64584
       25.100000       534.82498
       25.150000       532.01107
       25.200000       529.16460
       25.250000       526.25923
       25.300000       523.55326
       25.350000       521.40780
       25.400000       520.02115
       25.450000       519.54588
       25.500000       519.90956
       25.550000       520.59849
       25.600000       521.06205
       25.650000       520.95997
       25.700000       520.05371
       25.750000       518.38864
       25.800000       516.28013
       25.850000       513.91917
       25.900000       511.38589
       25.950000       508.76809
       26.000000       505.96992
       26.050000       502.85929
       26.100000       499.48194
       26.150000       495.82178
       26.200000       491.83673
       26.250000       487.75325
       26.300000       483.84357
       26.350000       480.24194
       26.400000       477.11559
       26.450000       474.49303
       26.500000       472.13463
       26.550000       469.85636
       26.600000       467.54406
       26.650000       464.98151
       26.700000       462.07358
       26.750000       458.84038
       26.800000       455.21022
       26.850000       451.28956
       26.900000       447.44061
       26.950000       443.90740
       27.000000       440.83190
       27.050000       438.38496
       27.100000       436.54281
       27.150000       435.18360
       27.200000       434.28319
       27.250000       433.67658
       27.300000       433.05863
       27.350000       432.25115
       27.400000       431.06976
       27.450000       429.32346
       27.500000       427.09605
       27.550000       424.55545
       27.600000       421.75252
       27.650000       418.83690
       27.700000       415.96299
       27.750000       413.10299
       27.800000       410.33445
       27.850000       407.88422
       27.900000       405.87523
       27.950000       404.46224
       28.000000       403.82087
       28.050000       403.83550
       28.100000       404.25259
       28.150000       404.89323
       28.200000       405.48777
       28.250000       405.81413
       28.300000       405.91145
       28.350000       405.80461
       28.400000       405.44826
       28.450000       404.93567
       28.500000       404.31077
       28.550000       403.50366
       28.600000       402.59337
       28.650000       401.67358
       28.700000       400.71902
       28.750000       399.83362
       28.800000       399.14651
       28.850000       398.59405
       28.900000       398.16232
       28.950000       397.90329
       29.000000       397.72657
       29.050000       397.61022
       29.100000       397.65120
       29.150000       397.78767
       29.200000       397.93219
       29.250000       398.11878
       29.300000       398.25635
       29.350000       398.21940
       29.400000       398.05402
       29.450000       397.74377
       29.500000       397.20704
       29.550000       396.51810
       29.600000       395.70880
       29.650000       394.70229
       29.700000       393.58200
       29.750000       392.44487
       29.800000       391.26384
       29.850000       390.12965
       29.900000       389.15278
       29.950000       388.27103
       30.000000       387.49429
