       0.0000000       0.0000000
     0.050000000     0.010961881
      0.10000000     0.042288609
      0.15000000     0.095092919
      0.20000000      0.17937872
      0.25000000      0.30458267
      0.30000000      0.46150560
      0.35000000      0.62356152
      0.40000000      0.77927437
      0.45000000      0.96519596
      0.50000000       1.2512840
      0.55000000       1.6738726
      0.60000000       2.1802436
      0.65000000       2.6620971
      0.70000000       3.0754858
      0.75000000       3.5371857
      0.80000000       4.2739553
      0.85000000       5.4297983
      0.90000000       6.9049422
      0.95000000       8.4251868
       1.0000000       9.8498019
       1.0500000       11.459087
       1.1000000       13.901505
       1.1500000       17.750297
       1.2000000       23.044450
       1.2500000       29.353303
       1.3000000       36.544860
       1.3500000       45.738180
       1.4000000       59.470076
       1.4500000       80.434212
       1.5000000       109.19299
       1.5500000       142.31160
       1.6000000       172.50790
       1.6500000       191.30840
       1.7000000       193.00131
       1.7500000       177.59205
       1.8000000       150.86477
       1.8500000       121.42889
       1.9000000       96.539572
       1.9500000       79.204447
       2.0000000       68.100030
       2.0500000       59.891783
       2.1000000       52.049236
       2.1500000       44.248631
       2.2000000       37.748068
       2.2500000       33.690858
       2.3000000       31.885035
       2.3500000       30.965534
       2.4000000       29.588250
       2.4500000       27.518369
       2.5000000       25.707031
       2.5500000       25.385360
       2.6000000       27.002380
       2.6500000       29.863638
       2.7000000       32.665354
       2.7500000       34.393169
       2.8000000       34.856256
       2.8500000       34.543097
       2.9000000       34.072147
       2.9500000       33.769730
       3.0000000       33.672544
       3.0500000       33.816665
       3.1000000       34.439647
       3.1500000       35.862549
       3.2000000       38.153878
       3.2500000       40.894189
       3.3000000       43.288276
       3.3500000       44.601035
       3.4000000       44.657096
       3.4500000       44.087166
       3.5000000       44.140598
       3.5500000       46.115909
       3.6000000       50.689539
       3.6500000       57.563767
       3.7000000       65.792478
       3.7500000       74.794252
       3.8000000       85.526577
       3.8500000       100.90060
       3.9000000       124.68770
       3.9500000       159.03771
       4.0000000       201.87916
       4.0500000       246.01870
       4.1000000       281.11048
       4.1500000       297.94059
       4.2000000       292.79282
       4.2500000       269.28114
       4.3000000       236.42915
       4.3500000       204.13626
       4.4000000       178.82889
       4.4500000       161.84453
       4.5000000       151.07258
       4.5500000       144.11504
       4.6000000       140.39448
       4.6500000       140.79700
       4.7000000       145.59795
       4.7500000       152.78283
       4.8000000       158.42260
       4.8500000       158.93373
       4.9000000       153.42836
       4.9500000       144.27222
       5.0000000       135.44316
       5.0500000       130.00347
       5.1000000       128.59721
       5.1500000       129.89042
       5.2000000       132.29216
       5.2500000       135.40078
       5.3000000       140.11370
       5.3500000       147.60139
       5.4000000       158.21159
       5.4500000       171.19405
       5.5000000       185.23558
       5.5500000       199.15765
       5.6000000       212.28636
       5.6500000       224.62866
       5.7000000       237.26461
       5.7500000       252.82440
       5.8000000       275.20486
       5.8500000       307.68890
       5.9000000       349.85062
       5.9500000       395.17462
       6.0000000       431.72816
       6.0500000       446.68503
       6.1000000       432.76545
       6.1500000       392.78536
       6.2000000       339.16275
       6.2500000       288.25939
       6.3000000       252.77733
       6.3500000       236.68560
       6.4000000       235.33374
       6.4500000       239.91297
       6.5000000       242.83477
       6.5500000       240.64790
       6.6000000       233.49713
       6.6500000       222.74676
       6.7000000       209.24458
       6.7500000       193.41069
       6.8000000       176.36212
       6.8500000       160.38374
       6.9000000       147.93107
       6.9500000       139.97246
       7.0000000       135.25942
       7.0500000       131.32281
       7.1000000       126.40678
       7.1500000       120.66486
       7.2000000       115.61124
       7.2500000       112.39737
       7.3000000       110.54495
       7.3500000       108.31763
       7.4000000       104.39750
       7.4500000       99.284325
       7.5000000       95.076528
       7.5500000       93.742347
       7.6000000       95.351772
       7.6500000       97.832846
       7.7000000       98.479485
       7.7500000       95.952019
       7.8000000       91.111267
       7.8500000       86.086666
       7.9000000       82.499092
       7.9500000       80.375985
       8.0000000       78.570161
       8.0500000       76.096258
       8.1000000       73.058185
       8.1500000       70.362053
       8.2000000       68.641293
       8.2500000       67.559818
       8.3000000       66.233320
       8.3500000       64.340529
       8.4000000       62.758654
       8.4500000       62.958748
       8.5000000       65.604792
       8.5500000       69.645606
       8.6000000       72.847187
       8.6500000       73.438653
       8.7000000       71.495152
       8.7500000       68.848741
       8.8000000       67.584624
       8.8500000       68.426747
       8.9000000       70.403579
       8.9500000       72.024163
       9.0000000       72.828784
       9.0500000       73.853988
       9.1000000       76.566621
       9.1500000       81.255976
       9.2000000       86.409985
       9.2500000       89.735852
       9.3000000       89.984863
       9.3500000       87.976713
       9.4000000       85.898718
       9.4500000       85.481663
       9.5000000       86.666862
       9.5500000       87.935992
       9.6000000       87.986006
       9.6500000       87.204764
       9.7000000       87.574768
       9.7500000       91.027483
       9.8000000       97.676803
       9.8500000       105.50214
       9.9000000       111.79989
       9.9500000       115.19948
       10.000000       116.55298
       10.050000       118.00508
       10.100000       121.10375
       10.150000       125.57376
       10.200000       129.72807
       10.250000       132.02313
       10.300000       132.34989
       10.350000       131.97718
       10.400000       132.35626
       10.450000       133.96224
       10.500000       136.21209
       10.550000       138.40939
       10.600000       140.71207
       10.650000       144.12871
       10.700000       149.54237
       10.750000       156.69107
       10.800000       164.10813
       10.850000       170.11209
       10.900000       173.96844
       10.950000       176.20251
       11.000000       177.83927
       11.050000       179.35496
       11.100000       180.35133
       11.150000       180.23052
       11.200000       179.16115
       11.250000       178.34841
       11.300000       179.29565
       11.350000       182.77800
       11.400000       188.55362
       11.450000       196.15164
       11.500000       205.95622
       11.550000       219.38511
       11.600000       237.72178
       11.650000       260.45803
       11.700000       284.68374
       11.750000       306.36556
       11.800000       322.81361
       11.850000       334.49437
       11.900000       344.70434
       11.950000       357.20026
       12.000000       373.48769
       12.050000       391.75887
       12.100000       408.19191
       12.150000       419.58986
       12.200000       425.39329
       12.250000       427.78242
       12.300000       430.06032
       12.350000       434.69846
       12.400000       442.40112
       12.450000       452.51852
       12.500000       464.11769
       12.550000       476.74862
       12.600000       490.46984
       12.650000       505.39843
       12.700000       521.31523
       12.750000       537.56242
       12.800000       553.16823
       12.850000       567.03031
       12.900000       578.19849
       12.950000       586.33031
       13.000000       592.14179
       13.050000       597.33971
       13.100000       603.69816
       13.150000       611.57753
       13.200000       618.94286
       13.250000       621.89470
       13.300000       616.77655
       13.350000       602.60860
       13.400000       582.10525
       13.450000       560.39160
       13.500000       542.22653
       13.550000       529.71853
       13.600000       522.11319
       13.650000       517.58702
       13.700000       515.34863
       13.750000       516.20110
       13.800000       521.15571
       13.850000       529.47559
       13.900000       538.12549
       13.950000       543.39841
       14.000000       543.53744
       14.050000       540.19119
       14.100000       537.38460
       14.150000       538.74235
       14.200000       545.15824
       14.250000       554.71550
       14.300000       564.76631
       14.350000       574.29027
       14.400000       584.51962
       14.450000       597.40264
       14.500000       613.40871
       14.550000       630.70741
       14.600000       646.50860
       14.650000       659.38795
       14.700000       670.55540
       14.750000       682.92692
       14.800000       698.77055
       14.850000       717.87994
       14.900000       737.73387
       14.950000       755.35929
       15.000000       769.22210
       15.050000       779.64244
       15.100000       787.66304
       15.150000       793.68819
       15.200000       797.33152
       15.250000       798.56999
       15.300000       798.99586
       15.350000       801.79403
       15.400000       810.08647
       15.450000       824.99860
       15.500000       844.92863
       15.550000       866.65252
       15.600000       887.23124
       15.650000       905.16436
       15.700000       919.93233
       15.750000       930.70866
       15.800000       935.77852
       15.850000       933.48854
       15.900000       924.03007
       15.950000       910.48411
       16.000000       897.86489
       16.050000       890.66530
       16.100000       890.59432
       16.150000       896.08529
       16.200000       903.75795
       16.250000       910.53386
       16.300000       914.77173
       16.350000       915.94435
       16.400000       913.60388
       16.450000       907.01273
       16.500000       895.81967
       16.550000       881.08316
       16.600000       865.40454
       16.650000       851.78686
       16.700000       842.01045
       16.750000       835.84518
       16.800000       831.85317
       16.850000       828.96061
       16.900000       827.51103
       16.950000       828.80584
       17.000000       833.60423
       17.050000       840.92492
       17.100000       848.21158
       17.150000       852.71325
       17.200000       852.90789
       17.250000       848.89173
       17.300000       841.64605
       17.350000       832.19453
       17.400000       821.48552
       17.450000       811.10030
       17.500000       803.70534
       17.550000       802.36369
       17.600000       808.78215
       17.650000       821.77236
       17.700000       837.28451
       17.750000       850.27582
       17.800000       857.17430
       17.850000       857.29906
       17.900000       852.31006
       17.950000       844.44971
       18.000000       835.09002
       18.050000       824.63675
       18.100000       813.49894
       18.150000       802.88469
       18.200000       794.45907
       18.250000       789.12981
       18.300000       786.14614
       18.350000       783.52651
       18.400000       779.58683
       18.450000       774.31976
       18.500000       769.37832
       18.550000       766.63613
       18.600000       766.56039
       18.650000       767.76228
       18.700000       768.15266
       18.750000       766.63211
       18.800000       763.91589
       18.850000       761.77665
       18.900000       761.48029
       18.950000       762.73925
       19.000000       764.08675
       19.050000       764.18114
       19.100000       762.82779
       19.150000       760.84148
       19.200000       758.96201
       19.250000       756.97460
       19.300000       753.83946
       19.350000       748.71509
       19.400000       741.81405
       19.450000       734.26103
       19.500000       727.01278
       19.550000       719.92040
       19.600000       711.84748
       19.650000       701.82264
       19.700000       690.18176
       19.750000       678.61551
       19.800000       669.02277
       19.850000       662.13856
       19.900000       657.17114
       19.950000       652.75107
       20.000000       648.31636
       20.050000       644.65181
       20.100000       643.06613
       20.150000       643.96178
       20.200000       646.13651
       20.250000       647.52535
       20.300000       646.79142
       20.350000       644.39533
       20.400000       642.20341
       20.450000       641.98388
       20.500000       644.09678
       20.550000       647.48950
       20.600000       650.91404
       20.650000       654.19552
       20.700000       658.37595
       20.750000       664.60745
       20.800000       672.80806
       20.850000       681.32551
       20.900000       687.90678
       20.950000       691.12973
       21.000000       691.05326
       21.050000       688.62279
       21.100000       684.50785
       21.150000       678.52917
       21.200000       670.22465
       21.250000       659.96493
       21.300000       649.44763
       21.350000       640.96823
       21.400000       635.99094
       21.450000       634.24208
       21.500000       634.12537
       21.550000       634.08585
       21.600000       633.70937
       21.650000       633.59998
       21.700000       634.22378
       21.750000       634.85418
       21.800000       633.69693
       21.850000       629.16527
       21.900000       621.23467
       21.950000       611.65217
       22.000000       602.78202
       22.050000       596.04562
       22.100000       591.22895
       22.150000       587.15974
       22.200000       583.03346
       22.250000       579.16768
       22.300000       576.56671
       22.350000       575.79216
       22.400000       576.26377
       22.450000       576.65159
       22.500000       575.97144
       22.550000       574.33161
       22.600000       572.61714
       22.650000       571.43575
       22.700000       570.34656
       22.750000       568.13451
       22.800000       563.90139
       22.850000       557.93698
       22.900000       551.52987
       22.950000       545.86071
       23.000000       541.00855
       23.050000       536.01625
       23.100000       529.98745
       23.150000       523.20166
       23.200000       517.15602
       23.250000       513.41317
       23.300000       512.24202
       23.350000       512.28117
       23.400000       511.58273
       23.450000       509.16579
       23.500000       505.74125
       23.550000       503.00161
       23.600000       502.13304
       23.650000       502.86697
       23.700000       503.87860
       23.750000       504.09227
       23.800000       503.64701
       23.850000       503.62323
       23.900000       504.81377
       23.950000       506.72617
       24.000000       507.80292
       24.050000       506.72727
       24.100000       503.62908
       24.150000       500.09002
       24.200000       497.87468
       24.250000       497.50478
       24.300000       497.91602
       24.350000       497.48466
       24.400000       495.46506
       24.450000       492.54176
       24.500000       490.01835
       24.550000       488.42389
       24.600000       486.85907
       24.650000       483.71844
       24.700000       478.14075
       24.750000       470.88043
       24.800000       463.77890
       24.850000       458.31060
       24.900000       454.48617
       24.950000       451.08979
       25.000000       446.98034
       25.050000       442.24196
       25.100000       438.11495
       25.150000       435.77924
       25.200000       435.13457
       25.250000       434.73724
       25.300000       432.97997
       25.350000       429.46140
       25.400000       425.29560
       25.450000       422.07485
       25.500000       420.41892
       25.550000       419.43985
       25.600000       417.59733
       25.650000       414.17608
       25.700000       410.02163
       25.750000       406.86381
       25.800000       405.83827
       25.850000       406.53379
       25.900000       407.41590
       25.950000       407.20882
       26.000000       405.96742
       26.050000       404.85994
       26.100000       404.89030
       26.150000       405.76985
       26.200000       406.00987
       26.250000       404.17466
       26.300000       400.16839
       26.350000       395.36927
       26.400000       391.48337
       26.450000       389.14399
       26.500000       387.51258
       26.550000       385.21455
       26.600000       381.73403
       26.650000       377.96521
       26.700000       375.42497
       26.750000       374.84690
       26.800000       375.45497
       26.850000       375.59583
       26.900000       374.13821
       26.950000       371.38613
       27.000000       368.67065
       27.050000       367.03155
       27.100000       366.20980
       27.150000       364.89853
       27.200000       361.98950
       27.250000       357.67077
       27.300000       353.32496
       27.350000       350.31934
       27.400000       348.78562
       27.450000       347.52776
       27.500000       345.14741
       27.550000       341.36870
       27.600000       337.33316
       27.650000       334.60011
       27.700000       333.75166
       27.750000       333.88227
       27.800000       333.43701
       27.850000       331.64132
       27.900000       329.20279
       27.950000       327.64895
       28.000000       327.90762
       28.050000       329.42159
       28.100000       330.60627
       28.150000       330.23016
       28.200000       328.44764
       28.250000       326.55719
       28.300000       325.72045
       28.350000       325.83972
       28.400000       325.63776
       28.450000       323.86731
       28.500000       320.53534
       28.550000       316.99811
       28.600000       314.82118
       28.650000       314.43482
       28.700000       314.80508
       28.750000       314.41872
       28.800000       312.68304
       28.850000       310.47245
       28.900000       309.32435
       28.950000       310.04548
       29.000000       311.99191
       29.050000       313.67857
       29.100000       314.13664
       29.150000       313.76016
       29.200000       313.86041
       29.250000       315.35938
       29.300000       317.83814
       29.350000       319.84384
       29.400000       320.17459
       29.450000       318.96758
       29.500000       317.57728
       29.550000       317.33690
       29.600000       318.34341
       29.650000       319.37187
       29.700000       318.99978
       29.750000       316.92018
       29.800000       314.22518
       29.850000       312.41046
       29.900000       312.01569
       29.950000       312.15728
       30.000000       311.38859
