       0.0000000       0.0000000
     0.050000000    0.0031251817
      0.10000000     0.019296971
      0.15000000     0.040206446
      0.20000000     0.065871864
      0.25000000      0.11713575
      0.30000000      0.17089063
      0.35000000      0.22662448
      0.40000000      0.32545039
      0.45000000      0.43446369
      0.50000000      0.54640662
      0.55000000      0.72901714
      0.60000000      0.95087317
      0.65000000       1.2003410
      0.70000000       1.5864330
      0.75000000       2.1094131
      0.80000000       2.7946965
      0.85000000       3.8600930
      0.90000000       5.4330597
      0.95000000       7.6287885
       1.0000000       10.362480
       1.0500000       12.477079
       1.1000000       12.663403
       1.1500000       11.438556
       1.2000000       10.220386
       1.2500000       9.4186322
       1.3000000       9.1106656
       1.3500000       9.6512402
       1.4000000       11.039506
       1.4500000       13.437655
       1.5000000       16.946111
       1.5500000       19.942258
       1.6000000       20.381956
       1.6500000       18.605493
       1.7000000       16.499381
       1.7500000       15.308889
       1.8000000       15.386866
       1.8500000       16.348071
       1.9000000       17.648072
       1.9500000       19.564434
       2.0000000       22.317322
       2.0500000       24.910265
       2.1000000       26.075576
       2.1500000       25.436589
       2.2000000       23.821330
       2.2500000       22.758978
       2.3000000       22.840907
       2.3500000       23.795512
       2.4000000       26.231569
       2.4500000       30.678737
       2.5000000       36.867272
       2.5500000       46.089400
       2.6000000       60.385258
       2.6500000       80.921130
       2.7000000       110.78194
       2.7500000       149.40530
       2.8000000       180.47314
       2.8500000       182.83090
       2.9000000       157.23752
       2.9500000       124.46505
       3.0000000       98.909684
       3.0500000       81.077142
       3.1000000       69.299281
       3.1500000       63.427589
       3.2000000       61.582220
       3.2500000       61.215781
       3.3000000       61.273068
       3.3500000       62.435630
       3.4000000       66.614189
       3.4500000       75.586672
       3.5000000       89.678179
       3.5500000       106.84419
       3.6000000       123.40902
       3.6500000       137.23957
       3.7000000       147.79969
       3.7500000       154.38687
       3.8000000       160.62568
       3.8500000       173.83450
       3.9000000       190.69949
       3.9500000       196.65223
       4.0000000       187.80200
       4.0500000       175.70418
       4.1000000       166.97142
       4.1500000       157.80987
       4.2000000       146.82377
       4.2500000       136.62943
       4.3000000       128.01712
       4.3500000       121.89433
       4.4000000       120.93584
       4.4500000       126.95317
       4.5000000       140.75751
       4.5500000       162.98838
       4.6000000       193.11966
       4.6500000       227.52198
       4.7000000       258.80164
       4.7500000       282.62051
       4.8000000       305.73731
       4.8500000       338.52262
       4.9000000       381.16656
       4.9500000       424.69640
       5.0000000       458.36224
       5.0500000       471.59571
       5.1000000       459.38906
       5.1500000       427.46355
       5.2000000       386.39922
       5.2500000       346.10236
       5.3000000       315.97114
       5.3500000       299.18396
       5.4000000       288.65214
       5.4500000       276.26931
       5.5000000       261.03814
       5.5500000       246.57229
       5.6000000       237.79055
       5.6500000       239.04991
       5.7000000       252.78541
       5.7500000       281.50407
       5.8000000       324.54574
       5.8500000       369.19935
       5.9000000       396.81844
       5.9500000       401.86716
       6.0000000       394.40094
       6.0500000       383.92128
       6.1000000       370.23635
       6.1500000       348.72684
       6.2000000       318.25764
       6.2500000       283.82510
       6.3000000       252.92271
       6.3500000       230.49935
       6.4000000       218.16786
       6.4500000       214.98406
       6.5000000       216.43960
       6.5500000       215.51915
       6.6000000       207.32377
       6.6500000       192.63172
       6.7000000       177.15469
       6.7500000       166.73146
       6.8000000       162.30015
       6.8500000       160.23639
       6.9000000       157.38908
       6.9500000       153.76616
       7.0000000       150.28721
       7.0500000       146.19887
       7.1000000       140.09964
       7.1500000       132.39522
       7.2000000       124.93667
       7.2500000       118.90106
       7.3000000       114.57436
       7.3500000       111.98682
       7.4000000       110.70624
       7.4500000       110.42953
       7.5000000       111.40816
       7.5500000       113.16221
       7.6000000       114.74683
       7.6500000       116.58298
       7.7000000       119.45397
       7.7500000       122.81818
       7.8000000       126.00538
       7.8500000       128.57924
       7.9000000       129.06753
       7.9500000       126.31348
       8.0000000       121.30516
       8.0500000       115.88161
       8.1000000       111.43121
       8.1500000       109.01094
       8.2000000       108.69238
       8.2500000       109.32855
       8.3000000       109.72497
       8.3500000       109.38530
       8.4000000       108.84747
       8.4500000       109.45115
       8.5000000       111.45191
       8.5500000       113.22397
       8.6000000       113.43014
       8.6500000       112.60214
       8.7000000       112.38122
       8.7500000       114.27574
       8.8000000       118.51335
       8.8500000       123.92497
       8.9000000       129.58289
       8.9500000       135.38573
       9.0000000       140.74394
       9.0500000       144.56025
       9.1000000       146.57254
       9.1500000       147.65193
       9.2000000       149.19418
       9.2500000       152.20766
       9.3000000       156.65225
       9.3500000       162.24304
       9.4000000       169.06340
       9.4500000       176.28029
       9.5000000       181.86932
       9.5500000       184.59308
       9.6000000       184.99169
       9.6500000       184.66819
       9.7000000       185.50208
       9.7500000       188.65083
       9.8000000       193.89902
       9.8500000       200.04808
       9.9000000       205.16455
       9.9500000       207.28868
       10.000000       206.51070
       10.050000       205.32191
       10.100000       206.04345
       10.150000       209.08287
       10.200000       213.48678
       10.250000       218.08924
       10.300000       222.60791
       10.350000       227.80799
       10.400000       234.31271
       10.450000       241.93821
       10.500000       249.79677
       10.550000       256.22075
       10.600000       259.76508
       10.650000       260.77817
       10.700000       260.62158
       10.750000       259.91691
       10.800000       258.72308
       10.850000       257.01410
       10.900000       254.37471
       10.950000       250.64350
       11.000000       246.79320
       11.050000       244.28479
       11.100000       243.89854
       11.150000       245.20272
       11.200000       246.87036
       11.250000       247.90467
       11.300000       248.49058
       11.350000       249.56364
       11.400000       252.33137
       11.450000       257.94890
       11.500000       266.59989
       11.550000       277.25915
       11.600000       288.71453
       11.650000       300.18199
       11.700000       311.19139
       11.750000       321.63039
       11.800000       331.41777
       11.850000       339.86937
       11.900000       345.95744
       11.950000       349.26088
       12.000000       350.52496
       12.050000       351.53367
       12.100000       354.23159
       12.150000       359.41670
       12.200000       366.10443
       12.250000       372.44423
       12.300000       377.51921
       12.350000       381.77062
       12.400000       385.27126
       12.450000       386.87853
       12.500000       386.10142
       12.550000       384.54098
       12.600000       384.46488
       12.650000       386.85292
       12.700000       391.26567
       12.750000       396.97840
       12.800000       403.76536
       12.850000       411.44267
       12.900000       419.33327
       12.950000       426.98021
       13.000000       434.23889
       13.050000       439.82883
       13.100000       441.66341
       13.150000       439.51448
       13.200000       435.76486
       13.250000       433.70135
       13.300000       436.23416
       13.350000       444.75187
       13.400000       457.65171
       13.450000       470.86967
       13.500000       480.53720
       13.550000       485.26442
       13.600000       486.78630
       13.650000       488.54917
       13.700000       492.96437
       13.750000       500.16758
       13.800000       509.34924
       13.850000       520.03805
       13.900000       531.54071
       13.950000       541.85286
       14.000000       548.36103
       14.050000       550.57041
       14.100000       551.40082
       14.150000       554.39624
       14.200000       560.26651
       14.250000       567.21204
       14.300000       573.50932
       14.350000       578.82069
       14.400000       584.08464
       14.450000       590.83900
       14.500000       599.98202
       14.550000       610.98263
       14.600000       622.48002
       14.650000       633.10580
       14.700000       641.47097
       14.750000       646.48635
       14.800000       648.84834
       14.850000       651.67797
       14.900000       658.77183
       14.950000       672.58378
       15.000000       693.85034
       15.050000       721.55254
       15.100000       752.56185
       15.150000       782.50903
       15.200000       807.90443
       15.250000       827.81214
       15.300000       843.75712
       15.350000       857.68908
       15.400000       870.16305
       15.450000       881.14829
       15.500000       891.36740
       15.550000       901.32565
       15.600000       910.06775
       15.650000       915.74202
       15.700000       916.40132
       15.750000       910.80168
       15.800000       899.84095
       15.850000       886.49145
       15.900000       873.94614
       15.950000       864.66658
       16.000000       860.34785
       16.050000       861.54388
       16.100000       868.16320
       16.150000       880.55265
       16.200000       898.92225
       16.250000       921.96840
       16.300000       946.87572
       16.350000       970.43848
       16.400000       990.26241
       16.450000       1005.3882
       16.500000       1015.7573
       16.550000       1021.2670
       16.600000       1021.5633
       16.650000       1016.5000
       16.700000       1006.8001
       16.750000       994.06855
       16.800000       979.82633
       16.850000       965.20800
       16.900000       951.85997
       16.950000       941.63317
       17.000000       935.07971
       17.050000       931.43052
       17.100000       929.62313
       17.150000       928.50722
       17.200000       926.91532
       17.250000       923.98397
       17.300000       919.09229
       17.350000       912.17442
       17.400000       904.29651
       17.450000       897.03509
       17.500000       891.41936
       17.550000       887.73175
       17.600000       885.59946
       17.650000       884.36392
       17.700000       883.92232
       17.750000       884.64637
       17.800000       886.42157
       17.850000       888.47227
       17.900000       889.72465
       17.950000       889.04120
       18.000000       885.87569
       18.050000       880.80181
       18.100000       875.09570
       18.150000       870.15134
       18.200000       866.96754
       18.250000       865.38698
       18.300000       864.02485
       18.350000       861.25302
       18.400000       855.97681
       18.450000       847.77547
       18.500000       836.72546
       18.550000       823.05547
       18.600000       807.16976
       18.650000       789.92924
       18.700000       772.31846
       18.750000       755.00220
       18.800000       738.53366
       18.850000       723.38445
       18.900000       709.60982
       18.950000       697.05901
       19.000000       685.90254
       19.050000       676.80482
       19.100000       670.75846
       19.150000       668.42677
       19.200000       669.49657
       19.250000       672.99795
       19.300000       678.01731
       19.350000       683.76477
       19.400000       689.58319
       19.450000       695.11881
       19.500000       700.14440
       19.550000       704.34458
       19.600000       707.37179
       19.650000       708.84185
       19.700000       708.53599
       19.750000       706.82701
       19.800000       704.62923
       19.850000       703.02526
       19.900000       702.96525
       19.950000       704.79094
       20.000000       708.00731
       20.050000       711.66344
       20.100000       714.49381
       20.150000       714.96579
       20.200000       712.09773
       20.250000       706.13991
       20.300000       698.20455
       20.350000       689.70466
       20.400000       681.96359
       20.450000       675.62672
       20.500000       670.38820
       20.550000       665.38675
       20.600000       659.82041
       20.650000       653.48574
       20.700000       646.81410
       20.750000       640.33601
       20.800000       634.51355
       20.850000       629.90945
       20.900000       626.80284
       20.950000       624.82861
       21.000000       623.42440
       21.050000       622.23532
       21.100000       621.03271
       21.150000       619.65411
       21.200000       617.92428
       21.250000       615.60174
       21.300000       612.66197
       21.350000       609.37317
       21.400000       605.99070
       21.450000       602.73739
       21.500000       599.82104
       21.550000       597.25556
       21.600000       595.01826
       21.650000       593.24562
       21.700000       591.90947
       21.750000       590.70612
       21.800000       589.35899
       21.850000       587.66208
       21.900000       585.52540
       21.950000       583.18713
       22.000000       581.01130
       22.050000       579.16585
       22.100000       577.68371
       22.150000       576.44634
       22.200000       575.14970
       22.250000       573.60060
       22.300000       571.79028
       22.350000       569.64701
       22.400000       567.07605
       22.450000       563.97603
       22.500000       560.03195
       22.550000       554.89075
       22.600000       548.51217
       22.650000       541.15197
       22.700000       533.28796
       22.750000       525.48688
       22.800000       518.04838
       22.850000       511.00868
       22.900000       504.45339
       22.950000       498.45678
       23.000000       492.95483
       23.050000       487.86009
       23.100000       483.05146
       23.150000       478.40820
       23.200000       474.03533
       23.250000       470.15967
       23.300000       466.84708
       23.350000       464.07671
       23.400000       461.79369
       23.450000       459.86555
       23.500000       458.27877
       23.550000       457.14458
       23.600000       456.41174
       23.650000       455.89989
       23.700000       455.45901
       23.750000       454.91204
       23.800000       454.17627
       23.850000       453.40026
       23.900000       452.74499
       23.950000       452.28948
       24.000000       452.15887
       24.050000       452.39083
       24.100000       452.86024
       24.150000       453.43063
       24.200000       453.91870
       24.250000       454.11408
       24.300000       453.97834
       24.350000       453.55503
       24.400000       452.81158
       24.450000       451.80470
       24.500000       450.67270
       24.550000       449.42253
       24.600000       447.99819
       24.650000       446.32031
       24.700000       444.19132
       24.750000       441.49303
       24.800000       438.33191
       24.850000       434.86529
       24.900000       431.26001
       24.950000       427.67083
       25.000000       423.98688
       25.050000       419.89829
       25.100000       415.20052
       25.150000       409.81601
       25.200000       403.82892
       25.250000       397.59376
       25.300000       391.51447
       25.350000       385.82702
       25.400000       380.71033
       25.450000       376.24928
       25.500000       372.37618
       25.550000       369.07640
       25.600000       366.37408
       25.650000       364.18471
       25.700000       362.45488
       25.750000       361.18239
       25.800000       360.20954
       25.850000       359.28316
       25.900000       358.16798
       25.950000       356.60938
       26.000000       354.52612
       26.050000       352.17174
       26.100000       349.88140
       26.150000       347.92619
       26.200000       346.52674
       26.250000       345.68560
       26.300000       345.21875
       26.350000       345.01752
       26.400000       345.01240
       26.450000       345.09618
       26.500000       345.22790
       26.550000       345.30839
       26.600000       345.05996
       26.650000       344.25944
       26.700000       342.82999
       26.750000       340.75404
       26.800000       338.16295
       26.850000       335.28392
       26.900000       332.24281
       26.950000       329.14535
       27.000000       326.13461
       27.050000       323.20948
       27.100000       320.31581
       27.150000       317.47776
       27.200000       314.68435
       27.250000       311.92861
       27.300000       309.33350
       27.350000       306.97620
       27.400000       304.83147
       27.450000       302.92785
       27.500000       301.26680
       27.550000       299.78649
       27.600000       298.53448
       27.650000       297.59968
       27.700000       296.97734
       27.750000       296.68867
       27.800000       296.73843
       27.850000       297.00295
       27.900000       297.40358
       27.950000       297.94836
       28.000000       298.57253
       28.050000       299.22963
       28.100000       299.94345
       28.150000       300.66714
       28.200000       301.35497
       28.250000       302.05817
       28.300000       302.75735
       28.350000       303.36287
       28.400000       303.83338
       28.450000       304.04814
       28.500000       303.83155
       28.550000       303.13603
       28.600000       301.96451
       28.650000       300.32395
       28.700000       298.36362
       28.750000       296.26901
       28.800000       294.13526
       28.850000       292.09663
       28.900000       290.27936
       28.950000       288.66587
       29.000000       287.22361
       29.050000       285.92880
       29.100000       284.66948
       29.150000       283.39405
       29.200000       282.18851
       29.250000       281.09529
       29.300000       280.13744
       29.350000       279.36400
       29.400000       278.69555
       29.450000       277.97559
       29.500000       277.14964
       29.550000       276.16980
       29.600000       274.99679
       29.650000       273.71504
       29.700000       272.41188
       29.750000       271.12779
       29.800000       269.99513
       29.850000       269.14294
       29.900000       268.58536
       29.950000       268.35318
       30.000000       268.45851