       0.0000000       0.0000000
     0.050000000      0.11391526
      0.10000000      0.40733645
      0.15000000      0.74362563
      0.20000000      0.98465389
      0.25000000       1.0997374
      0.30000000       1.1411846
      0.35000000       1.1692222
      0.40000000       1.2298312
      0.45000000       1.3420869
      0.50000000       1.5152163
      0.55000000       1.7756782
      0.60000000       2.1412259
      0.65000000       2.6322683
      0.70000000       3.3103062
      0.75000000       4.2404850
      0.80000000       5.5043902
      0.85000000       7.2611323
      0.90000000       9.6783871
      0.95000000       12.870499
       1.0000000       16.770589
       1.0500000       20.647771
       1.1000000       23.040372
       1.1500000       22.905799
       1.2000000       20.667468
       1.2500000       17.644494
       1.3000000       14.832525
       1.3500000       12.569240
       1.4000000       10.863065
       1.4500000       9.6305128
       1.5000000       8.7700983
       1.5500000       8.1912001
       1.6000000       7.8325474
       1.6500000       7.6633809
       1.7000000       7.6493048
       1.7500000       7.7636396
       1.8000000       8.0181696
       1.8500000       8.4099734
       1.9000000       8.9244568
       1.9500000       9.5997943
       2.0000000       10.462637
       2.0500000       11.509890
       2.1000000       12.812181
       2.1500000       14.448542
       2.2000000       16.450798
       2.2500000       18.946552
       2.3000000       22.096355
       2.3500000       25.974447
       2.4000000       30.787757
       2.4500000       36.940165
       2.5000000       44.940384
       2.5500000       55.674647
       2.6000000       70.342916
       2.6500000       89.910901
       2.7000000       114.69716
       2.7500000       142.42415
       2.8000000       165.36995
       2.8500000       173.38917
       2.9000000       163.15906
       2.9500000       141.63306
       3.0000000       118.57177
       3.0500000       99.109235
       3.1000000       84.079706
       3.1500000       72.976194
       3.2000000       64.976230
       3.2500000       59.379622
       3.3000000       55.854977
       3.3500000       53.990054
       3.4000000       53.247000
       3.4500000       53.441423
       3.5000000       54.780609
       3.5500000       57.575778
       3.6000000       61.955955
       3.6500000       67.532241
       3.7000000       73.315787
       3.7500000       78.133878
       3.8000000       81.417836
       3.8500000       83.853606
       3.9000000       87.090824
       3.9500000       92.632880
       4.0000000       100.67393
       4.0500000       109.15862
       4.1000000       114.36743
       4.1500000       114.11545
       4.2000000       110.18205
       4.2500000       106.36094
       4.3000000       105.19301
       4.3500000       107.59001
       4.4000000       113.91677
       4.4500000       124.39492
       4.5000000       139.55502
       4.5500000       160.74773
       4.6000000       190.03896
       4.6500000       229.93479
       4.7000000       282.83154
       4.7500000       348.89921
       4.8000000       421.59981
       4.8500000       484.17774
       4.9000000       516.13870
       4.9500000       510.27232
       5.0000000       481.19613
       5.0500000       452.38819
       5.1000000       439.06968
       5.1500000       445.25026
       5.2000000       465.86771
       5.2500000       486.09848
       5.3000000       489.00800
       5.3500000       469.55571
       5.4000000       435.36833
       5.4500000       395.22969
       5.5000000       354.42011
       5.5500000       318.29343
       5.6000000       292.34264
       5.6500000       278.99045
       5.7000000       276.50325
       5.7500000       279.02377
       5.8000000       278.58001
       5.8500000       271.14343
       5.9000000       260.29835
       5.9500000       252.70493
       6.0000000       251.50646
       6.0500000       255.09303
       6.1000000       259.22548
       6.1500000       259.11019
       6.2000000       252.04098
       6.2500000       239.06132
       6.3000000       222.80110
       6.3500000       204.54903
       6.4000000       184.98617
       6.4500000       166.08489
       6.5000000       150.23621
       6.5500000       138.63071
       6.6000000       131.61018
       6.6500000       129.41618
       6.7000000       132.06332
       6.7500000       139.12197
       6.8000000       149.05899
       6.8500000       158.32292
       6.9000000       162.70634
       6.9500000       160.81219
       7.0000000       155.21720
       7.0500000       149.64043
       7.1000000       145.85360
       7.1500000       143.46773
       7.2000000       141.42273
       7.2500000       138.88462
       7.3000000       135.27978
       7.3500000       130.34353
       7.4000000       124.31916
       7.4500000       117.78296
       7.5000000       111.19635
       7.5500000       104.87054
       7.6000000       99.298301
       7.6500000       95.105908
       7.7000000       92.607638
       7.7500000       91.712684
       7.8000000       92.266611
       7.8500000       94.140560
       7.9000000       96.925708
       7.9500000       99.845789
       8.0000000       102.16299
       8.0500000       103.62848
       8.1000000       104.52278
       8.1500000       105.39501
       8.2000000       106.85714
       8.2500000       109.41168
       8.3000000       113.08018
       8.3500000       117.16969
       8.4000000       120.74658
       8.4500000       123.43858
       8.5000000       125.59538
       8.5500000       127.68132
       8.6000000       129.65124
       8.6500000       130.94030
       8.7000000       131.09210
       8.7500000       130.37350
       8.8000000       129.66883
       8.8500000       129.86626
       8.9000000       131.39801
       8.9500000       134.02415
       9.0000000       136.90859
       9.0500000       139.28049
       9.1000000       141.17372
       9.1500000       143.30832
       9.2000000       146.31698
       9.2500000       150.22439
       9.3000000       154.52340
       9.3500000       158.71089
       9.4000000       162.83004
       9.4500000       167.37608
       9.5000000       172.67128
       9.5500000       178.54338
       9.6000000       184.57530
       9.6500000       190.51190
       9.7000000       196.47639
       9.7500000       202.68377
       9.8000000       208.68700
       9.8500000       213.10949
       9.9000000       214.62492
       9.9500000       213.30973
       10.000000       210.77103
       10.050000       208.93700
       10.100000       208.97319
       10.150000       211.22541
       10.200000       215.64087
       10.250000       221.96856
       10.300000       229.79353
       10.350000       238.50108
       10.400000       247.17476
       10.450000       254.69192
       10.500000       260.09326
       10.550000       262.96754
       10.600000       263.63854
       10.650000       262.95144
       10.700000       261.61528
       10.750000       259.84740
       10.800000       257.69828
       10.850000       255.24256
       10.900000       252.35109
       10.950000       248.90862
       11.000000       245.42663
       11.050000       242.97055
       11.100000       242.47370
       11.150000       244.36415
       11.200000       248.62097
       11.250000       254.92008
       11.300000       262.85423
       11.350000       272.13810
       11.400000       282.64387
       11.450000       294.28794
       11.500000       306.85799
       11.550000       319.97018
       11.600000       333.21233
       11.650000       346.28899
       11.700000       359.09393
       11.750000       371.81270
       11.800000       384.89021
       11.850000       398.79557
       11.900000       413.84010
       11.950000       430.07053
       12.000000       447.07240
       12.050000       464.02915
       12.100000       480.20206
       12.150000       495.28542
       12.200000       509.21079
       12.250000       521.81245
       12.300000       532.88806
       12.350000       542.47349
       12.400000       550.79118
       12.450000       557.64611
       12.500000       561.84154
       12.550000       561.39372
       12.600000       554.71220
       12.650000       541.91993
       12.700000       525.10638
       12.750000       507.20180
       12.800000       490.65606
       12.850000       477.05412
       12.900000       467.30588
       12.950000       461.70075
       13.000000       459.98007
       13.050000       461.56202
       13.100000       465.65259
       13.150000       471.28556
       13.200000       477.54881
       13.250000       483.86259
       13.300000       490.12544
       13.350000       496.62992
       13.400000       503.58386
       13.450000       510.61324
       13.500000       517.00832
       13.550000       522.50742
       13.600000       527.52924
       13.650000       532.64608
       13.700000       538.07390
       13.750000       543.56488
       13.800000       548.49018
       13.850000       552.11786
       13.900000       554.09150
       13.950000       554.69585
       14.000000       554.70419
       14.050000       555.14177
       14.100000       557.10550
       14.150000       561.48497
       14.200000       568.70585
       14.250000       578.69395
       14.300000       590.97635
       14.350000       604.82211
       14.400000       619.42925
       14.450000       634.03328
       14.500000       648.06757
       14.550000       661.50158
       14.600000       674.97218
       14.650000       689.36514
       14.700000       705.34743
       14.750000       723.26262
       14.800000       743.23765
       14.850000       765.31680
       14.900000       789.42543
       14.950000       815.07657
       15.000000       841.24725
       15.050000       866.85595
       15.100000       891.42265
       15.150000       915.34286
       15.200000       939.41527
       15.250000       963.65598
       15.300000       986.56053
       15.350000       1006.0424
       15.400000       1021.0200
       15.450000       1031.6639
       15.500000       1038.5349
       15.550000       1042.1095
       15.600000       1042.8869
       15.650000       1041.5409
       15.700000       1038.9729
       15.750000       1036.2102
       15.800000       1034.1097
       15.850000       1033.1157
       15.900000       1033.1928
       15.950000       1033.8690
       16.000000       1034.4357
       16.050000       1034.1946
       16.100000       1032.6272
       16.150000       1029.6395
       16.200000       1025.8290
       16.250000       1022.3682
       16.300000       1020.4244
       16.350000       1020.5608
       16.400000       1022.4019
       16.450000       1024.5620
       16.500000       1024.9783
       16.550000       1021.7909
       16.600000       1014.3663
       16.650000       1003.5984
       16.700000       991.19757
       16.750000       978.66506
       16.800000       966.73112
       16.850000       955.42098
       16.900000       944.48842
       16.950000       933.86905
       17.000000       923.81275
       17.050000       914.82296
       17.100000       907.63069
       17.150000       903.07378
       17.200000       901.81701
       17.250000       904.07626
       17.300000       909.43589
       17.350000       916.84658
       17.400000       924.95682
       17.450000       932.53289
       17.500000       938.43913
       17.550000       941.41841
       17.600000       940.32702
       17.650000       934.84958
       17.700000       925.88247
       17.750000       915.00114
       17.800000       903.43965
       17.850000       891.62205
       17.900000       879.57578
       17.950000       867.53354
       18.000000       856.10669
       18.050000       846.03393
       18.100000       837.85527
       18.150000       831.81659
       18.200000       828.06422
       18.250000       826.79905
       18.300000       828.19740
       18.350000       832.26368
       18.400000       838.71031
       18.450000       846.77152
       18.500000       855.07420
       18.550000       861.88451
       18.600000       865.81944
       18.650000       866.51605
       18.700000       864.65963
       18.750000       861.39717
       18.800000       857.71176
       18.850000       854.13136
       18.900000       850.70901
       18.950000       847.25081
       19.000000       843.54528
       19.050000       839.29972
       19.100000       833.94010
       19.150000       826.70246
       19.200000       817.07569
       19.250000       805.18235
       19.300000       791.76408
       19.350000       777.81382
       19.400000       764.31249
       19.450000       752.19232
       19.500000       742.19529
       19.550000       734.47799
       19.600000       728.39394
       19.650000       722.87480
       19.700000       717.20381
       19.750000       711.57746
       19.800000       706.90494
       19.850000       704.06542
       19.900000       703.39295
       19.950000       704.64203
       20.000000       707.13836
       20.050000       710.03386
       20.100000       712.59056
       20.150000       714.26112
       20.200000       714.61309
       20.250000       713.36254
       20.300000       710.46010
       20.350000       706.07844
       20.400000       700.55417
       20.450000       694.26633
       20.500000       687.52079
       20.550000       680.56011
       20.600000       673.65322
       20.650000       667.16086
       20.700000       661.55390
       20.750000       657.30688
       20.800000       654.61335
       20.850000       653.18829
       20.900000       652.33142
       20.950000       651.15624
       21.000000       648.89809
       21.050000       645.19147
       21.100000       640.13075
       21.150000       634.12793
       21.200000       627.74679
       21.250000       621.53212
       21.300000       615.86736
       21.350000       610.88384
       21.400000       606.43048
       21.450000       602.14175
       21.500000       597.58740
       21.550000       592.35107
       21.600000       586.08921
       21.650000       578.68363
       21.700000       570.37253
       21.750000       561.71129
       21.800000       553.43385
       21.850000       546.29610
       21.900000       540.94159
       21.950000       537.82218
       22.000000       537.14240
       22.050000       538.75625
       22.100000       542.16287
       22.150000       546.64953
       22.200000       551.47791
       22.250000       556.09263
       22.300000       560.32721
       22.350000       564.38507
       22.400000       568.57136
       22.450000       573.01704
       22.500000       577.52017
       22.550000       581.61206
       22.600000       584.82622
       22.650000       586.94754
       22.700000       588.07734
       22.750000       588.53688
       22.800000       588.66749
       22.850000       588.61115
       22.900000       588.25003
       22.950000       587.27463
       23.000000       585.26893
       23.050000       581.79170
       23.100000       576.46024
       23.150000       569.04003
       23.200000       559.57096
       23.250000       548.43863
       23.300000       536.26541
       23.350000       523.75229
       23.400000       511.59334
       23.450000       500.38235
       23.500000       490.52947
       23.550000       482.27142
       23.600000       475.68686
       23.650000       470.71798
       23.700000       467.24551
       23.750000       465.11578
       23.800000       464.13269
       23.850000       464.10013
       23.900000       464.84797
       23.950000       466.19144
       24.000000       467.88871
       24.050000       469.61159
       24.100000       470.91702
       24.150000       471.32826
       24.200000       470.48712
       24.250000       468.20629
       24.300000       464.47661
       24.350000       459.45248
       24.400000       453.37758
       24.450000       446.49886
       24.500000       439.06036
       24.550000       431.30355
       24.600000       423.47174
       24.650000       415.84811
       24.700000       408.74145
       24.750000       402.43349
       24.800000       397.16789
       24.850000       393.12100
       24.900000       390.34515
       24.950000       388.77447
       25.000000       388.26810
       25.050000       388.61934
       25.100000       389.59548
       25.150000       390.96749
       25.200000       392.49134
       25.250000       393.93177
       25.300000       395.11097
       25.350000       395.89539
       25.400000       396.18479
       25.450000       395.94698
       25.500000       395.21231
       25.550000       394.07226
       25.600000       392.68305
       25.650000       391.21811
       25.700000       389.81573
       25.750000       388.58641
       25.800000       387.58685
       25.850000       386.78011
       25.900000       386.07325
       25.950000       385.36309
       26.000000       384.55306
       26.050000       383.58167
       26.100000       382.42296
       26.150000       381.04327
       26.200000       379.39649
       26.250000       377.43908
       26.300000       375.11618
       26.350000       372.38166
       26.400000       369.24835
       26.450000       365.77003
       26.500000       362.03559
       26.550000       358.18738
       26.600000       354.38745
       26.650000       350.77339
       26.700000       347.46117
       26.750000       344.50640
       26.800000       341.89885
       26.850000       339.61289
       26.900000       337.64597
       26.950000       336.00285
       27.000000       334.71426
       27.050000       333.80946
       27.100000       333.27749
       27.150000       333.08065
       27.200000       333.18053
       27.250000       333.52921
       27.300000       334.07728
       27.350000       334.78926
       27.400000       335.59966
       27.450000       336.39250
       27.500000       337.03607
       27.550000       337.37450
       27.600000       337.27645
       27.650000       336.68923
       27.700000       335.64284
       27.750000       334.22912
       27.800000       332.59368
       27.850000       330.86092
       27.900000       329.06706
       27.950000       327.18392
       28.000000       325.18006
       28.050000       323.06533
       28.100000       320.93560
       28.150000       318.94380
       28.200000       317.21104
       28.250000       315.81086
       28.300000       314.76996
       28.350000       314.05468
       28.400000       313.59222
       28.450000       313.32075
       28.500000       313.16269
       28.550000       313.02659
       28.600000       312.82207
       28.650000       312.44961
       28.700000       311.82800
       28.750000       310.95833
       28.800000       309.89840
       28.850000       308.71188
       28.900000       307.46829
       28.950000       306.22068
       29.000000       304.99904
       29.050000       303.85643
       29.100000       302.85467
       29.150000       302.03037
       29.200000       301.39778
       29.250000       300.94849
       29.300000       300.63494
       29.350000       300.39932
       29.400000       300.21053
       29.450000       300.04882
       29.500000       299.93174
       29.550000       299.92808
       29.600000       300.11577
       29.650000       300.56396
       29.700000       301.32570
       29.750000       302.39734
       29.800000       303.71410
       29.850000       305.19368
       29.900000       306.75119
       29.950000       308.30138
       30.000000       309.79962