       0.0000000       0.0000000
     0.050000000    0.0021060452
      0.10000000     0.010811488
      0.15000000     0.023029397
      0.20000000     0.039235494
      0.25000000     0.066530118
      0.30000000     0.095824626
      0.35000000      0.12896418
      0.40000000      0.18040268
      0.45000000      0.23610253
      0.50000000      0.29824637
      0.55000000      0.39220781
      0.60000000      0.50121473
      0.65000000      0.62854335
      0.70000000      0.81857366
      0.75000000       1.0619592
      0.80000000       1.3791376
      0.85000000       1.8670808
      0.90000000       2.5647039
      0.95000000       3.5438919
       1.0000000       4.8510246
       1.0500000       6.0465082
       1.1000000       6.4997235
       1.1500000       6.3118573
       1.2000000       6.1079180
       1.2500000       6.0810155
       1.3000000       5.9715514
       1.3500000       5.6427342
       1.4000000       5.2721464
       1.4500000       5.1695884
       1.5000000       5.4548631
       1.5500000       6.0738732
       1.6000000       7.1593638
       1.6500000       8.8642100
       1.7000000       10.872764
       1.7500000       12.490672
       1.8000000       13.176171
       1.8500000       13.225181
       1.9000000       13.837637
       1.9500000       15.862064
       2.0000000       19.419964
       2.0500000       25.017659
       2.1000000       32.157626
       2.1500000       37.093488
       2.2000000       36.265431
       2.2500000       31.123080
       2.3000000       25.741669
       2.3500000       21.970326
       2.4000000       19.579969
       2.4500000       18.194182
       2.5000000       17.629561
       2.5500000       17.992176
       2.6000000       19.353176
       2.6500000       21.571888
       2.7000000       25.048016
       2.7500000       30.275938
       2.8000000       37.324518
       2.8500000       47.041558
       2.9000000       60.573121
       2.9500000       78.681360
       3.0000000       103.50203
       3.0500000       133.78966
       3.1000000       156.30602
       3.1500000       155.18915
       3.2000000       132.50479
       3.2500000       105.76838
       3.3000000       86.806034
       3.3500000       76.316273
       3.4000000       72.613742
       3.4500000       72.498765
       3.5000000       69.872125
       3.5500000       62.162684
       3.6000000       53.003599
       3.6500000       46.068856
       3.7000000       41.756330
       3.7500000       39.759941
       3.8000000       40.159803
       3.8500000       42.678018
       3.9000000       47.654862
       3.9500000       56.033350
       4.0000000       66.346329
       4.0500000       74.161039
       4.1000000       76.746830
       4.1500000       76.480453
       4.2000000       78.048160
       4.2500000       83.141292
       4.3000000       88.728316
       4.3500000       91.058483
       4.4000000       90.501779
       4.4500000       90.126729
       4.5000000       91.323735
       4.5500000       94.380124
       4.6000000       100.24264
       4.6500000       108.77652
       4.7000000       119.03676
       4.7500000       131.39212
       4.8000000       146.33359
       4.8500000       163.86967
       4.9000000       184.20020
       4.9500000       206.31893
       5.0000000       231.15820
       5.0500000       264.75246
       5.1000000       307.60820
       5.1500000       349.36656
       5.2000000       385.59497
       5.2500000       421.39251
       5.3000000       449.74519
       5.3500000       453.41233
       5.4000000       432.28663
       5.4500000       402.24289
       5.5000000       371.90510
       5.5500000       342.38166
       5.6000000       318.51750
       5.6500000       305.51755
       5.7000000       304.60717
       5.7500000       317.64774
       5.8000000       348.40356
       5.8500000       393.52755
       5.9000000       431.29024
       5.9500000       430.80077
       6.0000000       384.79854
       6.0500000       320.08318
       6.1000000       264.65174
       6.1500000       223.76872
       6.2000000       192.88591
       6.2500000       169.73774
       6.3000000       151.61474
       6.3500000       137.14189
       6.4000000       127.44504
       6.4500000       121.33437
       6.5000000       117.20522
       6.5500000       115.97707
       6.6000000       116.69256
       6.6500000       116.71799
       6.7000000       115.97088
       6.7500000       114.63421
       6.8000000       111.84402
       6.8500000       108.47977
       6.9000000       105.49098
       6.9500000       102.65121
       7.0000000       101.59051
       7.0500000       104.42099
       7.1000000       110.55659
       7.1500000       118.15030
       7.2000000       124.61302
       7.2500000       126.99882
       7.3000000       125.77528
       7.3500000       123.67727
       7.4000000       120.77538
       7.4500000       116.31992
       7.5000000       111.63942
       7.5500000       107.53901
       7.6000000       103.94426
       7.6500000       101.80100
       7.7000000       101.48211
       7.7500000       102.18802
       7.8000000       103.43951
       7.8500000       104.45162
       7.9000000       104.49464
       7.9500000       104.24633
       8.0000000       104.01199
       8.0500000       103.32525
       8.1000000       103.00482
       8.1500000       103.55684
       8.2000000       103.81727
       8.2500000       103.68914
       8.3000000       103.95228
       8.3500000       104.00807
       8.4000000       103.66953
       8.4500000       103.97211
       8.5000000       105.00053
       8.5500000       106.44623
       8.6000000       108.37246
       8.6500000       109.77466
       8.7000000       109.70748
       8.7500000       108.72242
       8.8000000       107.25809
       8.8500000       105.82143
       8.9000000       105.99840
       8.9500000       108.34045
       9.0000000       112.06500
       9.0500000       117.05964
       9.1000000       122.86610
       9.1500000       128.24157
       9.2000000       133.29420
       9.2500000       138.52409
       9.3000000       143.26149
       9.3500000       147.59452
       9.4000000       152.39828
       9.4500000       157.32889
       9.5000000       161.74659
       9.5500000       165.41893
       9.6000000       167.67170
       9.6500000       168.68853
       9.7000000       169.90091
       9.7500000       171.84910
       9.8000000       174.41231
       9.8500000       177.83389
       9.9000000       181.68961
       9.9500000       185.54569
       10.000000       189.86739
       10.050000       193.91877
       10.100000       195.77849
       10.150000       195.12490
       10.200000       193.12696
       10.250000       191.33200
       10.300000       191.69805
       10.350000       194.74590
       10.400000       198.72575
       10.450000       202.27078
       10.500000       205.21449
       10.550000       207.46869
       10.600000       209.51566
       10.650000       211.83809
       10.700000       213.68709
       10.750000       214.60352
       10.800000       214.94316
       10.850000       214.40460
       10.900000       213.17056
       10.950000       212.75423
       11.000000       213.77797
       11.050000       215.81975
       11.100000       218.89810
       11.150000       222.68160
       11.200000       226.56571
       11.250000       230.75803
       11.300000       235.01003
       11.350000       238.40197
       11.400000       240.94374
       11.450000       242.56517
       11.500000       242.49133
       11.550000       241.33325
       11.600000       240.51542
       11.650000       240.27584
       11.700000       240.75217
       11.750000       242.22421
       11.800000       243.78798
       11.850000       244.76573
       11.900000       245.69902
       11.950000       246.77706
       12.000000       248.04802
       12.050000       250.06619
       12.100000       252.56296
       12.150000       254.97639
       12.200000       257.84294
       12.250000       261.74593
       12.300000       267.23658
       12.350000       275.64288
       12.400000       287.22306
       12.450000       300.44948
       12.500000       313.97825
       12.550000       326.51039
       12.600000       336.15692
       12.650000       342.09945
       12.700000       344.81651
       12.750000       345.23013
       12.800000       345.33905
       12.850000       347.17820
       12.900000       351.00169
       12.950000       356.53137
       13.000000       363.52304
       13.050000       370.20946
       13.100000       374.50294
       13.150000       376.11445
       13.200000       375.90499
       13.250000       375.28034
       13.300000       375.76128
       13.350000       377.39763
       13.400000       379.36499
       13.450000       381.57422
       13.500000       383.75996
       13.550000       385.36972
       13.600000       386.83923
       13.650000       388.34790
       13.700000       389.03493
       13.750000       388.74776
       13.800000       387.82609
       13.850000       386.22699
       13.900000       384.92936
       13.950000       385.28985
       14.000000       386.89093
       14.050000       388.80352
       14.100000       391.15804
       14.150000       394.41205
       14.200000       399.47740
       14.250000       407.41235
       14.300000       417.80855
       14.350000       429.74802
       14.400000       443.27705
       14.450000       458.27153
       14.500000       474.45465
       14.550000       492.05493
       14.600000       510.05566
       14.650000       526.53038
       14.700000       541.48458
       14.750000       555.95887
       14.800000       569.52913
       14.850000       580.82090
       14.900000       588.37004
       14.950000       591.43859
       15.000000       591.71702
       15.050000       592.23070
       15.100000       594.91984
       15.150000       600.97206
       15.200000       610.59920
       15.250000       621.78018
       15.300000       632.39480
       15.350000       642.23048
       15.400000       651.48370
       15.450000       660.41751
       15.500000       670.05452
       15.550000       680.76792
       15.600000       692.30051
       15.650000       705.17291
       15.700000       719.16305
       15.750000       732.01349
       15.800000       741.30805
       15.850000       746.00838
       15.900000       747.17039
       15.950000       748.16775
       16.000000       752.19854
       16.050000       760.13682
       16.100000       771.74660
       16.150000       786.23651
       16.200000       801.64403
       16.250000       815.93856
       16.300000       827.32992
       16.350000       833.62106
       16.400000       833.76997
       16.450000       828.57791
       16.500000       819.10553
       16.550000       807.08598
       16.600000       795.52375
       16.650000       786.51640
       16.700000       780.52053
       16.750000       777.43734
       16.800000       776.29912
       16.850000       775.99362
       16.900000       776.73670
       16.950000       778.54556
       17.000000       780.33430
       17.050000       781.86327
       17.100000       783.54591
       17.150000       784.96146
       17.200000       785.61856
       17.250000       785.00317
       17.300000       781.98767
       17.350000       776.36498
       17.400000       769.03075
       17.450000       760.22975
       17.500000       750.07539
       17.550000       739.15345
       17.600000       727.32487
       17.650000       714.56004
       17.700000       702.18632
       17.750000       691.35913
       17.800000       682.49446
       17.850000       676.13126
       17.900000       672.10413
       17.950000       669.54743
       18.000000       668.19956
       18.050000       667.59258
       18.100000       666.61278
       18.150000       664.84636
       18.200000       662.00465
       18.250000       657.17261
       18.300000       650.39853
       18.350000       642.52684
       18.400000       633.68888
       18.450000       624.20810
       18.500000       614.98195
       18.550000       606.29876
       18.600000       598.50610
       18.650000       592.33644
       18.700000       587.49524
       18.750000       583.33677
       18.800000       579.96272
       18.850000       577.10051
       18.900000       574.33747
       18.950000       572.27250
       19.000000       571.29709
       19.050000       571.14379
       19.100000       571.94248
       19.150000       573.36242
       19.200000       574.25002
       19.250000       574.17356
       19.300000       573.04265
       19.350000       570.42412
       19.400000       566.88506
       19.450000       563.53077
       19.500000       560.51783
       19.550000       558.10345
       19.600000       556.92937
       19.650000       556.75925
       19.700000       557.30585
       19.750000       558.75068
       19.800000       560.41941
       19.850000       561.44311
       19.900000       561.78776
       19.950000       561.07139
       20.000000       558.81543
       20.050000       555.60493
       20.100000       551.91659
       20.150000       547.79251
       20.200000       543.92050
       20.250000       540.63572
       20.300000       537.46034
       20.350000       534.67168
       20.400000       532.82952
       20.450000       531.82375
       20.500000       532.06156
       20.550000       534.16275
       20.600000       537.74572
       20.650000       542.47276
       20.700000       548.23521
       20.750000       553.98156
       20.800000       558.79092
       20.850000       562.52609
       20.900000       564.54093
       20.950000       564.27055
       21.000000       562.10570
       21.050000       558.09101
       21.100000       552.09733
       21.150000       544.90067
       21.200000       537.01508
       21.250000       528.49945
       21.300000       520.21433
       21.350000       512.91303
       21.400000       506.66653
       21.450000       502.05438
       21.500000       499.42743
       21.550000       498.06969
       21.600000       497.65150
       21.650000       498.14652
       21.700000       498.76155
       21.750000       499.07656
       21.800000       499.24925
       21.850000       498.80362
       21.900000       497.48283
       21.950000       495.64580
       22.000000       492.89116
       22.050000       488.79342
       22.100000       483.88162
       22.150000       478.36686
       22.200000       472.25391
       22.250000       466.25291
       22.300000       460.54753
       22.350000       454.72801
       22.400000       449.18361
       22.450000       444.24071
       22.500000       439.62270
       22.550000       435.73497
       22.600000       432.99789
       22.650000       430.94902
       22.700000       429.49725
       22.750000       428.72307
       22.800000       427.90498
       22.850000       426.78506
       22.900000       425.73025
       22.950000       424.45373
       23.000000       422.88781
       23.050000       421.60983
       23.100000       420.45039
       23.150000       419.06740
       23.200000       417.76014
       23.250000       416.22020
       23.300000       413.88704
       23.350000       411.09619
       23.400000       407.94751
       23.450000       404.15747
       23.500000       400.23315
       23.550000       396.47054
       23.600000       392.46975
       23.650000       388.49384
       23.700000       384.87978
       23.750000       381.27669
       23.800000       377.94655
       23.850000       375.43997
       23.900000       373.43537
       23.950000       371.83762
       24.000000       370.89294
       24.050000       370.02180
       24.100000       368.82834
       24.150000       367.58767
       24.200000       365.95882
       24.250000       363.65091
       24.300000       361.21751
       24.350000       358.70984
       24.400000       355.91093
       24.450000       353.34179
       24.500000       351.07669
       24.550000       348.67220
       24.600000       346.41441
       24.650000       344.39115
       24.700000       342.06129
       24.750000       339.59935
       24.800000       337.27023
       24.850000       334.66706
       24.900000       331.97609
       24.950000       329.64257
       25.000000       327.30905
       25.050000       324.99749
       25.100000       323.18643
       25.150000       321.58063
       25.200000       320.04763
       25.250000       319.03198
       25.300000       318.22962
       25.350000       317.27031
       25.400000       316.50455
       25.450000       315.74976
       25.500000       314.62068
       25.550000       313.55637
       25.600000       312.62486
       25.650000       311.45335
       25.700000       310.42379
       25.750000       309.69498
       25.800000       308.77994
       25.850000       307.86233
       25.900000       307.13681
       25.950000       306.07140
       26.000000       304.72024
       26.050000       303.40275
       26.100000       301.67547
       26.150000       299.52160
       26.200000       297.40211
       26.250000       295.05250
       26.300000       292.43799
       26.350000       290.13008
       26.400000       287.97511
       26.450000       285.75465
       26.500000       283.91212
       26.550000       282.26498
       26.600000       280.36758
       26.650000       278.55798
       26.700000       276.79925
       26.750000       274.66440
       26.800000       272.53101
       26.850000       270.58568
       26.900000       268.41644
       26.950000       266.31744
       27.000000       264.59090
       27.050000       262.82375
       27.100000       261.17660
       27.150000       260.01094
       27.200000       258.87931
       27.250000       257.71244
       27.300000       256.85067
       27.350000       255.86435
       27.400000       254.55798
       27.450000       253.35752
       27.500000       252.01712
       27.550000       250.31927
       27.600000       248.78075
       27.650000       247.33340
       27.700000       245.66086
       27.750000       244.18575
       27.800000       242.88003
       27.850000       241.27595
       27.900000       239.67007
       27.950000       238.14557
       28.000000       236.22881
       28.050000       234.19011
       28.100000       232.32893
       28.150000       230.25756
       28.200000       228.18447
       28.250000       226.52572
       28.300000       224.91491
       28.350000       223.39014
       28.400000       222.37709
       28.450000       221.50346
       28.500000       220.61118
       28.550000       220.11381
       28.600000       219.72179
       28.650000       219.16914
       28.700000       218.90776
       28.750000       218.80089
       28.800000       218.50596
       28.850000       218.44142
       28.900000       218.58155
       28.950000       218.48880
       29.000000       218.49568
       29.050000       218.70390
       29.100000       218.65114
       29.150000       218.60178
       29.200000       218.81293
       29.250000       218.84853
       29.300000       218.87037
       29.350000       219.22987
       29.400000       219.50245
       29.450000       219.69584
       29.500000       220.21447
       29.550000       220.69606
       29.600000       221.02542
       29.650000       221.66035
       29.700000       222.34324
       29.750000       222.83947
       29.800000       223.60151
       29.850000       224.47052
       29.900000       225.09473
       29.950000       225.88135
       30.000000       226.79467