       0.0000000       0.0000000
     0.050000000     0.022625735
      0.10000000     0.093293155
      0.15000000      0.22167190
      0.20000000      0.42515107
      0.25000000      0.73155142
      0.30000000       1.1808816
      0.35000000       1.8155039
      0.40000000       2.6471736
      0.45000000       3.5736265
      0.50000000       4.3245202
      0.55000000       4.6272363
      0.60000000       4.4756170
      0.65000000       4.1084194
      0.70000000       3.7446916
      0.75000000       3.4818493
      0.80000000       3.3626558
      0.85000000       3.3941263
      0.90000000       3.5727093
      0.95000000       3.9284839
       1.0000000       4.4964087
       1.0500000       5.3220834
       1.1000000       6.5088964
       1.1500000       8.1679391
       1.2000000       10.369954
       1.2500000       13.064490
       1.3000000       15.759512
       1.3500000       17.478175
       1.4000000       17.534904
       1.4500000       16.244898
       1.5000000       14.536963
       1.5500000       13.127164
       1.6000000       12.294506
       1.6500000       12.101912
       1.7000000       12.540174
       1.7500000       13.508826
       1.8000000       14.695381
       1.8500000       15.583256
       1.9000000       15.778803
       1.9500000       15.292502
       2.0000000       14.408998
       2.0500000       13.429537
       2.1000000       12.593447
       2.1500000       12.060836
       2.2000000       11.883774
       2.2500000       12.049601
       2.3000000       12.548878
       2.3500000       13.391399
       2.4000000       14.599320
       2.4500000       16.208448
       2.5000000       18.269180
       2.5500000       20.829399
       2.6000000       23.917413
       2.6500000       27.594831
       2.7000000       32.052366
       2.7500000       37.649949
       2.8000000       44.879473
       2.8500000       54.013610
       2.9000000       64.213160
       2.9500000       73.032726
       3.0000000       77.777506
       3.0500000       77.867338
       3.1000000       75.358601
       3.1500000       73.043885
       3.2000000       72.761244
       3.2500000       75.451237
       3.3000000       81.455136
       3.3500000       89.774429
       3.4000000       97.608240
       3.4500000       101.98954
       3.5000000       102.49790
       3.5500000       101.49400
       3.6000000       100.87889
       3.6500000       99.670440
       3.7000000       95.909127
       3.7500000       89.798105
       3.8000000       83.599273
       3.8500000       79.411981
       3.9000000       78.131842
       3.9500000       79.694603
       4.0000000       83.345836
       4.0500000       87.902157
       4.1000000       92.350397
       4.1500000       96.709467
       4.2000000       102.37184
       4.2500000       111.19397
       4.3000000       124.58489
       4.3500000       143.95764
       4.4000000       171.17496
       4.4500000       208.18213
       4.5000000       256.97680
       4.5500000       318.35674
       4.6000000       387.95677
       4.6500000       454.47178
       4.7000000       503.61949
       4.7500000       523.34474
       4.8000000       507.86359
       4.8500000       462.31197
       4.9000000       402.68523
       4.9500000       345.86926
       5.0000000       299.72257
       5.0500000       264.25044
       5.1000000       237.69166
       5.1500000       218.18125
       5.2000000       203.44437
       5.2500000       191.94245
       5.3000000       183.06218
       5.3500000       176.45924
       5.4000000       172.60927
       5.4500000       172.84876
       5.5000000       178.23831
       5.5500000       189.47507
       5.6000000       206.73385
       5.6500000       227.53452
       5.7000000       246.57558
       5.7500000       260.31911
       5.8000000       270.36066
       5.8500000       280.01367
       5.9000000       288.90764
       5.9500000       293.07585
       6.0000000       289.35779
       6.0500000       278.07618
       6.1000000       262.42784
       6.1500000       246.72138
       6.2000000       234.31481
       6.2500000       225.97516
       6.3000000       220.50378
       6.3500000       216.74249
       6.4000000       213.74639
       6.4500000       209.49702
       6.5000000       201.66313
       6.5500000       190.04211
       6.6000000       176.71228
       6.6500000       163.62764
       6.7000000       151.42117
       6.7500000       140.40475
       6.8000000       131.09919
       6.8500000       123.53984
       6.9000000       117.18480
       6.9500000       111.64030
       7.0000000       106.81623
       7.0500000       102.55242
       7.1000000       98.619832
       7.1500000       94.965780
       7.2000000       91.768223
       7.2500000       89.324066
       7.3000000       87.780497
       7.3500000       86.906983
       7.4000000       86.279918
       7.4500000       85.651976
       7.5000000       85.082975
       7.5500000       84.914053
       7.6000000       85.641548
       7.6500000       87.567451
       7.7000000       90.518777
       7.7500000       93.975516
       7.8000000       97.427060
       7.8500000       100.58291
       7.9000000       103.26890
       7.9500000       105.23158
       8.0000000       106.25616
       8.0500000       106.44484
       8.1000000       106.13648
       8.1500000       105.65789
       8.2000000       105.35246
       8.2500000       105.61607
       8.3000000       106.67256
       8.3500000       108.41615
       8.4000000       110.47804
       8.4500000       112.39919
       8.5000000       113.90174
       8.5500000       115.06221
       8.6000000       116.14745
       8.6500000       117.36777
       8.7000000       118.83960
       8.7500000       120.63166
       8.8000000       122.74800
       8.8500000       125.04201
       8.9000000       127.17141
       8.9500000       128.81134
       9.0000000       129.99062
       9.0500000       131.08555
       9.1000000       132.50502
       9.1500000       134.47527
       9.2000000       136.96867
       9.2500000       139.71379
       9.3000000       142.41358
       9.3500000       145.00570
       9.4000000       147.63429
       9.4500000       150.40455
       9.5000000       153.25519
       9.5500000       156.09379
       9.6000000       158.99316
       9.6500000       162.12131
       9.7000000       165.47542
       9.7500000       168.82024
       9.8000000       171.90947
       9.8500000       174.77108
       9.9000000       177.86360
       9.9500000       181.83413
       10.000000       186.91913
       10.050000       192.67247
       10.100000       198.34953
       10.150000       203.41548
       10.200000       207.76322
       10.250000       211.65351
       10.300000       215.41755
       10.350000       219.21729
       10.400000       223.17362
       10.450000       227.55345
       10.500000       232.65554
       10.550000       238.56566
       10.600000       245.00629
       10.650000       251.38439
       10.700000       257.10520
       10.750000       261.86224
       10.800000       265.56448
       10.850000       268.08276
       10.900000       269.17452
       10.950000       268.61071
       11.000000       266.41879
       11.050000       263.01546
       11.100000       259.03517
       11.150000       255.09511
       11.200000       251.65996
       11.250000       248.85484
       11.300000       246.44891
       11.350000       244.24140
       11.400000       242.37404
       11.450000       241.17398
       11.500000       240.85092
       11.550000       241.33614
       11.600000       242.29139
       11.650000       243.35936
       11.700000       244.46158
       11.750000       245.84874
       11.800000       247.94890
       11.850000       251.21499
       11.900000       255.95030
       11.950000       262.14846
       12.000000       269.39046
       12.050000       276.92405
       12.100000       284.13772
       12.150000       291.07245
       12.200000       298.28188
       12.250000       306.19898
       12.300000       314.75404
       12.350000       323.44184
       12.400000       331.68277
       12.450000       339.28108
       12.500000       346.50138
       12.550000       353.71074
       12.600000       361.15619
       12.650000       368.99536
       12.700000       377.26102
       12.750000       385.87147
       12.800000       394.76701
       12.850000       403.89320
       12.900000       413.05513
       12.950000       421.90212
       13.000000       430.02593
       13.050000       437.12685
       13.100000       443.14976
       13.150000       448.24666
       13.200000       452.62616
       13.250000       456.47075
       13.300000       459.85114
       13.350000       462.72837
       13.400000       465.17242
       13.450000       467.47396
       13.500000       469.95694
       13.550000       472.89586
       13.600000       476.68203
       13.650000       481.81339
       13.700000       488.60957
       13.750000       496.97350
       13.800000       506.39414
       13.850000       516.16309
       13.900000       525.72744
       13.950000       534.93646
       14.000000       543.94663
       14.050000       552.79914
       14.100000       561.08800
       14.150000       568.19744
       14.200000       573.91379
       14.250000       578.74656
       14.300000       583.73264
       14.350000       589.99999
       14.400000       598.29572
       14.450000       608.68021
       14.500000       620.54610
       14.550000       632.85616
       14.600000       644.46887
       14.650000       654.48383
       14.700000       662.43492
       14.750000       668.32066
       14.800000       672.60354
       14.850000       676.02515
       14.900000       679.21225
       14.950000       682.51898
       15.000000       686.19341
       15.050000       690.47482
       15.100000       695.52821
       15.150000       701.40189
       15.200000       708.01133
       15.250000       715.19189
       15.300000       722.85870
       15.350000       730.98686
       15.400000       739.33419
       15.450000       747.29442
       15.500000       754.21668
       15.550000       759.99522
       15.600000       765.42473
       15.650000       771.86295
       15.700000       780.46199
       15.750000       791.66675
       15.800000       805.15821
       15.850000       820.02057
       15.900000       835.05746
       15.950000       849.22504
       16.000000       861.87426
       16.050000       872.79255
       16.100000       882.29127
       16.150000       891.25289
       16.200000       900.78819
       16.250000       911.54403
       16.300000       923.20101
       16.350000       934.59713
       16.400000       944.23780
       16.450000       950.75650
       16.500000       953.26710
       16.550000       951.60349
       16.600000       946.25374
       16.650000       937.99642
       16.700000       927.60316
       16.750000       915.70617
       16.800000       902.75218
       16.850000       888.97059
       16.900000       874.42909
       16.950000       859.24037
       17.000000       843.80139
       17.050000       828.71730
       17.100000       814.46667
       17.150000       801.23901
       17.200000       789.05920
       17.250000       777.92907
       17.300000       767.93204
       17.350000       759.25361
       17.400000       752.06024
       17.450000       746.43060
       17.500000       742.39432
       17.550000       739.85884
       17.600000       738.52232
       17.650000       737.99291
       17.700000       737.94388
       17.750000       738.16852
       17.800000       738.65220
       17.850000       739.63383
       17.900000       741.50453
       17.950000       744.53246
       18.000000       748.56435
       18.050000       752.89515
       18.100000       756.50409
       18.150000       758.53979
       18.200000       758.65248
       18.250000       757.06644
       18.300000       754.43290
       18.350000       751.56631
       18.400000       749.16877
       18.450000       747.60541
       18.500000       746.78293
       18.550000       746.29376
       18.600000       745.68935
       18.650000       744.56795
       18.700000       742.54323
       18.750000       739.30492
       18.800000       734.67959
       18.850000       728.62700
       18.900000       721.28655
       18.950000       712.98204
       19.000000       704.11555
       19.050000       695.07307
       19.100000       686.15280
       19.150000       677.50217
       19.200000       669.16546
       19.250000       661.20376
       19.300000       653.73270
       19.350000       646.91545
       19.400000       640.90018
       19.450000       635.69056
       19.500000       631.11645
       19.550000       626.98322
       19.600000       623.21147
       19.650000       619.87363
       19.700000       617.16693
       19.750000       615.25782
       19.800000       614.11887
       19.850000       613.54774
       19.900000       613.25688
       19.950000       612.89942
       20.000000       612.11573
       20.050000       610.59005
       20.100000       608.09555
       20.150000       604.56930
       20.200000       600.16459
       20.250000       595.22937
       20.300000       590.31354
       20.350000       586.08445
       20.400000       583.07371
       20.450000       581.44998
       20.500000       581.01276
       20.550000       581.30473
       20.600000       581.82390
       20.650000       582.25928
       20.700000       582.55015
       20.750000       582.77772
       20.800000       583.01444
       20.850000       583.19957
       20.900000       583.10407
       20.950000       582.47514
       21.000000       581.18216
       21.050000       579.28073
       21.100000       576.99990
       21.150000       574.63199
       21.200000       572.37713
       21.250000       570.28911
       21.300000       568.30171
       21.350000       566.24625
       21.400000       563.91420
       21.450000       561.15481
       21.500000       557.88100
       21.550000       554.11364
       21.600000       550.03456
       21.650000       545.90754
       21.700000       541.96456
       21.750000       538.33696
       21.800000       534.99840
       21.850000       531.73594
       21.900000       528.25139
       21.950000       524.26890
       22.000000       519.65418
       22.050000       514.51883
       22.100000       509.17640
       22.150000       503.96751
       22.200000       499.18303
       22.250000       495.04760
       22.300000       491.70136
       22.350000       489.20429
       22.400000       487.51910
       22.450000       486.42149
       22.500000       485.50279
       22.550000       484.30895
       22.600000       482.49973
       22.650000       479.98474
       22.700000       476.94326
       22.750000       473.68007
       22.800000       470.47322
       22.850000       467.53565
       22.900000       464.99724
       22.950000       462.89788
       23.000000       461.24012
       23.050000       459.98592
       23.100000       459.02625
       23.150000       458.20962
       23.200000       457.36410
       23.250000       456.29356
       23.300000       454.85057
       23.350000       452.98976
       23.400000       450.73161
       23.450000       448.14491
       23.500000       445.33649
       23.550000       442.40587
       23.600000       439.44672
       23.650000       436.58049
       23.700000       433.90964
       23.750000       431.47514
       23.800000       429.27700
       23.850000       427.27386
       23.900000       425.42109
       23.950000       423.73297
       24.000000       422.25742
       24.050000       421.00395
       24.100000       419.92975
       24.150000       418.89288
       24.200000       417.66282
       24.250000       416.02885
       24.300000       413.91375
       24.350000       411.38449
       24.400000       408.61559
       24.450000       405.78778
       24.500000       402.98046
       24.550000       400.18119
       24.600000       397.36180
       24.650000       394.49265
       24.700000       391.54995
       24.750000       388.53336
       24.800000       385.40627
       24.850000       382.10173
       24.900000       378.56779
       24.950000       374.77994
       25.000000       370.73891
       25.050000       366.51421
       25.100000       362.22877
       25.150000       358.01176
       25.200000       354.00548
       25.250000       350.33837
       25.300000       347.07956
       25.350000       344.26712
       25.400000       341.92043
       25.450000       340.00584
       25.500000       338.46662
       25.550000       337.24462
       25.600000       336.24616
       25.650000       335.35343
       25.700000       334.44498
       25.750000       333.36310
       25.800000       331.93914
       25.850000       330.05600
       25.900000       327.65846
       25.950000       324.76150
       26.000000       321.47270
       26.050000       317.93693
       26.100000       314.29286
       26.150000       310.68209
       26.200000       307.23450
       26.250000       304.05180
       26.300000       301.23826
       26.350000       298.89523
       26.400000       297.06661
       26.450000       295.75167
       26.500000       294.90286
       26.550000       294.41259
       26.600000       294.16014
       26.650000       294.06282
       26.700000       294.04928
       26.750000       294.07050
       26.800000       294.10416
       26.850000       294.11404
       26.900000       294.05148
       26.950000       293.89306
       27.000000       293.61536
       27.050000       293.20815
       27.100000       292.72044
       27.150000       292.24591
       27.200000       291.89394
       27.250000       291.79004
       27.300000       292.01761
       27.350000       292.56348
       27.400000       293.35157
       27.450000       294.24722
       27.500000       295.06860
       27.550000       295.64704
       27.600000       295.87973
       27.650000       295.73192
       27.700000       295.26178
       27.750000       294.61126
       27.800000       293.91757
       27.850000       293.29376
       27.900000       292.82984
       27.950000       292.56019
       28.000000       292.47677
       28.050000       292.56202
       28.100000       292.76691
       28.150000       293.01570
       28.200000       293.24839
       28.250000       293.41486
       28.300000       293.46865
       28.350000       293.40059
       28.400000       293.21766
       28.450000       292.90960
       28.500000       292.47019
       28.550000       291.89797
       28.600000       291.17464
       28.650000       290.30277
       28.700000       289.32224
       28.750000       288.27256
       28.800000       287.20056
       28.850000       286.16405
       28.900000       285.18608
       28.950000       284.25824
       29.000000       283.36625
       29.050000       282.46182
       29.100000       281.49226
       29.150000       280.44038
       29.200000       279.30290
       29.250000       278.07869
       29.300000       276.79669
       29.350000       275.48834
       29.400000       274.17596
       29.450000       272.90529
       29.500000       271.73012
       29.550000       270.67722
       29.600000       269.76953
       29.650000       269.01646
       29.700000       268.38559
       29.750000       267.83865
       29.800000       267.35154
       29.850000       266.89573
       29.900000       266.46968
       29.950000       266.10685
       30.000000       265.83764