       0.0000000       0.0000000
     0.050000000    0.0024258851
      0.10000000     0.012652768
      0.15000000     0.026523684
      0.20000000     0.044440147
      0.25000000     0.074855268
      0.30000000      0.10548318
      0.35000000      0.13824763
      0.40000000      0.18978890
      0.45000000      0.24016316
      0.50000000      0.29064223
      0.55000000      0.36842160
      0.60000000      0.44477715
      0.65000000      0.51545096
      0.70000000      0.62111847
      0.75000000      0.72685392
      0.80000000      0.82120585
      0.85000000      0.96387517
      0.90000000       1.1150485
      0.95000000       1.2470623
       1.0000000       1.4398834
       1.0500000       1.6526003
       1.1000000       1.8355288
       1.1500000       2.0951247
       1.2000000       2.3972742
       1.2500000       2.6595348
       1.3000000       3.0172641
       1.3500000       3.4557911
       1.4000000       3.8506143
       1.4500000       4.3695492
       1.5000000       5.0360888
       1.5500000       5.6731346
       1.6000000       6.4869434
       1.6500000       7.5748375
       1.7000000       8.7060472
       1.7500000       10.145202
       1.8000000       12.130066
       1.8500000       14.345899
       1.9000000       16.979338
       1.9500000       20.277322
       2.0000000       23.917574
       2.0500000       28.685173
       2.1000000       35.830008
       2.1500000       45.459020
       2.2000000       59.252206
       2.2500000       80.546583
       2.3000000       111.57167
       2.3500000       156.87619
       2.4000000       217.54225
       2.4500000       270.85971
       2.5000000       280.03871
       2.5500000       239.32244
       2.6000000       181.83576
       2.6500000       135.71802
       2.7000000       103.24872
       2.7500000       80.327259
       2.8000000       65.673721
       2.8500000       55.728653
       2.9000000       48.318683
       2.9500000       44.083973
       3.0000000       41.677578
       3.0500000       40.038944
       3.1000000       40.218402
       3.1500000       41.535102
       3.2000000       43.175110
       3.2500000       46.558463
       3.3000000       51.900244
       3.3500000       58.912078
       3.4000000       69.553582
       3.4500000       84.589626
       3.5000000       102.29834
       3.5500000       120.35501
       3.6000000       133.67670
       3.6500000       136.94308
       3.7000000       132.40930
       3.7500000       127.80947
       3.8000000       129.41892
       3.8500000       140.88581
       3.9000000       158.97337
       3.9500000       171.36974
       4.0000000       170.76814
       4.0500000       165.43703
       4.1000000       167.83646
       4.1500000       183.06218
       4.2000000       209.71538
       4.2500000       238.00531
       4.3000000       250.06297
       4.3500000       236.34018
       4.4000000       207.26673
       4.4500000       179.65372
       4.5000000       160.11595
       4.5500000       148.50024
       4.6000000       145.93784
       4.6500000       152.30952
       4.7000000       165.24447
       4.7500000       184.80045
       4.8000000       212.60997
       4.8500000       250.68655
       4.9000000       305.13050
       4.9500000       382.95367
       5.0000000       490.56642
       5.0500000       641.38427
       5.1000000       834.06438
       5.1500000       1010.4406
       5.2000000       1087.9565
       5.2500000       1055.3786
       5.3000000       981.86985
       5.3500000       923.26729
       5.4000000       878.66697
       5.4500000       833.67315
       5.5000000       784.27341
       5.5500000       721.76425
       5.6000000       637.69197
       5.6500000       540.90731
       5.7000000       452.14906
       5.7500000       388.02515
       5.8000000       352.67882
       5.8500000       338.89539
       5.9000000       337.28617
       5.9500000       343.27331
       6.0000000       355.15973
       6.0500000       370.00497
       6.1000000       379.49132
       6.1500000       369.90001
       6.2000000       334.88479
       6.2500000       285.49217
       6.3000000       238.27000
       6.3500000       200.12188
       6.4000000       170.46428
       6.4500000       148.02069
       6.5000000       131.64098
       6.5500000       120.68274
       6.6000000       114.55628
       6.6500000       111.58414
       6.7000000       111.44321
       6.7500000       115.69359
       6.8000000       124.73585
       6.8500000       139.24811
       6.9000000       161.16339
       6.9500000       187.43318
       7.0000000       209.72391
       7.0500000       224.30745
       7.1000000       233.26922
       7.1500000       234.94464
       7.2000000       224.04223
       7.2500000       202.05674
       7.3000000       178.31523
       7.3500000       160.12615
       7.4000000       148.10838
       7.4500000       139.97780
       7.5000000       133.40773
       7.5500000       126.48496
       7.6000000       119.51737
       7.6500000       115.14881
       7.7000000       114.89190
       7.7500000       117.75702
       7.8000000       122.43698
       7.8500000       127.84087
       7.9000000       131.81927
       7.9500000       132.10180
       8.0000000       128.58279
       8.0500000       123.61237
       8.1000000       120.30897
       8.1500000       121.02366
       8.2000000       126.32899
       8.2500000       133.71923
       8.3000000       138.26722
       8.3500000       137.27959
       8.4000000       132.98852
       8.4500000       128.44152
       8.5000000       124.12221
       8.5500000       120.41119
       8.6000000       118.69896
       8.6500000       119.09940
       8.7000000       120.87475
       8.7500000       124.21324
       8.8000000       129.47723
       8.8500000       136.39941
       8.9000000       143.58118
       8.9500000       147.76652
       9.0000000       146.47035
       9.0500000       141.29622
       9.1000000       135.97222
       9.1500000       133.20164
       9.2000000       134.35574
       9.2500000       138.34785
       9.3000000       141.41728
       9.3500000       141.24843
       9.4000000       139.28598
       9.4500000       138.15837
       9.5000000       139.75151
       9.5500000       144.73144
       9.6000000       151.61587
       9.6500000       157.57988
       9.7000000       160.42752
       9.7500000       159.35164
       9.8000000       155.61212
       9.8500000       152.12673
       9.9000000       150.90572
       9.9500000       152.38335
       10.000000       156.66381
       10.050000       162.60503
       10.100000       167.74879
       10.150000       171.68519
       10.200000       177.04555
       10.250000       186.53841
       10.300000       201.00747
       10.350000       218.69947
       10.400000       234.63530
       10.450000       243.46301
       10.500000       244.65099
       10.550000       242.93104
       10.600000       243.01299
       10.650000       246.19240
       10.700000       252.80404
       10.750000       264.10356
       10.800000       279.02483
       10.850000       293.05338
       10.900000       303.48214
       10.950000       312.26741
       11.000000       322.04053
       11.050000       332.88418
       11.100000       343.34440
       11.150000       352.11137
       11.200000       359.02083
       11.250000       364.60217
       11.300000       368.45112
       11.350000       370.15242
       11.400000       371.73005
       11.450000       376.82040
       11.500000       388.14297
       11.550000       405.80571
       11.600000       425.36804
       11.650000       439.10902
       11.700000       442.53466
       11.750000       438.42009
       11.800000       433.71097
       11.850000       433.84159
       11.900000       438.90852
       11.950000       445.02404
       12.000000       450.57172
       12.050000       458.59598
       12.100000       472.00987
       12.150000       490.22580
       12.200000       509.86643
       12.250000       525.47590
       12.300000       532.52073
       12.350000       531.91887
       12.400000       528.22542
       12.450000       523.60631
       12.500000       516.77369
       12.550000       506.27505
       12.600000       492.89994
       12.650000       479.99132
       12.700000       471.54448
       12.750000       469.98441
       12.800000       476.02493
       12.850000       488.26767
       12.900000       501.82790
       12.950000       510.34901
       13.000000       510.95453
       13.050000       506.25566
       13.100000       501.36654
       13.150000       499.01034
       13.200000       497.74333
       13.250000       495.31249
       13.300000       491.92929
       13.350000       489.30710
       13.400000       489.09709
       13.450000       492.85750
       13.500000       501.39069
       13.550000       514.73872
       13.600000       533.51443
       13.650000       558.11882
       13.700000       587.16303
       13.750000       619.12616
       13.800000       653.97856
       13.850000       690.81435
       13.900000       725.85115
       13.950000       755.27404
       14.000000       778.82692
       14.050000       798.14777
       14.100000       813.13710
       14.150000       823.80221
       14.200000       833.63569
       14.250000       845.76355
       14.300000       857.78676
       14.350000       864.88025
       14.400000       864.93696
       14.450000       858.66010
       14.500000       849.00186
       14.550000       840.62747
       14.600000       836.76059
       14.650000       839.24009
       14.700000       852.12676
       14.750000       880.02946
       14.800000       922.70672
       14.850000       974.88343
       14.900000       1029.1533
       14.950000       1077.2205
       15.000000       1112.3499
       15.050000       1133.2158
       15.100000       1143.8959
       15.150000       1148.5344
       15.200000       1146.2613
       15.250000       1133.7160
       15.300000       1113.1201
       15.350000       1094.3498
       15.400000       1087.6826
       15.450000       1097.0060
       15.500000       1119.4449
       15.550000       1148.8001
       15.600000       1179.8266
       15.650000       1210.1835
       15.700000       1238.8344
       15.750000       1264.1029
       15.800000       1282.4132
       15.850000       1288.4255
       15.900000       1279.8762
       15.950000       1262.8673
       16.000000       1248.1143
       16.050000       1242.6303
       16.100000       1247.3855
       16.150000       1258.8084
       16.200000       1269.6579
       16.250000       1272.2987
       16.300000       1263.6821
       16.350000       1247.0727
       16.400000       1229.4989
       16.450000       1216.9806
       16.500000       1210.7096
       16.550000       1207.9535
       16.600000       1205.4590
       16.650000       1201.6372
       16.700000       1197.8372
       16.750000       1197.4889
       16.800000       1202.8138
       16.850000       1213.9951
       16.900000       1230.7787
       16.950000       1251.4343
       17.000000       1270.9889
       17.050000       1283.2598
       17.100000       1283.9015
       17.150000       1272.5058
       17.200000       1253.7052
       17.250000       1234.6152
       17.300000       1220.0664
       17.350000       1211.2116
       17.400000       1206.4915
       17.450000       1202.4388
       17.500000       1196.2230
       17.550000       1187.8007
       17.600000       1178.7842
       17.650000       1171.2308
       17.700000       1167.9640
       17.750000       1171.5506
       17.800000       1182.5077
       17.850000       1199.1090
       17.900000       1218.1123
       17.950000       1236.0110
       18.000000       1250.1950
       18.050000       1259.0008
       18.100000       1261.7342
       18.150000       1258.6294
       18.200000       1249.3905
       18.250000       1233.1971
       18.300000       1211.3002
       18.350000       1187.2753
       18.400000       1164.4315
       18.450000       1144.7744
       18.500000       1129.0680
       18.550000       1116.2746
       18.600000       1104.3458
       18.650000       1091.6709
       18.700000       1077.5787
       18.750000       1062.6154
       18.800000       1048.1167
       18.850000       1034.4650
       18.900000       1020.9600
       18.950000       1006.9633
       19.000000       991.74930
       19.050000       974.61378
       19.100000       956.18382
       19.150000       938.33156
       19.200000       923.54090
       19.250000       914.54965
       19.300000       912.71701
       19.350000       916.60072
       19.400000       922.80953
       19.450000       927.10997
       19.500000       925.53124
       19.550000       916.60035
       19.600000       901.81994
       19.650000       883.91427
       19.700000       866.01445
       19.750000       851.23733
       19.800000       841.42799
       19.850000       837.13816
       19.900000       838.25187
       19.950000       843.60967
       20.000000       851.57100
       20.050000       861.07447
       20.100000       871.04589
       20.150000       880.30606
       20.200000       888.51691
       20.250000       895.71321
       20.300000       901.45663
       20.350000       905.34144
       20.400000       906.86382
       20.450000       905.39559
       20.500000       901.26162
       20.550000       895.33014
       20.600000       887.59089
       20.650000       877.72704
       20.700000       865.92005
       20.750000       852.54385
       20.800000       838.52408
       20.850000       825.28654
       20.900000       813.68078
       20.950000       804.25085
       21.000000       797.72080
       21.050000       793.98783
       21.100000       792.23093
       21.150000       792.06409
       21.200000       793.07938
       21.250000       794.45724
       21.300000       795.65474
       21.350000       796.16549
       21.400000       795.28813
       21.450000       792.67912
       21.500000       787.81927
       21.550000       779.91684
       21.600000       769.54736
       21.650000       758.57382
       21.700000       748.31190
       21.750000       739.31187
       21.800000       731.74019
       21.850000       725.22185
       21.900000       719.62624
       21.950000       715.44837
       22.000000       712.98094
       22.050000       712.61288
       22.100000       715.19884
       22.150000       720.82446
       22.200000       728.57871
       22.250000       737.43788
       22.300000       745.96997
       22.350000       752.43123
       22.400000       755.88651
       22.450000       756.10347
       22.500000       753.26797
       22.550000       748.43557
       22.600000       742.72873
       22.650000       736.48772
       22.700000       729.95365
       22.750000       723.21249
       22.800000       715.72423
       22.850000       707.35094
       22.900000       698.56274
       22.950000       689.33184
       23.000000       679.57482
       23.050000       669.86427
       23.100000       660.76509
       23.150000       652.79827
       23.200000       646.55031
       23.250000       641.71314
       23.300000       637.28721
       23.350000       632.63152
       23.400000       627.21298
       23.450000       620.72355
       23.500000       613.85910
       23.550000       607.51674
       23.600000       602.02357
       23.650000       597.68253
       23.700000       594.37104
       23.750000       590.96040
       23.800000       586.24836
       23.850000       579.45379
       23.900000       570.22838
       23.950000       559.43522
       24.000000       548.66035
       24.050000       538.76979
       24.100000       530.31307
       24.150000       524.07609
       24.200000       520.35080
       24.250000       519.14709
       24.300000       520.60435
       24.350000       524.22536
       24.400000       529.17082
       24.450000       535.14877
       24.500000       541.76846
       24.550000       548.30619
       24.600000       554.37524
       24.650000       559.41217
       24.700000       562.57475
       24.750000       563.83956
       24.800000       563.65516
       24.850000       562.08558
       24.900000       559.29436
       24.950000       555.43041
       25.000000       550.20908
       25.050000       543.89489
       25.100000       537.42302
       25.150000       531.35141
       25.200000       526.14398
       25.250000       522.43296
       25.300000       520.17116
       25.350000       518.96598
       25.400000       518.69524
       25.450000       518.85842
       25.500000       518.76512
       25.550000       518.21668
       25.600000       516.85747
       25.650000       514.23711
       25.700000       510.76610
       25.750000       507.12826
       25.800000       503.61152
       25.850000       500.57333
       25.900000       498.04847
       25.950000       495.44457
       26.000000       492.49127
       26.050000       489.13039
       26.100000       484.89142
       26.150000       479.71729
       26.200000       474.10045
       26.250000       468.18616
       26.300000       462.17163
       26.350000       456.56284
       26.400000       451.35798
       26.450000       446.39715
       26.500000       441.83109
       26.550000       437.35028
       26.600000       432.45348
       26.650000       427.24313
       26.700000       421.75983
       26.750000       415.85396
       26.800000       409.89687
       26.850000       404.13259
       26.900000       398.34013
       26.950000       392.69147
       27.000000       387.41745
       27.050000       382.31028
       27.100000       377.53494
       27.150000       373.46940
       27.200000       369.99692
       27.250000       367.16399
       27.300000       365.24281
       27.350000       363.96739
       27.400000       363.12552
       27.450000       362.88697
       27.500000       362.99381
       27.550000       363.15955
       27.600000       363.60335
       27.650000       364.25203
       27.700000       364.89231
       27.750000       365.77625
       27.800000       366.80727
       27.850000       367.46803
       27.900000       367.76804
       27.950000       367.84049
       28.000000       367.58255
       28.050000       367.29058
       28.100000       367.22729
       28.150000       367.20241
       28.200000       367.39632
       28.250000       368.15184
       28.300000       369.26701
       28.350000       370.66208
       28.400000       372.41862
       28.450000       374.08808
       28.500000       375.39570
       28.550000       376.60307
       28.600000       377.68605
       28.650000       378.66548
       28.700000       380.00310
       28.750000       381.73403
       28.800000       383.62924
       28.850000       385.84604
       28.900000       388.20115
       28.950000       390.16184
       29.000000       391.69813
       29.050000       392.75403
       29.100000       392.96368
       29.150000       392.43060
       29.200000       391.32385
       29.250000       389.43303
       29.300000       386.98573
       29.350000       384.42939
       29.400000       381.75452
       29.450000       379.19453
       29.500000       377.23273
       29.550000       375.81572
       29.600000       374.93544
       29.650000       374.88970
       29.700000       375.46631
       29.750000       376.37696
       29.800000       377.76544
       29.850000       379.42905
       29.900000       381.04181
       29.950000       382.80310
       30.000000       384.69026
