       0.0000000       0.0000000
     0.050000000    0.0067060318
      0.10000000     0.026023795
      0.15000000     0.059256818
      0.20000000      0.10677921
      0.25000000      0.16645176
      0.30000000      0.24210375
      0.35000000      0.33495148
      0.40000000      0.44115349
      0.45000000      0.56706909
      0.50000000      0.71630425
      0.55000000      0.88298646
      0.60000000       1.0753407
      0.65000000       1.3007766
      0.70000000       1.5516739
      0.75000000       1.8382837
      0.80000000       2.1747668
      0.85000000       2.5537747
      0.90000000       2.9890178
      0.95000000       3.5067846
       1.0000000       4.1053598
       1.0500000       4.8069682
       1.1000000       5.6613301
       1.1500000       6.6871199
       1.2000000       7.9342848
       1.2500000       9.5105585
       1.3000000       11.503272
       1.3500000       14.054979
       1.4000000       17.422725
       1.4500000       21.842284
       1.5000000       27.508630
       1.5500000       34.384798
       1.6000000       41.490506
       1.6500000       46.886403
       1.7000000       49.189946
       1.7500000       48.936966
       1.8000000       48.088915
       1.8500000       48.497160
       1.9000000       51.179975
       1.9500000       56.814829
       2.0000000       66.193817
       2.0500000       80.024452
       2.1000000       98.698464
       2.1500000       121.16982
       2.2000000       142.60212
       2.2500000       155.49568
       2.3000000       156.32213
       2.3500000       148.88440
       2.4000000       138.68156
       2.4500000       127.46049
       2.5000000       115.38295
       2.5500000       104.20815
       2.6000000       96.108186
       2.6500000       92.163139
       2.7000000       92.799604
       2.7500000       98.122940
       2.8000000       107.76442
       2.8500000       120.26008
       2.9000000       132.43751
       2.9500000       141.26781
       3.0000000       146.90001
       3.0500000       151.88979
       3.1000000       157.41585
       3.1500000       162.16000
       3.2000000       164.67347
       3.2500000       165.15455
       3.3000000       164.41908
       3.3500000       162.12757
       3.4000000       157.40681
       3.4500000       150.95219
       3.5000000       144.95086
       3.5500000       141.19878
       3.6000000       140.52559
       3.6500000       143.31603
       3.7000000       149.70554
       3.7500000       159.48178
       3.8000000       171.36319
       3.8500000       182.90412
       3.9000000       192.92089
       3.9500000       203.07194
       4.0000000       215.12400
       4.0500000       228.17338
       4.1000000       239.67674
       4.1500000       247.53697
       4.2000000       251.24020
       4.2500000       252.24007
       4.3000000       252.73947
       4.3500000       254.40259
       4.4000000       258.92820
       4.4500000       268.11849
       4.5000000       283.02483
       4.5500000       304.74159
       4.6000000       334.95337
       4.6500000       374.43851
       4.7000000       423.15139
       4.7500000       482.39885
       4.8000000       554.86528
       4.8500000       640.21675
       4.9000000       727.75343
       4.9500000       795.87136
       5.0000000       828.46655
       5.0500000       831.96323
       5.1000000       826.46453
       5.1500000       824.56022
       5.2000000       830.01856
       5.2500000       846.72333
       5.3000000       872.68304
       5.3500000       893.12000
       5.4000000       892.05683
       5.4500000       865.75582
       5.5000000       820.56893
       5.5500000       764.56565
       5.6000000       703.29708
       5.6500000       639.91968
       5.7000000       578.18373
       5.7500000       522.84166
       5.8000000       474.95790
       5.8500000       430.78906
       5.9000000       387.80169
       5.9500000       348.00697
       6.0000000       314.74069
       6.0500000       289.87427
       6.1000000       273.97001
       6.1500000       266.43463
       6.2000000       265.63224
       6.2500000       269.89587
       6.3000000       278.26741
       6.3500000       289.98725
       6.4000000       303.15564
       6.4500000       314.10751
       6.5000000       318.77810
       6.5500000       315.00514
       6.6000000       303.59911
       6.6500000       287.31826
       6.7000000       268.59970
       6.7500000       248.37481
       6.8000000       227.31132
       6.8500000       207.14292
       6.9000000       189.86636
       6.9500000       176.54800
       7.0000000       167.39361
       7.0500000       162.08143
       7.1000000       160.00135
       7.1500000       160.62754
       7.2000000       163.35462
       7.2500000       167.16940
       7.3000000       171.10675
       7.3500000       174.57194
       7.4000000       176.92788
       7.4500000       177.54694
       7.5000000       176.38109
       7.5500000       173.95651
       7.6000000       170.93365
       7.6500000       167.88281
       7.7000000       165.23596
       7.7500000       163.29561
       7.8000000       162.04459
       7.8500000       160.80583
       7.9000000       158.62978
       7.9500000       155.36706
       8.0000000       151.95276
       8.0500000       149.47257
       8.1000000       148.22579
       8.1500000       147.69005
       8.2000000       147.22269
       8.2500000       146.73465
       8.3000000       146.68837
       8.3500000       147.68709
       8.4000000       150.12967
       8.4500000       153.85744
       8.5000000       157.99938
       8.5500000       161.44764
       8.6000000       163.48531
       8.6500000       163.97635
       8.7000000       163.36201
       8.7500000       162.50701
       8.8000000       162.10152
       8.8500000       162.19112
       8.9000000       162.54107
       8.9500000       163.31668
       9.0000000       165.13352
       9.0500000       168.45785
       9.1000000       172.93416
       9.1500000       177.14671
       9.2000000       179.16119
       9.2500000       177.79090
       9.3000000       173.58639
       9.3500000       168.38541
       9.4000000       163.86311
       9.4500000       160.69932
       9.5000000       158.88841
       9.5500000       158.38201
       9.6000000       159.41786
       9.6500000       162.33443
       9.7000000       167.11383
       9.7500000       173.33266
       9.8000000       180.55289
       9.8500000       188.33095
       9.9000000       195.87757
       9.9500000       202.19965
       10.000000       206.65814
       10.050000       209.35493
       10.100000       211.17170
       10.150000       213.32118
       10.200000       216.61840
       10.250000       221.19068
       10.300000       226.77824
       10.350000       232.98267
       10.400000       239.36124
       10.450000       245.63774
       10.500000       251.81289
       10.550000       258.07878
       10.600000       264.88140
       10.650000       273.08713
       10.700000       283.75956
       10.750000       297.60920
       10.800000       314.66020
       10.850000       334.21631
       10.900000       354.90772
       10.950000       375.19411
       11.000000       394.36788
       11.050000       412.91273
       11.100000       431.67344
       11.150000       450.87283
       11.200000       469.48208
       11.250000       484.85227
       11.300000       493.78864
       11.350000       495.25066
       11.400000       491.75111
       11.450000       487.55788
       11.500000       485.87012
       11.550000       487.57215
       11.600000       491.77416
       11.650000       497.13965
       11.700000       502.84246
       11.750000       508.58259
       11.800000       514.43980
       11.850000       521.15388
       11.900000       530.12648
       11.950000       542.33556
       12.000000       556.59058
       12.050000       569.10992
       12.100000       576.18072
       12.150000       577.74408
       12.200000       577.46895
       12.250000       579.44940
       12.300000       585.72480
       12.350000       596.14624
       12.400000       609.12950
       12.450000       622.65644
       12.500000       635.05650
       12.550000       644.91341
       12.600000       651.06880
       12.650000       653.29622
       12.700000       652.34935
       12.750000       649.31482
       12.800000       645.48014
       12.850000       642.18841
       12.900000       640.02648
       12.950000       638.70423
       13.000000       638.12249
       13.050000       638.99143
       13.100000       642.36476
       13.150000       649.18201
       13.200000       660.28031
       13.250000       676.15284
       13.300000       696.32654
       13.350000       719.10085
       13.400000       742.09394
       13.450000       763.12305
       13.500000       780.87505
       13.550000       795.27423
       13.600000       807.36257
       13.650000       818.42282
       13.700000       828.79450
       13.750000       837.66794
       13.800000       844.37361
       13.850000       849.71897
       13.900000       855.43422
       13.950000       862.61405
       14.000000       871.54164
       14.050000       882.65750
       14.100000       896.53641
       14.150000       913.35911
       14.200000       933.34475
       14.250000       956.98617
       14.300000       984.00713
       14.350000       1012.5512
       14.400000       1040.0825
       14.450000       1064.9716
       14.500000       1087.0855
       14.550000       1106.8586
       14.600000       1124.2118
       14.650000       1138.6666
       14.700000       1150.0093
       14.750000       1158.5337
       14.800000       1165.0268
       14.850000       1170.6538
       14.900000       1176.3837
       14.950000       1182.6855
       15.000000       1190.1657
       15.050000       1199.9732
       15.100000       1213.4983
       15.150000       1231.7991
       15.200000       1254.7490
       15.250000       1280.3555
       15.300000       1305.4974
       15.350000       1327.9640
       15.400000       1347.5186
       15.450000       1365.1931
       15.500000       1382.0875
       15.550000       1398.6223
       15.600000       1414.4421
       15.650000       1428.9653
       15.700000       1442.1674
       15.750000       1454.6329
       15.800000       1466.9038
       15.850000       1479.1220
       15.900000       1491.2536
       15.950000       1503.3064
       16.000000       1514.9462
       16.050000       1524.8741
       16.100000       1530.9208
       16.150000       1531.1996
       16.200000       1525.4123
       16.250000       1515.0651
       16.300000       1502.3281
       16.350000       1488.9636
       16.400000       1476.4486
       16.450000       1466.5442
       16.500000       1461.1761
       16.550000       1461.4681
       16.600000       1466.7827
       16.650000       1474.9039
       16.700000       1483.6233
       16.750000       1492.2191
       16.800000       1501.3022
       16.850000       1511.5129
       16.900000       1522.6189
       16.950000       1533.4442
       17.000000       1542.2255
       17.050000       1547.0352
       17.100000       1546.3722
       17.150000       1540.1012
       17.200000       1530.1993
       17.250000       1520.1613
       17.300000       1513.3825
       17.350000       1511.7269
       17.400000       1514.8390
       17.450000       1520.5539
       17.500000       1526.2937
       17.550000       1530.5074
       17.600000       1533.0231
       17.650000       1534.4632
       17.700000       1535.3603
       17.750000       1535.5326
       17.800000       1534.2612
       17.850000       1530.9669
       17.900000       1525.2934
       17.950000       1516.7320
       18.000000       1504.9437
       18.050000       1490.4801
       18.100000       1475.0283
       18.150000       1460.5637
       18.200000       1448.2628
       18.250000       1437.9123
       18.300000       1428.1962
       18.350000       1417.5344
       18.400000       1404.9255
       18.450000       1390.3591
       18.500000       1374.4386
       18.550000       1357.7089
       18.600000       1340.3637
       18.650000       1322.3779
       18.700000       1303.8601
       18.750000       1285.3160
       18.800000       1267.6277
       18.850000       1251.6615
       18.900000       1237.9684
       18.950000       1226.6297
       19.000000       1217.1980
       19.050000       1208.8364
       19.100000       1200.5685
       19.150000       1191.6745
       19.200000       1181.9515
       19.250000       1171.7767
       19.300000       1161.6919
       19.350000       1152.0808
       19.400000       1143.1982
       19.450000       1135.3075
       19.500000       1128.5012
       19.550000       1122.4457
       19.600000       1116.3631
       19.650000       1109.5473
       19.700000       1101.9577
       19.750000       1094.2653
       19.800000       1087.2820
       19.850000       1081.4804
       19.900000       1076.8294
       19.950000       1072.8630
       20.000000       1068.8996
       20.050000       1064.4744
       20.100000       1059.3774
       20.150000       1053.5945
       20.200000       1047.1896
       20.250000       1040.2552
       20.300000       1032.8438
       20.350000       1024.9794
       20.400000       1016.7788
       20.450000       1008.4524
       20.500000       1000.3750
       20.550000       992.88203
       20.600000       986.02051
       20.650000       979.56803
       20.700000       973.23116
       20.750000       966.83612
       20.800000       960.45974
       20.850000       954.29630
       20.900000       948.36737
       20.950000       942.51163
       21.000000       936.68698
       21.050000       931.09941
       21.100000       926.07126
       21.150000       921.71631
       21.200000       917.76821
       21.250000       913.68949
       21.300000       908.99501
       21.350000       903.40635
       21.400000       896.93411
       21.450000       889.90539
       21.500000       882.81483
       21.550000       876.09819
       21.600000       870.06792
       21.650000       864.86854
       21.700000       860.46237
       21.750000       856.71989
       21.800000       853.47060
       21.850000       850.48217
       21.900000       847.54716
       21.950000       844.57410
       22.000000       841.53116
       22.050000       838.33236
       22.100000       834.75269
       22.150000       830.43982
       22.200000       825.09812
       22.250000       818.62990
       22.300000       811.07176
       22.350000       802.54699
       22.400000       793.35780
       22.450000       783.99519
       22.500000       775.06358
       22.550000       767.18018
       22.600000       760.79575
       22.650000       756.06139
       22.700000       752.86918
       22.750000       750.90299
       22.800000       749.68245
       22.850000       748.72570
       22.900000       747.67712
       22.950000       746.31718
       23.000000       744.54673
       23.050000       742.33029
       23.100000       739.61151
       23.150000       736.32747
       23.200000       732.46278
       23.250000       728.04271
       23.300000       723.19493
       23.350000       718.18617
       23.400000       713.32083
       23.450000       708.83417
       23.500000       704.87070
       23.550000       701.44140
       23.600000       698.45371
       23.650000       695.81140
       23.700000       693.43763
       23.750000       691.26656
       23.800000       689.29965
       23.850000       687.59616
       23.900000       686.20731
       23.950000       685.19641
       24.000000       684.62493
       24.050000       684.50272
       24.100000       684.82689
       24.150000       685.61680
       24.200000       686.88381
       24.250000       688.62096
       24.300000       690.77813
       24.350000       693.18848
       24.400000       695.59773
       24.450000       697.75417
       24.500000       699.42510
       24.550000       700.45356
       24.600000       700.84869
       24.650000       700.74515
       24.700000       700.31196
       24.750000       699.70133
       24.800000       698.94983
       24.850000       697.91369
       24.900000       696.35581
       24.950000       694.04534
       25.000000       690.82642
       25.050000       686.70453
       25.100000       681.81943
       25.150000       676.33175
       25.200000       670.39698
       25.250000       664.16255
       25.300000       657.73861
       25.350000       651.22466
       25.400000       644.74584
       25.450000       638.39543
       25.500000       632.22357
       25.550000       626.25514
       25.600000       620.45610
       25.650000       614.74853
       25.700000       609.06767
       25.750000       603.34729
       25.800000       597.51789
       25.850000       591.56847
       25.900000       585.52357
       25.950000       579.39928
       26.000000       573.23766
       26.050000       567.09361
       26.100000       560.99456
       26.150000       554.97051
       26.200000       549.05220
       26.250000       543.22791
       26.300000       537.47863
       26.350000       531.81021
       26.400000       526.22228
       26.450000       520.73386
       26.500000       515.40131
       26.550000       510.27328
       26.600000       505.39001
       26.650000       500.80822
       26.700000       496.55242
       26.750000       492.60505
       26.800000       488.94782
       26.850000       485.53828
       26.900000       482.30765
       26.950000       479.21604
       27.000000       476.24042
       27.050000       473.35298
       27.100000       470.55773
       27.150000       467.87957
       27.200000       465.32140
       27.250000       462.90081
       27.300000       460.64924
       27.350000       458.57915
       27.400000       456.71834
       27.450000       455.11912
       27.500000       453.80418
       27.550000       452.77133
       27.600000       452.01142
       27.650000       451.47249
       27.700000       451.08943
       27.750000       450.83588
       27.800000       450.69246
       27.850000       450.64380
       27.900000       450.71295
       27.950000       450.92296
       28.000000       451.27419
       28.050000       451.78275
       28.100000       452.45047
       28.150000       453.24404
       28.200000       454.13822
       28.250000       455.11071
       28.300000       456.11063
       28.350000       457.10360
       28.400000       458.08011
       28.450000       459.02368
       28.500000       459.94897
       28.550000       460.91048
       28.600000       461.93711
       28.650000       463.04459
       28.700000       464.24611
       28.750000       465.52007
       28.800000       466.82988
       28.850000       468.16275
       28.900000       469.49744
       28.950000       470.79774
       29.000000       472.04829
       29.050000       473.22566
       29.100000       474.29180
       29.150000       475.24123
       29.200000       476.07908
       29.250000       476.78960
       29.300000       477.36694
       29.350000       477.79757
       29.400000       478.02916
       29.450000       478.01453
       29.500000       477.73391
       29.550000       477.16681
       29.600000       476.33153
       29.650000       475.28550
       29.700000       474.07155
       29.750000       472.72478
       29.800000       471.28911
       29.850000       469.77806
       29.900000       468.19312
       29.950000       466.55877
       30.000000       464.88382
