       0.0000000       0.0000000
     0.050000000     0.011613165
      0.10000000     0.028528908
      0.15000000     0.022424756
      0.20000000   -0.0010906253
      0.25000000    0.0023286266
      0.30000000     0.066818771
      0.35000000      0.16619055
      0.40000000      0.22674887
      0.45000000      0.20266968
      0.50000000      0.13824867
      0.55000000      0.14117017
      0.60000000      0.27790374
      0.65000000      0.49220724
      0.70000000      0.64104645
      0.75000000      0.63114594
      0.80000000      0.52824525
      0.85000000      0.51875839
      0.90000000      0.73933967
      0.95000000       1.1298761
       1.0000000       1.4649101
       1.0500000       1.5592964
       1.1000000       1.4669194
       1.1500000       1.4731191
       1.2000000       1.8587393
       1.2500000       2.6355969
       1.3000000       3.5077514
       1.3500000       4.1320593
       1.4000000       4.4836799
       1.4500000       5.0172100
       1.5000000       6.4625328
       1.5500000       9.3793289
       1.6000000       13.773105
       1.6500000       19.003526
       1.7000000       23.990930
       1.7500000       27.559463
       1.8000000       28.772162
       1.8500000       27.226204
       1.9000000       23.299048
       1.9500000       18.220246
       2.0000000       13.755813
       2.0500000       11.451255
       2.1000000       11.767851
       2.1500000       13.736351
       2.2000000       15.561680
       2.2500000       15.928469
       2.3000000       15.079475
       2.3500000       14.717249
       2.4000000       16.627891
       2.4500000       21.065029
       2.5000000       26.381021
       2.5500000       30.568780
       2.6000000       33.748934
       2.6500000       39.496577
       2.7000000       53.371014
       2.7500000       79.010834
       2.8000000       114.28272
       2.8500000       150.47340
       2.9000000       175.74885
       2.9500000       181.16683
       3.0000000       165.54813
       3.0500000       136.06842
       3.1000000       104.21723
       3.1500000       79.814250
       3.2000000       66.866564
       3.2500000       63.493207
       3.3000000       65.199697
       3.3500000       68.676539
       3.4000000       73.462930
       3.4500000       80.867606
       3.5000000       91.676926
       3.5500000       104.79864
       3.6000000       117.80601
       3.6500000       128.60477
       3.7000000       136.63541
       3.7500000       142.67001
       3.8000000       147.62929
       3.8500000       151.64609
       3.9000000       154.18885
       3.9500000       154.96653
       4.0000000       154.58425
       4.0500000       154.21213
       4.1000000       154.48776
       4.1500000       154.64096
       4.2000000       152.70741
       4.2500000       146.83242
       4.3000000       136.83533
       4.3500000       125.00323
       4.4000000       115.58990
       4.4500000       113.22101
       4.5000000       120.90003
       4.5500000       138.47393
       4.6000000       162.34766
       4.6500000       186.96149
       4.7000000       207.84303
       4.7500000       224.95022
       4.8000000       244.15742
       4.8500000       275.04495
       4.9000000       325.11305
       4.9500000       393.26267
       5.0000000       466.90946
       5.0500000       525.70958
       5.1000000       550.93605
       5.1500000       535.32115
       5.2000000       487.15576
       5.2500000       425.69877
       5.3000000       370.53938
       5.3500000       331.80175
       5.4000000       307.35030
       5.4500000       288.07046
       5.5000000       266.50416
       5.5500000       242.13325
       5.6000000       219.86424
       5.6500000       204.13239
       5.7000000       194.62866
       5.7500000       187.93137
       5.8000000       183.72010
       5.8500000       189.50600
       5.9000000       218.22379
       5.9500000       278.67631
       6.0000000       365.28565
       6.0500000       455.51532
       6.1000000       518.58844
       6.1500000       531.05191
       6.2000000       489.39498
       6.2500000       411.51017
       6.3000000       326.20438
       6.3500000       257.92976
       6.4000000       216.41128
       6.4500000       196.63225
       6.5000000       187.09438
       6.5500000       179.17176
       6.6000000       171.10086
       6.6500000       165.35813
       6.7000000       163.38338
       6.7500000       162.79495
       6.8000000       159.16560
       6.8500000       150.11456
       6.9000000       137.67476
       6.9500000       126.78764
       7.0000000       121.33209
       7.0500000       121.16865
       7.1000000       122.59071
       7.1500000       121.56555
       7.2000000       116.89408
       7.2500000       110.75032
       7.3000000       106.45402
       7.3500000       105.60919
       7.4000000       106.97703
       7.4500000       107.76065
       7.5000000       105.90694
       7.5500000       101.44277
       7.6000000       95.984764
       7.6500000       91.199186
       7.7000000       87.719360
       7.7500000       85.282118
       7.8000000       83.596555
       7.8500000       82.878170
       7.9000000       83.528137
       7.9500000       85.422575
       8.0000000       87.689542
       8.0500000       89.306284
       8.1000000       89.955594
       8.1500000       90.275547
       8.2000000       91.223370
       8.2500000       93.171993
       8.3000000       95.626577
       8.3500000       97.847042
       8.4000000       99.728016
       8.4500000       101.99948
       8.5000000       105.46555
       8.5500000       109.98825
       8.6000000       114.27603
       8.6500000       116.84352
       8.7000000       117.35504
       8.7500000       117.10212
       8.8000000       118.03878
       8.8500000       121.09646
       8.9000000       125.24938
       8.9500000       128.22965
       9.0000000       128.37117
       9.0500000       126.02949
       9.1000000       123.32999
       9.1500000       122.42117
       9.2000000       123.71529
       9.2500000       125.62725
       9.3000000       126.04028
       9.3500000       124.22154
       9.4000000       121.52695
       9.4500000       120.29817
       9.5000000       121.90935
       9.5500000       125.66018
       9.6000000       129.44053
       9.6500000       131.57253
       9.7000000       132.24920
       9.7500000       133.38702
       9.8000000       137.07367
       9.8500000       143.94907
       9.9000000       152.78676
       9.9500000       161.45400
       10.000000       168.29613
       10.050000       172.82195
       10.100000       175.36767
       10.150000       176.37857
       10.200000       176.14514
       10.250000       175.17303
       10.300000       174.56568
       10.350000       175.73354
       10.400000       179.47127
       10.450000       185.26152
       10.500000       191.65986
       10.550000       197.68866
       10.600000       204.10419
       10.650000       213.25825
       10.700000       227.32156
       10.750000       246.09069
       10.800000       266.16780
       10.850000       282.41791
       10.900000       290.88890
       10.950000       291.18781
       11.000000       286.62907
       11.050000       282.08424
       11.100000       281.08066
       11.150000       284.10384
       11.200000       289.01894
       11.250000       292.98570
       11.300000       294.34381
       11.350000       293.31096
       11.400000       291.41282
       11.450000       290.41327
       11.500000       291.51929
       11.550000       295.10628
       11.600000       300.71397
       11.650000       307.08998
       11.700000       312.43168
       11.750000       315.05131
       11.800000       314.34848
       11.850000       311.45225
       11.900000       308.85421
       11.950000       309.00056
       12.000000       312.71194
       12.050000       318.60318
       12.100000       324.06781
       12.150000       327.19636
       12.200000       328.22629
       12.250000       329.42598
       12.300000       333.48860
       12.350000       341.62371
       12.400000       352.71908
       12.450000       364.06581
       12.500000       372.99084
       12.550000       378.19131
       12.600000       379.99798
       12.650000       379.71919
       12.700000       378.79719
       12.750000       378.36181
       12.800000       379.20221
       12.850000       381.76586
       12.900000       385.97776
       12.950000       391.11420
       13.000000       396.13248
       13.050000       400.47901
       13.100000       404.81311
       13.150000       410.92496
       13.200000       420.65161
       13.250000       434.46247
       13.300000       450.80881
       13.350000       466.83830
       13.400000       480.03706
       13.450000       489.60968
       13.500000       496.60548
       13.550000       502.79929
       13.600000       509.30921
       13.650000       516.04049
       13.700000       522.25625
       13.750000       527.57819
       13.800000       532.40877
       13.850000       537.40290
       13.900000       542.55837
       13.950000       546.89759
       14.000000       549.15903
       14.050000       548.92378
       14.100000       547.12626
       14.150000       545.35947
       14.200000       544.50297
       14.250000       543.91465
       14.300000       542.06518
       14.350000       538.29708
       14.400000       534.33801
       14.450000       534.17922
       14.500000       542.12299
       14.550000       560.19440
       14.600000       586.68375
       14.650000       616.84423
       14.700000       645.28184
       14.750000       668.49555
       14.800000       686.08292
       14.850000       700.15683
       14.900000       713.72549
       14.950000       729.19776
       15.000000       747.71334
       15.050000       769.19576
       15.100000       792.58545
       15.150000       815.85039
       15.200000       836.04751
       15.250000       849.87812
       15.300000       854.91103
       15.350000       851.01049
       15.400000       841.08663
       15.450000       830.42811
       15.500000       824.67846
       15.550000       827.42907
       15.600000       838.54237
       15.650000       854.21075
       15.700000       868.64981
       15.750000       876.68870
       15.800000       875.97050
       15.850000       867.80026
       15.900000       856.39353
       15.950000       847.00494
       16.000000       843.91334
       16.050000       849.16870
       16.100000       862.42417
       16.150000       881.65502
       16.200000       904.09528
       16.250000       926.88825
       16.300000       947.41099
       16.350000       963.48109
       16.400000       973.76204
       16.450000       978.24907
       16.500000       978.49383
       16.550000       977.09072
       16.600000       976.59314
       16.650000       978.34090
       16.700000       982.01094
       16.750000       986.14198
       16.800000       989.19260
       16.850000       990.37034
       16.900000       989.67665
       16.950000       987.27727
       17.000000       982.93220
       17.050000       976.12373
       17.100000       966.74721
       17.150000       955.73929
       17.200000       944.88722
       17.250000       935.74523
       17.300000       928.45564
       17.350000       921.44740
       17.400000       912.37858
       17.450000       899.73485
       17.500000       883.91975
       17.550000       867.09852
       17.600000       851.96724
       17.650000       840.46795
       17.700000       833.32982
       17.750000       830.56385
       17.800000       832.17587
       17.850000       838.26907
       17.900000       848.37000
       17.950000       860.65884
       18.000000       871.98252
       18.050000       878.95380
       18.100000       879.53297
       18.150000       873.97980
       18.200000       864.56707
       18.250000       854.28795
       18.300000       845.49756
       18.350000       839.29241
       18.400000       835.70725
       18.450000       834.22986
       18.500000       834.06449
       18.550000       834.08425
       18.600000       832.86334
       18.650000       829.13695
       18.700000       822.50447
       18.750000       813.80810
       18.800000       804.71038
       18.850000       796.65356
       18.900000       789.95521
       18.950000       783.76543
       19.000000       776.91744
       19.050000       768.96782
       19.100000       760.57257
       19.150000       752.92003
       19.200000       746.75512
       19.250000       741.83674
       19.300000       737.24397
       19.350000       732.17228
       19.400000       726.44386
       19.450000       720.30053
       19.500000       713.76463
       19.550000       706.29028
       19.600000       697.15085
       19.650000       686.27866
       19.700000       674.75741
       19.750000       664.44354
       19.800000       656.93918
       19.850000       652.75546
       19.900000       651.33918
       19.950000       651.87591
       20.000000       654.05540
       20.050000       658.04228
       20.100000       663.67156
       20.150000       669.67951
       20.200000       673.87457
       20.250000       674.34581
       20.300000       670.84517
       20.350000       665.18223
       20.400000       660.19250
       20.450000       657.96435
       20.500000       658.61523
       20.550000       660.46068
       20.600000       661.31901
       20.650000       659.85151
       20.700000       655.98243
       20.750000       650.30816
       20.800000       643.27065
       20.850000       634.92442
       20.900000       625.41547
       20.950000       615.54613
       21.000000       606.70122
       21.050000       600.06397
       21.100000       595.80415
       21.150000       593.00342
       21.200000       590.47050
       21.250000       587.74477
       21.300000       585.40576
       21.350000       584.42743
       21.400000       585.19831
       21.450000       587.14511
       21.500000       589.32862
       21.550000       591.46127
       21.600000       594.31506
       21.650000       599.03551
       21.700000       605.87070
       21.750000       613.44018
       21.800000       619.28678
       21.850000       621.36712
       21.900000       619.30690
       21.950000       614.40827
       22.000000       608.45447
       22.050000       602.35359
       22.100000       595.76171
       22.150000       587.93612
       22.200000       578.96609
       22.250000       570.23131
       22.300000       563.63979
       22.350000       560.30745
       22.400000       559.80548
       22.450000       560.59832
       22.500000       561.21591
       22.550000       561.11273
       22.600000       560.52002
       22.650000       559.57608
       22.700000       557.68234
       22.750000       553.79899
       22.800000       547.44347
       22.850000       539.44335
       22.900000       531.65069
       22.950000       525.74153
       23.000000       522.08392
       23.050000       519.61650
       23.100000       516.83808
       23.150000       513.02681
       23.200000       508.64955
       23.250000       504.68498
       23.300000       501.54289
       23.350000       498.62032
       23.400000       494.88808
       23.450000       489.93274
       23.500000       484.43737
       23.550000       479.61118
       23.600000       476.07103
       23.650000       473.21285
       23.700000       469.69428
       23.750000       464.64308
       23.800000       458.51293
       23.850000       452.80609
       23.900000       448.87555
       23.950000       446.84900
       24.000000       445.61236
       24.050000       443.85289
       24.100000       441.22631
       24.150000       438.62388
       24.200000       437.32979
       24.250000       437.84055
       24.300000       439.40647
       24.350000       440.65592
       24.400000       440.70750
       24.450000       439.74929
       24.500000       438.60814
       24.550000       437.77469
       24.600000       436.83331
       24.650000       434.84188
       24.700000       431.28599
       24.750000       426.68152
       24.800000       422.21388
       24.850000       418.72897
       24.900000       416.00214
       24.950000       412.99579
       25.000000       408.90463
       25.050000       404.04368
       25.100000       399.74508
       25.150000       397.30509
       25.200000       396.88727
       25.250000       397.33911
       25.300000       397.08447
       25.350000       395.31366
       25.400000       392.45621
       25.450000       389.58267
       25.500000       387.34757
       25.550000       385.45310
       25.600000       383.08482
       25.650000       379.85968
       25.700000       376.33343
       25.750000       373.57038
       25.800000       372.15629
       25.850000       371.58919
       25.900000       370.64634
       25.950000       368.43356
       26.000000       365.16598
       26.050000       361.97340
       26.100000       359.88465
       26.150000       358.90924
       26.200000       358.04030
       26.250000       356.17107
       26.300000       353.08569
       26.350000       349.63553
       26.400000       346.95151
       26.450000       345.43059
       26.500000       344.42554
       26.550000       342.90901
       26.600000       340.47488
       26.650000       337.74183
       26.700000       335.76174
       26.750000       334.98647
       26.800000       334.75377
       26.850000       333.79739
       26.900000       331.33179
       26.950000       327.75212
       27.000000       324.30050
       27.050000       321.99882
       27.100000       320.80937
       27.150000       319.75750
       27.200000       317.88937
       27.250000       315.17571
       27.300000       312.53742
       27.350000       310.98577
       27.400000       310.68466
       27.450000       310.80283
       27.500000       310.27964
       27.550000       308.80043
       27.600000       307.06584
       27.650000       306.10909
       27.700000       306.29861
       27.750000       306.95534
       27.800000       306.94473
       27.850000       305.70626
       27.900000       303.76788
       27.950000       302.26196
       28.000000       301.87561
       28.050000       302.20672
       28.100000       302.11049
       28.150000       300.74068
       28.200000       298.32996
       28.250000       296.00266
       28.300000       294.78431
       28.350000       294.71004
       28.400000       294.83334
       28.450000       294.11148
       28.500000       292.34872
       28.550000       290.33643
       28.600000       289.06760
       28.650000       288.78368
       28.700000       288.74088
       28.750000       287.92572
       28.800000       286.06454
       28.850000       283.97542
       28.900000       282.91549
       28.950000       283.49467
       29.000000       285.13267
       29.050000       286.55627
       29.100000       286.88482
       29.150000       286.33418
       29.200000       285.91160
       29.250000       286.40480
       29.300000       287.60375
       29.350000       288.47196
       29.400000       288.10207
       29.450000       286.57163
       29.500000       284.89888
       29.550000       284.14335
       29.600000       284.47373
       29.650000       285.05913
       29.700000       284.87766
       29.750000       283.70212
       29.800000       282.33266
       29.850000       281.87240
       29.900000       282.69085
       29.950000       284.04530
       30.000000       284.70826
