       0.0000000       0.0000000
     0.050000000     0.020064724
      0.10000000     0.046028641
      0.15000000     0.022274157
      0.20000000    -0.044485027
      0.25000000    -0.071553394
      0.30000000     0.012574389
      0.35000000      0.17037129
      0.40000000      0.26599543
      0.45000000      0.19669185
      0.50000000     0.018548163
      0.55000000    -0.077328299
      0.60000000     0.058147738
      0.65000000      0.36525808
      0.70000000      0.59910550
      0.75000000      0.55080438
      0.80000000      0.26732208
      0.85000000     0.043269536
      0.90000000      0.16026275
      0.95000000      0.60360720
       1.0000000       1.0386081
       1.0500000       1.1029092
       1.1000000      0.76185973
       1.1500000      0.38183318
       1.2000000      0.41694722
       1.2500000      0.97488197
       1.3000000       1.6748311
       1.3500000       1.9673822
       1.4000000       1.6518778
       1.4500000       1.1077862
       1.5000000      0.98696277
       1.5500000       1.6123722
       1.6000000       2.6365599
       1.6500000       3.3145806
       1.7000000       3.1865487
       1.7500000       2.5513194
       1.8000000       2.2564876
       1.8500000       2.9427452
       1.9000000       4.4169158
       1.9500000       5.7671340
       2.0000000       6.1804085
       2.0500000       5.7482255
       2.1000000       5.4914945
       2.1500000       6.5101882
       2.2000000       8.9911338
       2.2500000       12.011218
       2.3000000       14.401051
       2.3500000       15.934666
       2.4000000       17.707496
       2.4500000       21.218844
       2.5000000       26.891272
       2.5500000       33.465694
       2.6000000       39.144832
       2.6500000       43.848975
       2.7000000       50.708974
       2.7500000       65.112516
       2.8000000       91.305542
       2.8500000       128.54888
       2.9000000       169.57485
       2.9500000       202.85135
       3.0000000       217.72751
       3.0500000       209.57314
       3.1000000       181.94129
       3.1500000       144.59312
       3.2000000       108.70052
       3.2500000       82.020841
       3.3000000       66.517043
       3.3500000       59.209685
       3.4000000       55.179925
       3.4500000       50.730723
       3.5000000       45.041221
       3.5500000       39.784670
       3.6000000       37.340790
       3.6500000       38.864903
       3.7000000       43.372623
       3.7500000       48.315768
       3.8000000       51.213843
       3.8500000       51.236436
       3.9000000       49.624907
       3.9500000       48.610086
       4.0000000       49.603888
       4.0500000       52.109564
       4.1000000       54.373568
       4.1500000       55.422367
       4.2000000       56.803106
       4.2500000       62.265155
       4.3000000       75.106019
       4.3500000       94.963772
       4.4000000       116.75125
       4.4500000       133.17526
       4.5000000       139.56228
       4.5500000       137.60874
       4.6000000       135.05938
       4.6500000       141.15570
       4.7000000       160.95434
       4.7500000       192.58009
       4.8000000       229.27925
       4.8500000       264.35778
       4.9000000       294.85786
       4.9500000       321.04581
       5.0000000       342.57693
       5.0500000       355.35702
       5.1000000       352.81000
       5.1500000       331.48883
       5.2000000       296.76450
       5.2500000       263.36058
       5.3000000       248.97274
       5.3500000       264.58948
       5.4000000       308.10322
       5.4500000       365.79472
       5.5000000       420.59265
       5.5500000       461.13304
       5.6000000       485.34330
       5.6500000       496.86062
       5.7000000       498.28361
       5.7500000       487.46755
       5.8000000       460.05973
       5.8500000       415.81670
       5.9000000       362.73062
       5.9500000       314.57548
       6.0000000       282.95809
       6.0500000       269.74784
       6.1000000       265.91810
       6.1500000       258.07620
       6.2000000       238.07281
       6.2500000       208.69410
       6.3000000       181.44581
       6.3500000       168.32287
       6.4000000       173.70353
       6.4500000       191.94612
       6.5000000       211.69739
       6.5500000       223.09789
       6.6000000       222.62383
       6.6500000       212.88499
       6.7000000       198.81942
       6.7500000       183.97348
       6.8000000       169.54320
       6.8500000       155.91543
       6.9000000       144.34812
       6.9500000       136.82704
       7.0000000       134.27901
       7.0500000       135.07602
       7.1000000       135.54007
       7.1500000       132.27766
       7.2000000       124.45818
       7.2500000       114.17318
       7.3000000       104.65098
       7.3500000       97.896983
       7.4000000       93.646965
       7.4500000       90.255095
       7.5000000       86.446243
       7.5500000       82.309095
       7.6000000       78.799488
       7.6500000       76.489678
       7.7000000       74.905462
       7.7500000       73.110358
       7.8000000       70.907089
       7.8500000       69.401681
       7.9000000       70.273036
       7.9500000       74.314874
       8.0000000       80.525406
       8.0500000       86.566468
       8.1000000       90.248655
       8.1500000       90.853951
       8.2000000       89.331200
       8.2500000       87.383236
       8.3000000       86.320493
       8.3500000       86.544149
       8.4000000       87.816243
       8.4500000       89.768195
       8.5000000       92.089237
       8.5500000       94.370765
       8.6000000       96.056804
       8.6500000       96.795715
       8.7000000       96.953917
       8.7500000       97.666083
       8.8000000       100.14116
       8.8500000       104.68398
       8.9000000       110.32588
       8.9500000       115.52591
       9.0000000       119.42883
       9.0500000       122.54286
       9.1000000       126.08978
       9.1500000       130.48597
       9.2000000       134.30986
       9.2500000       134.88570
       9.3000000       130.25971
       9.3500000       121.04656
       9.4000000       110.53172
       9.4500000       102.72467
       9.5000000       99.753517
       9.5500000       100.59279
       9.6000000       102.11232
       9.6500000       101.59198
       9.7000000       98.712800
       9.7500000       95.547293
       9.8000000       94.732428
       9.8500000       97.431743
       9.9000000       102.70440
       9.9500000       108.55818
       10.000000       113.56646
       10.050000       117.61379
       10.100000       121.31138
       10.150000       124.90711
       10.200000       127.88394
       10.250000       129.65336
       10.300000       130.57198
       10.350000       132.15342
       10.400000       136.10017
       10.450000       142.95247
       10.500000       151.60749
       10.550000       160.19376
       10.600000       167.53615
       10.650000       173.88674
       10.700000       180.25664
       10.750000       187.00438
       10.800000       193.04969
       10.850000       196.51586
       10.900000       196.24556
       10.950000       192.79914
       11.000000       188.00990
       11.050000       183.57157
       11.100000       180.07239
       11.150000       177.46264
       11.200000       176.44918
       11.250000       179.19686
       11.300000       188.20056
       11.350000       203.97650
       11.400000       223.72652
       11.450000       242.76566
       11.500000       258.24489
       11.550000       272.37112
       11.600000       292.04980
       11.650000       324.31733
       11.700000       370.33133
       11.750000       422.34742
       11.800000       466.42340
       11.850000       489.59577
       11.900000       486.94688
       11.950000       463.93988
       12.000000       432.68434
       12.050000       404.98872
       12.100000       386.95499
       12.150000       378.22900
       12.200000       375.32179
       12.250000       375.60681
       12.300000       378.80817
       12.350000       385.41029
       12.400000       394.19007
       12.450000       401.61760
       12.500000       403.97490
       12.550000       400.48047
       12.600000       394.70814
       12.650000       392.90623
       12.700000       400.30559
       12.750000       417.99357
       12.800000       442.39746
       12.850000       467.38198
       12.900000       487.22457
       12.950000       498.54678
       13.000000       500.51589
       13.050000       494.03487
       13.100000       481.02673
       13.150000       464.24538
       13.200000       447.15157
       13.250000       433.27010
       13.300000       425.09657
       13.350000       423.31881
       13.400000       427.03092
       13.450000       434.81297
       13.500000       445.74517
       13.550000       459.48102
       13.600000       475.39417
       13.650000       491.73026
       13.700000       505.73503
       13.750000       514.85360
       13.800000       518.03557
       13.850000       516.01817
       13.900000       510.30621
       13.950000       501.76022
       14.000000       490.06921
       14.050000       474.64340
       14.100000       456.15856
       14.150000       437.39053
       14.200000       422.53731
       14.250000       415.49212
       14.300000       418.37188
       14.350000       431.22745
       14.400000       452.78670
       14.450000       481.21296
       14.500000       514.13650
       14.550000       548.24948
       14.600000       579.50245
       14.650000       604.53088
       14.700000       622.63705
       14.750000       636.66450
       14.800000       651.57992
       14.850000       671.29006
       14.900000       695.90909
       14.950000       721.68316
       15.000000       743.88744
       15.050000       760.62269
       15.100000       774.47745
       15.150000       790.50658
       15.200000       811.83643
       15.250000       836.26337
       15.300000       856.70159
       15.350000       865.54065
       15.400000       860.03979
       15.450000       844.89607
       15.500000       830.16285
       15.550000       825.73473
       15.600000       836.10861
       15.650000       858.48192
       15.700000       884.99578
       15.750000       907.13493
       15.800000       919.38023
       15.850000       920.36515
       15.900000       911.76319
       15.950000       896.46177
       16.000000       877.45739
       16.050000       857.66127
       16.100000       840.03732
       16.150000       827.40968
       16.200000       822.07713
       16.250000       825.67326
       16.300000       839.46436
       16.350000       864.65780
       16.400000       901.81738
       16.450000       949.29229
       16.500000       1001.5235
       16.550000       1048.8283
       16.600000       1079.5402
       16.650000       1084.0897
       16.700000       1059.0668
       16.750000       1009.0147
       16.800000       945.09869
       16.850000       881.27854
       16.900000       829.79369
       16.950000       797.93886
       17.000000       786.83361
       17.050000       792.15702
       17.100000       806.00702
       17.150000       819.37884
       17.200000       824.69420
       17.250000       817.96768
       17.300000       799.82565
       17.350000       774.83747
       17.400000       749.18523
       17.450000       727.74745
       17.500000       712.07358
       17.550000       700.40782
       17.600000       689.64393
       17.650000       677.90390
       17.700000       666.06361
       17.750000       657.29005
       17.800000       654.99751
       17.850000       660.61691
       17.900000       672.54793
       17.950000       686.80771
       18.000000       698.77458
       18.050000       704.95119
       18.100000       703.90993
       18.150000       696.31410
       18.200000       684.46943
       18.250000       671.86229
       18.300000       662.79274
       18.350000       661.80416
       18.400000       672.61854
       18.450000       696.66387
       18.500000       731.77897
       18.550000       771.90758
       18.600000       808.33176
       18.650000       832.28453
       18.700000       838.09528
       18.750000       825.48887
       18.800000       799.86261
       18.850000       770.19129
       18.900000       745.31543
       18.950000       730.34988
       19.000000       725.00489
       19.050000       724.74842
       19.100000       724.17802
       19.150000       720.64262
       19.200000       715.93058
       19.250000       714.97932
       19.300000       722.42770
       19.350000       739.24308
       19.400000       761.65408
       19.450000       783.11345
       19.500000       797.99118
       19.550000       804.56038
       19.600000       805.36822
       19.650000       804.86771
       19.700000       806.07288
       19.750000       808.54433
       19.800000       808.96033
       19.850000       803.67570
       19.900000       791.34625
       19.950000       773.81816
       20.000000       754.84304
       20.050000       737.72363
       20.100000       723.56373
       20.150000       711.15342
       20.200000       698.22870
       20.250000       683.01620
       20.300000       665.05125
       20.350000       645.09414
       20.400000       624.67312
       20.450000       605.84069
       20.500000       591.17407
       20.550000       583.52592
       20.600000       585.12221
       20.650000       596.23917
       20.700000       614.31790
       20.750000       634.34818
       20.800000       650.57268
       20.850000       658.65255
       20.900000       657.07236
       20.950000       647.10240
       21.000000       631.64440
       21.050000       613.90264
       21.100000       596.68699
       21.150000       582.38477
       21.200000       573.01338
       21.250000       569.83105
       21.300000       572.63544
       21.350000       579.47757
       21.400000       587.40378
       21.450000       594.02749
       21.500000       598.91441
       21.550000       603.68938
       21.600000       610.64493
       21.650000       620.78502
       21.700000       632.74713
       21.750000       643.42614
       21.800000       649.84387
       21.850000       650.88404
       21.900000       647.66145
       21.950000       642.43354
       22.000000       637.06476
       22.050000       632.27077
       22.100000       628.06180
       22.150000       624.64421
       22.200000       622.70876
       22.250000       622.66339
       22.300000       623.53233
       22.350000       622.74462
       22.400000       617.41645
       22.450000       606.41657
       22.500000       591.60250
       22.550000       577.05954
       22.600000       566.60371
       22.650000       561.26310
       22.700000       558.56042
       22.750000       554.18096
       22.800000       544.85603
       22.850000       530.38149
       22.900000       513.42781
       22.950000       497.44185
       23.000000       484.33127
       23.050000       473.62336
       23.100000       463.55462
       23.150000       453.01939
       23.200000       442.79662
       23.250000       435.15031
       23.300000       432.23725
       23.350000       434.57223
       23.400000       440.61640
       23.450000       447.58293
       23.500000       452.75267
       23.550000       454.44702
       23.600000       452.32241
       23.650000       447.21121
       23.700000       440.81946
       23.750000       435.32702
       23.800000       432.69934
       23.850000       433.72634
       23.900000       437.28845
       23.950000       440.53884
       24.000000       440.26809
       24.050000       434.82761
       24.100000       425.37975
       24.150000       415.50309
       24.200000       409.23391
       24.250000       408.74365
       24.300000       413.14652
       24.350000       419.15374
       24.400000       423.03379
       24.450000       422.51170
       24.500000       417.47111
       24.550000       409.30013
       24.600000       399.67702
       24.650000       389.77549
       24.700000       380.29214
       24.750000       371.93384
       24.800000       365.67124
       24.850000       362.45122
       24.900000       362.61184
       24.950000       365.57026
       25.000000       370.05656
       25.050000       374.71884
       25.100000       378.62231
       25.150000       381.35901
       25.200000       382.85689
       25.250000       383.20044
       25.300000       382.60992
       25.350000       381.46182
       25.400000       380.11506
       25.450000       378.57840
       25.500000       376.35026
       25.550000       372.75119
       25.600000       367.66560
       25.650000       362.10731
       25.700000       357.98212
       25.750000       356.97342
       25.800000       359.26669
       25.850000       363.11820
       25.900000       365.79418
       25.950000       365.33501
       26.000000       361.91120
       26.050000       357.69309
       26.100000       355.26261
       26.150000       355.67202
       26.200000       357.59686
       26.250000       358.20640
       26.300000       355.13346
       26.350000       348.11827
       26.400000       339.20312
       26.450000       331.41338
       26.500000       326.93294
       26.550000       326.01168
       26.600000       327.19417
       26.650000       328.48825
       26.700000       328.56728
       26.750000       327.27027
       26.800000       325.29677
       26.850000       323.52962
       26.900000       322.49128
       26.950000       322.18431
       27.000000       322.24651
       27.050000       322.24980
       27.100000       321.99991
       27.150000       321.73576
       27.200000       322.08845
       27.250000       323.69645
       27.300000       326.58683
       27.350000       329.72562
       27.400000       331.21984
       27.450000       329.29280
       27.500000       323.52779
       27.550000       315.47938
       27.600000       308.00978
       27.650000       303.59373
       27.700000       302.68601
       27.750000       303.36799
       27.800000       302.64540
       27.850000       298.55314
       27.900000       291.55442
       27.950000       284.19238
       28.000000       279.24106
       28.050000       277.75966
       28.100000       278.48664
       28.150000       278.97471
       28.200000       277.52623
       28.250000       274.38707
       28.300000       271.33900
       28.350000       270.09651
       28.400000       270.86776
       28.450000       272.21343
       28.500000       272.26063
       28.550000       270.22639
       28.600000       267.02137
       28.650000       264.51187
       28.700000       264.09039
       28.750000       265.71924
       28.800000       268.13179
       28.850000       269.90809
       28.900000       270.48360
       28.950000       270.30103
       29.000000       270.09834
       29.050000       270.02736
       29.100000       269.37502
       29.150000       267.10113
       29.200000       262.72423
       29.250000       256.83958
       29.300000       250.90005
       29.350000       246.46131
       29.400000       244.44574
       29.450000       244.86502
       29.500000       247.04415
       29.550000       250.07428
       29.600000       253.16734
       29.650000       255.80380
       29.700000       257.70633
       29.750000       258.76076
       29.800000       258.91040
       29.850000       258.04732
       29.900000       255.95747
       29.950000       252.41073
       30.000000       247.39831
