       0.0000000       0.0000000
     0.050000000    0.0019409241
      0.10000000    0.0067914383
      0.15000000     0.015782432
      0.20000000     0.029012536
      0.25000000     0.043553809
      0.30000000     0.062976065
      0.35000000     0.088067935
      0.40000000      0.11340902
      0.45000000      0.14413911
      0.50000000      0.18272465
      0.55000000      0.22054964
      0.60000000      0.26317959
      0.65000000      0.31623421
      0.70000000      0.36831045
      0.75000000      0.42421109
      0.80000000      0.49390550
      0.85000000      0.56389996
      0.90000000      0.63640528
      0.95000000      0.72590039
       1.0000000      0.81767143
       1.0500000      0.91010382
       1.1000000       1.0232032
       1.1500000       1.1431536
       1.2000000       1.2627684
       1.2500000       1.4065210
       1.3000000       1.5629852
       1.3500000       1.7185963
       1.4000000       1.9021649
       1.4500000       2.1075750
       1.5000000       2.3146068
       1.5500000       2.5554510
       1.6000000       2.8316919
       1.6500000       3.1163332
       1.7000000       3.4436722
       1.7500000       3.8262320
       1.8000000       4.2319778
       1.8500000       4.6971195
       1.9000000       5.2493932
       1.9500000       5.8551980
       2.0000000       6.5546151
       2.0500000       7.3987560
       2.1000000       8.3617062
       2.1500000       9.4966508
       2.2000000       10.895903
       2.2500000       12.564072
       2.3000000       14.597319
       2.3500000       17.174369
       2.4000000       20.386850
       2.4500000       24.450102
       2.5000000       29.759391
       2.5500000       36.713902
       2.6000000       46.001267
       2.6500000       58.619225
       2.7000000       75.324632
       2.7500000       96.187053
       2.8000000       118.79857
       2.8500000       136.09623
       2.9000000       139.94190
       2.9500000       129.12238
       3.0000000       110.52600
       3.0500000       91.834095
       3.1000000       76.552536
       3.1500000       65.267007
       3.2000000       57.562519
       3.2500000       52.614696
       3.3000000       49.749660
       3.3500000       48.564209
       3.4000000       48.741033
       3.4500000       50.024767
       3.5000000       51.986965
       3.5500000       54.244949
       3.6000000       57.080605
       3.6500000       61.019679
       3.7000000       66.193083
       3.7500000       72.448928
       3.8000000       78.758720
       3.8500000       82.800323
       3.9000000       82.990855
       3.9500000       80.460205
       4.0000000       77.922780
       4.0500000       77.532177
       4.1000000       80.172166
       4.1500000       85.595921
       4.2000000       92.469468
       4.2500000       98.524380
       4.3000000       101.90790
       4.3500000       103.21644
       4.4000000       105.08092
       4.4500000       109.55137
       4.5000000       117.53006
       4.5500000       129.84036
       4.6000000       147.10229
       4.6500000       170.10091
       4.7000000       200.77775
       4.7500000       241.34931
       4.8000000       293.57162
       4.8500000       357.69227
       4.9000000       426.70448
       4.9500000       484.21624
       5.0000000       516.12509
       5.0500000       522.26889
       5.1000000       511.86786
       5.1500000       494.38134
       5.2000000       479.35872
       5.2500000       476.04248
       5.3000000       485.89442
       5.3500000       498.97493
       5.4000000       501.19815
       5.4500000       484.82499
       5.5000000       452.04658
       5.5500000       410.16291
       5.6000000       366.05697
       5.6500000       325.65239
       5.7000000       294.37244
       5.7500000       275.29959
       5.8000000       268.16639
       5.8500000       269.58307
       5.9000000       273.33465
       5.9500000       273.71328
       6.0000000       270.10727
       6.0500000       265.82838
       6.1000000       263.00233
       6.1500000       261.18827
       6.2000000       259.23167
       6.2500000       255.76392
       6.3000000       248.74676
       6.3500000       236.36400
       6.4000000       218.92031
       6.4500000       199.22056
       6.5000000       180.07572
       6.5500000       162.23715
       6.6000000       145.84606
       6.6500000       132.07853
       6.7000000       122.06317
       6.7500000       116.00619
       6.8000000       113.97784
       6.8500000       116.11412
       6.9000000       122.32352
       6.9500000       132.26570
       7.0000000       144.65508
       7.0500000       157.00634
       7.1000000       167.10962
       7.1500000       173.74317
       7.2000000       175.59963
       7.2500000       171.31134
       7.3000000       161.19745
       7.3500000       147.91502
       7.4000000       134.90033
       7.4500000       124.38139
       7.5000000       116.78242
       7.5500000       111.32920
       7.6000000       106.71855
       7.6500000       101.88464
       7.7000000       96.982857
       7.7500000       93.194018
       7.8000000       91.262261
       7.8500000       90.838438
       7.9000000       91.054521
       7.9500000       91.172550
       8.0000000       91.101023
       8.0500000       91.476734
       8.1000000       92.914237
       8.1500000       95.538256
       8.2000000       99.335510
       8.2500000       104.16525
       8.3000000       109.48642
       8.3500000       114.74522
       8.4000000       119.90918
       8.4500000       125.44161
       8.5000000       131.76717
       8.5500000       138.41353
       8.6000000       143.82043
       8.6500000       146.50284
       8.7000000       146.11948
       8.7500000       143.27561
       8.8000000       139.01172
       8.8500000       134.46586
       8.9000000       130.37796
       8.9500000       126.83012
       9.0000000       123.52193
       9.0500000       120.21384
       9.1000000       117.14090
       9.1500000       114.89790
       9.2000000       113.62983
       9.2500000       112.75481
       9.3000000       111.69752
       9.3500000       110.44592
       9.4000000       109.40502
       9.4500000       109.03242
       9.5000000       109.52960
       9.5500000       110.90556
       9.6000000       113.38751
       9.6500000       117.37985
       9.7000000       122.94568
       9.7500000       129.62654
       9.8000000       136.68969
       9.8500000       143.48891
       9.9000000       149.69264
       9.9500000       155.03225
       10.000000       159.08463
       10.050000       161.72840
       10.100000       163.55227
       10.150000       165.58980
       10.200000       169.00300
       10.250000       174.61398
       10.300000       182.22078
       10.350000       190.90141
       10.400000       200.18719
       10.450000       210.23068
       10.500000       221.11238
       10.550000       232.79571
       10.600000       245.53347
       10.650000       259.88179
       10.700000       276.29179
       10.750000       294.43967
       10.800000       312.71999
       10.850000       328.51972
       10.900000       339.04213
       10.950000       342.30240
       11.000000       338.20832
       11.050000       329.00047
       11.100000       318.38805
       11.150000       309.99572
       11.200000       306.15299
       11.250000       307.43902
       11.300000       313.00171
       11.350000       321.34867
       11.400000       331.18361
       11.450000       341.72579
       11.500000       352.14064
       11.550000       361.06823
       11.600000       367.39376
       11.650000       371.10880
       11.700000       372.95425
       11.750000       373.91246
       11.800000       375.07300
       11.850000       376.97223
       11.900000       379.19050
       11.950000       381.26060
       12.000000       383.55350
       12.050000       387.17086
       12.100000       393.73383
       12.150000       405.10397
       12.200000       422.60792
       12.250000       446.12055
       12.300000       473.04162
       12.350000       497.77150
       12.400000       513.74392
       12.450000       517.45604
       12.500000       510.53524
       12.550000       497.93980
       12.600000       484.44579
       12.650000       472.27074
       12.700000       461.24451
       12.750000       450.86332
       12.800000       441.95805
       12.850000       436.49159
       12.900000       436.10303
       12.950000       440.85056
       13.000000       449.07129
       13.050000       458.31243
       13.100000       466.47938
       13.150000       472.55758
       13.200000       476.66337
       13.250000       479.53691
       13.300000       482.18398
       13.350000       485.93415
       13.400000       492.04930
       13.450000       500.83457
       13.500000       511.43418
       13.550000       522.41979
       13.600000       532.42999
       13.650000       540.71731
       13.700000       547.27773
       13.750000       552.22502
       13.800000       555.43041
       13.850000       557.01170
       13.900000       557.65343
       13.950000       558.27651
       14.000000       559.85341
       14.050000       563.49820
       14.100000       570.45156
       14.150000       581.95854
       14.200000       599.03112
       14.250000       621.93312
       14.300000       649.31043
       14.350000       677.59693
       14.400000       702.03228
       14.450000       719.31671
       14.500000       729.40850
       14.550000       734.69422
       14.600000       737.97169
       14.650000       741.26634
       14.700000       745.75557
       14.750000       752.10341
       14.800000       760.52171
       14.850000       770.56667
       14.900000       781.26397
       14.950000       791.68944
       15.000000       801.56719
       15.050000       811.72155
       15.100000       823.86331
       15.150000       839.35241
       15.200000       858.23935
       15.250000       879.81177
       15.300000       903.58160
       15.350000       929.19177
       15.400000       955.21865
       15.450000       978.56554
       15.500000       995.62679
       15.550000       1004.8087
       15.600000       1007.5337
       15.650000       1006.9344
       15.700000       1006.0786
       15.750000       1007.3090
       15.800000       1012.0017
       15.850000       1020.3197
       15.900000       1030.8048
       15.950000       1040.8564
       16.000000       1047.9327
       16.050000       1050.6379
       16.100000       1048.9275
       16.150000       1044.1638
       16.200000       1038.7515
       16.250000       1034.8535
       16.300000       1033.1954
       16.350000       1032.9078
       16.400000       1031.7967
       16.450000       1026.8889
       16.500000       1015.8433
       16.550000       998.30862
       16.600000       975.66346
       16.650000       950.01854
       16.700000       923.57091
       16.750000       898.19380
       16.800000       875.31815
       16.850000       855.98998
       16.900000       840.96699
       16.950000       830.69629
       17.000000       825.29020
       17.050000       824.53285
       17.100000       828.11947
       17.150000       835.89823
       17.200000       847.63351
       17.250000       862.59393
       17.300000       879.56151
       17.350000       897.16900
       17.400000       914.29245
       17.450000       930.22352
       17.500000       944.39695
       17.550000       956.08906
       17.600000       964.62371
       17.650000       969.89443
       17.700000       972.37503
       17.750000       972.84553
       17.800000       971.83427
       17.850000       969.30391
       17.900000       965.01958
       17.950000       959.18688
       18.000000       952.51597
       18.050000       945.92080
       18.100000       939.79541
       18.150000       933.72526
       18.200000       926.88642
       18.250000       918.70886
       18.300000       909.04002
       18.350000       898.09173
       18.400000       886.41791
       18.450000       874.60727
       18.500000       863.10578
       18.550000       852.58409
       18.600000       844.11713
       18.650000       838.74689
       18.700000       836.88681
       18.750000       837.90466
       18.800000       840.21842
       18.850000       842.00131
       18.900000       841.77374
       18.950000       838.44359
       19.000000       831.38852
       19.050000       820.62975
       19.100000       806.87084
       19.150000       791.42052
       19.200000       775.90910
       19.250000       761.70786
       19.300000       749.61732
       19.350000       739.93933
       19.400000       732.57474
       19.450000       727.27402
       19.500000       724.06899
       19.550000       723.32006
       19.600000       725.41613
       19.650000       730.48013
       19.700000       738.00278
       19.750000       746.62195
       19.800000       754.48303
       19.850000       759.90412
       19.900000       761.99434
       19.950000       761.03027
       20.000000       758.08246
       20.050000       754.06338
       20.100000       749.26828
       20.150000       743.54205
       20.200000       736.41418
       20.250000       727.21218
       20.300000       715.37483
       20.350000       700.81906
       20.400000       684.19320
       20.450000       666.81511
       20.500000       650.16730
       20.550000       635.42201
       20.600000       623.26452
       20.650000       613.75702
       20.700000       606.33864
       20.750000       600.18471
       20.800000       594.56678
       20.850000       589.06666
       20.900000       583.73886
       20.950000       579.01292
       21.000000       575.39300
       21.050000       573.31962
       21.100000       573.06387
       21.150000       574.56430
       21.200000       577.50553
       21.250000       581.52022
       21.300000       586.24653
       21.350000       591.34785
       21.400000       596.46601
       21.450000       601.09609
       21.500000       604.76065
       21.550000       607.32722
       21.600000       608.95022
       21.650000       609.83197
       21.700000       610.11113
       21.750000       609.77343
       21.800000       608.67472
       21.850000       606.72134
       21.900000       603.83975
       21.950000       599.93629
       22.000000       595.10973
       22.050000       589.79730
       22.100000       584.63963
       22.150000       580.34139
       22.200000       577.46456
       22.250000       576.24182
       22.300000       576.70501
       22.350000       578.85413
       22.400000       582.56551
       22.450000       587.48390
       22.500000       592.94963
       22.550000       597.86034
       22.600000       600.82389
       22.650000       600.66546
       22.700000       596.82968
       22.750000       589.54814
       22.800000       579.70917
       22.850000       568.36683
       22.900000       556.33410
       22.950000       544.17369
       23.000000       532.25438
       23.050000       520.83814
       23.100000       510.29486
       23.150000       501.10970
       23.200000       493.66059
       23.250000       488.13851
       23.300000       484.53543
       23.350000       482.61461
       23.400000       482.03032
       23.450000       482.43753
       23.500000       483.44879
       23.550000       484.72019
       23.600000       486.04391
       23.650000       487.21250
       23.700000       487.96985
       23.750000       488.08693
       23.800000       487.34641
       23.850000       485.60047
       23.900000       482.93255
       23.950000       479.61192
       24.000000       476.00700
       24.050000       472.58941
       24.100000       469.79636
       24.150000       467.81225
       24.200000       466.56426
       24.250000       465.75642
       24.300000       464.92187
       24.350000       463.66218
       24.400000       461.76698
       24.450000       459.15649
       24.500000       455.92513
       24.550000       452.32534
       24.600000       448.57261
       24.650000       444.80927
       24.700000       441.17399
       24.750000       437.76591
       24.800000       434.65931
       24.850000       431.95516
       24.900000       429.65238
       24.950000       427.60717
       25.000000       425.66513
       25.050000       423.68175
       25.100000       421.53263
       25.150000       419.21667
       25.200000       416.77632
       25.250000       414.16694
       25.300000       411.33218
       25.350000       408.22301
       25.400000       404.76591
       25.450000       400.97476
       25.500000       396.97398
       25.550000       392.86270
       25.600000       388.70824
       25.650000       384.56257
       25.700000       380.39531
       25.750000       376.17537
       25.800000       371.96457
       25.850000       367.83427
       25.900000       363.83604
       25.950000       360.04124
       26.000000       356.42974
       26.050000       352.87970
       26.100000       349.30149
       26.150000       345.63365
       26.200000       341.83299
       26.250000       337.98733
       26.300000       334.27046
       26.350000       330.84884
       26.400000       327.91237
       26.450000       325.61251
       26.500000       323.94012
       26.550000       322.81397
       26.600000       322.12870
       26.650000       321.70649
       26.700000       321.37172
       26.750000       321.00621
       26.800000       320.48558
       26.850000       319.73701
       26.900000       318.82892
       26.950000       317.87144
       27.000000       316.99335
       27.050000       316.38710
       27.100000       316.19868
       27.150000       316.49430
       27.200000       317.34971
       27.250000       318.78355
       27.300000       320.71352
       27.350000       323.03789
       27.400000       325.60995
       27.450000       328.19080
       27.500000       330.55688
       27.550000       332.50806
       27.600000       333.83032
       27.650000       334.41571
       27.700000       334.30924
       27.750000       333.59506
       27.800000       332.39867
       27.850000       330.86092
       27.900000       329.03413
       27.950000       326.95160
       28.000000       324.72674
       28.050000       322.48725
       28.100000       320.37399
       28.150000       318.57830
       28.200000       317.23446
       28.250000       316.37979
       28.300000       316.03441
       28.350000       316.14636
       28.400000       316.57150
       28.450000       317.19897
       28.500000       317.93986
       28.550000       318.68294
       28.600000       319.38321
       28.650000       320.03922
       28.700000       320.59790
       28.750000       321.02963
       28.800000       321.33366
       28.850000       321.45111
       28.900000       321.33184
       28.950000       320.98719
       29.000000       320.40253
       29.050000       319.59139
       29.100000       318.64489
       29.150000       317.63984
       29.200000       316.63846
       29.250000       315.75525
       29.300000       315.06705
       29.350000       314.59800
       29.400000       314.40372
       29.450000       314.50690
       29.500000       314.86874
       29.550000       315.48158
       29.600000       316.32747
       29.650000       317.31349
       29.700000       318.36500
       29.750000       319.42236
       29.800000       320.38643
       29.850000       321.21768
       29.900000       321.94796
       29.950000       322.58604
       30.000000       323.15899
