       0.0000000       0.0000000
     0.050000000    0.0076480005
      0.10000000     0.021672681
      0.15000000     0.027685040
      0.20000000     0.027431206
      0.25000000     0.041361264
      0.30000000     0.085262946
      0.35000000      0.14630015
      0.40000000      0.18925020
      0.45000000      0.19257402
      0.50000000      0.17792323
      0.55000000      0.19696281
      0.60000000      0.28132799
      0.65000000      0.40411393
      0.70000000      0.49723477
      0.75000000      0.51573206
      0.80000000      0.48822962
      0.85000000      0.49822555
      0.90000000      0.60571081
      0.95000000      0.78237366
       1.0000000      0.92936775
       1.0500000      0.97020395
       1.1000000      0.93321743
       1.1500000      0.93791740
       1.2000000       1.0874371
       1.2500000       1.3646242
       1.3000000       1.6370593
       1.3500000       1.7781395
       1.4000000       1.7956420
       1.4500000       1.8397395
       1.5000000       2.0696778
       1.5500000       2.4974145
       1.6000000       2.9625028
       1.6500000       3.2783089
       1.7000000       3.4233720
       1.7500000       3.5929044
       1.8000000       4.0432595
       1.8500000       4.8599598
       1.9000000       5.8715857
       1.9500000       6.8169065
       2.0000000       7.6397600
       2.0500000       8.6451972
       2.1000000       10.344497
       2.1500000       13.075787
       2.2000000       16.690216
       2.2500000       20.553102
       2.3000000       23.857957
       2.3500000       26.011019
       2.4000000       26.822496
       2.4500000       26.445563
       2.5000000       25.223113
       2.5500000       23.624849
       2.6000000       22.274173
       2.6500000       21.889963
       2.7000000       23.024451
       2.7500000       25.743484
       2.8000000       29.601542
       2.8500000       34.125067
       2.9000000       39.565119
       2.9500000       47.276688
       3.0000000       59.169484
       3.0500000       76.310804
       3.1000000       97.522031
       3.1500000       119.04415
       3.2000000       135.77544
       3.2500000       143.51238
       3.3000000       140.87878
       3.3500000       129.76609
       3.4000000       114.09618
       3.4500000       97.799908
       3.5000000       83.312494
       3.5500000       71.326874
       3.6000000       61.578723
       3.6500000       53.785325
       3.7000000       48.007267
       3.7500000       44.391120
       3.8000000       42.798650
       3.8500000       42.801574
       3.9000000       44.025519
       3.9500000       46.414187
       4.0000000       50.072813
       4.0500000       54.827673
       4.1000000       59.994902
       4.1500000       64.686708
       4.2000000       68.432568
       4.2500000       71.503695
       4.3000000       74.543177
       4.3500000       77.775492
       4.4000000       80.558090
       4.4500000       81.833571
       4.5000000       81.222465
       4.5500000       79.819497
       4.6000000       79.875643
       4.6500000       83.469295
       4.7000000       91.199723
       4.7500000       101.99263
       4.8000000       114.18959
       4.8500000       126.95658
       4.9000000       140.77042
       4.9500000       156.63346
       5.0000000       174.94015
       5.0500000       195.35115
       5.1000000       218.04433
       5.1500000       245.13089
       5.2000000       280.33486
       5.2500000       326.18638
       5.3000000       380.23853
       5.3500000       433.32670
       5.4000000       472.05309
       5.4500000       484.85886
       5.5000000       468.05515
       5.5500000       427.89977
       5.6000000       377.19331
       5.6500000       328.75124
       5.7000000       290.20576
       5.7500000       263.35916
       5.8000000       247.60849
       5.8500000       243.79324
       5.9000000       254.69788
       5.9500000       281.52213
       6.0000000       319.37461
       6.0500000       356.14240
       6.1000000       376.75576
       6.1500000       370.65278
       6.2000000       337.53139
       6.2500000       287.38251
       6.3000000       234.75904
       6.3500000       191.16271
       6.4000000       160.44003
       6.4500000       139.54933
       6.5000000       123.14482
       6.5500000       108.07819
       6.6000000       94.747429
       6.6500000       85.152417
       6.7000000       80.049629
       6.7500000       77.819506
       6.8000000       75.758890
       6.8500000       72.311773
       6.9000000       68.147552
       6.9500000       65.267168
       7.0000000       65.129674
       7.0500000       67.537061
       7.1000000       71.136928
       7.1500000       74.855374
       7.2000000       78.806733
       7.2500000       83.853542
       7.3000000       90.341623
       7.3500000       97.305298
       7.4000000       102.95411
       7.4500000       106.01589
       7.5000000       106.69341
       7.5500000       106.36969
       7.6000000       106.32835
       7.6500000       106.67084
       7.7000000       106.38516
       7.7500000       104.45908
       7.8000000       100.97523
       7.8500000       97.174975
       7.9000000       94.441305
       7.9500000       93.144113
       8.0000000       92.411203
       8.0500000       91.007653
       8.1000000       88.519810
       8.1500000       85.754822
       8.2000000       84.018293
       8.2500000       83.941863
       8.3000000       84.929383
       8.3500000       85.705502
       8.4000000       85.436917
       8.4500000       84.400957
       8.5000000       83.613349
       8.5500000       83.813516
       8.6000000       84.772315
       8.6500000       85.571192
       8.7000000       85.587070
       8.7500000       85.233494
       8.8000000       85.727491
       8.8500000       88.044436
       8.9000000       91.971098
       8.9500000       96.123465
       9.0000000       98.939273
       9.0500000       99.823288
       9.1000000       99.493932
       9.1500000       99.287984
       9.2000000       100.07856
       9.2500000       101.73123
       9.3000000       103.49337
       9.3500000       104.85195
       9.4000000       106.02504
       9.4500000       107.64888
       9.5000000       110.00373
       9.5500000       112.55878
       9.6000000       114.29952
       9.6500000       114.55358
       9.7000000       113.57524
       9.7500000       112.35042
       9.8000000       111.82298
       9.8500000       112.23019
       9.9000000       113.13532
       9.9500000       114.06210
       10.000000       115.09693
       10.050000       116.85922
       10.100000       119.88533
       10.150000       124.01794
       10.200000       128.42974
       10.250000       132.30584
       10.300000       135.58993
       10.350000       139.10118
       10.400000       143.88346
       10.450000       150.32607
       10.500000       157.80701
       10.550000       165.14490
       10.600000       171.43566
       10.650000       176.55638
       10.700000       180.94792
       10.750000       184.97541
       10.800000       188.52947
       10.850000       191.25301
       10.900000       193.15882
       10.950000       194.97427
       11.000000       197.81379
       11.050000       202.37399
       11.100000       208.37316
       11.150000       214.73491
       11.200000       220.40918
       11.250000       225.13805
       11.300000       229.53142
       11.350000       234.41724
       11.400000       240.06262
       11.450000       245.94617
       11.500000       251.22640
       11.550000       255.43391
       11.600000       258.71722
       11.650000       261.45393
       11.700000       263.64293
       11.750000       264.72810
       11.800000       264.09441
       11.850000       261.82675
       11.900000       259.01614
       11.950000       257.25155
       12.000000       257.65437
       12.050000       260.22095
       12.100000       263.98978
       12.150000       267.86178
       12.200000       271.36352
       12.250000       274.74928
       12.300000       278.43944
       12.350000       282.39340
       12.400000       286.00600
       12.450000       288.60404
       12.500000       290.04557
       12.550000       290.85268
       12.600000       291.75784
       12.650000       293.11448
       12.700000       294.73822
       12.750000       296.31146
       12.800000       297.93775
       12.850000       300.26212
       12.900000       303.99838
       12.950000       309.30020
       13.000000       315.60853
       13.050000       322.19200
       13.100000       328.92364
       13.150000       336.53117
       13.200000       345.97830
       13.250000       357.39417
       13.300000       369.46202
       13.350000       379.88200
       13.400000       386.68974
       13.450000       389.47035
       13.500000       389.57353
       13.550000       389.17985
       13.600000       389.92257
       13.650000       392.06986
       13.700000       394.72278
       13.750000       396.70031
       13.800000       397.33216
       13.850000       396.63152
       13.900000       394.95401
       13.950000       392.66183
       14.000000       390.16294
       14.050000       388.21651
       14.100000       388.03614
       14.150000       390.90968
       14.200000       397.53705
       14.250000       407.62701
       14.300000       420.11159
       14.350000       433.83720
       14.400000       448.15405
       14.450000       462.96886
       14.500000       478.31088
       14.550000       493.91597
       14.600000       509.29055
       14.650000       524.19719
       14.700000       539.05882
       14.750000       554.77769
       14.800000       572.01309
       14.850000       590.49245
       14.900000       609.00620
       14.950000       626.18635
       15.000000       641.49655
       15.050000       655.63266
       15.100000       669.99415
       15.150000       685.63070
       15.200000       702.47608
       15.250000       719.43342
       15.300000       735.12156
       15.350000       748.62801
       15.400000       759.65936
       15.450000       768.12851
       15.500000       773.69376
       15.550000       775.79568
       15.600000       774.18549
       15.650000       769.44089
       15.700000       762.92914
       15.750000       756.17115
       15.800000       750.13284
       15.850000       745.03737
       15.900000       740.84413
       15.950000       737.89083
       16.000000       737.02774
       16.050000       739.01368
       16.100000       743.62072
       16.150000       749.24524
       16.200000       753.47396
       16.250000       754.31692
       16.300000       751.28533
       16.350000       745.60154
       16.400000       739.47029
       16.450000       734.97521
       16.500000       733.28599
       16.550000       734.49556
       16.600000       737.87875
       16.650000       742.20700
       16.700000       745.94911
       16.750000       747.51357
       16.800000       745.71642
       16.850000       740.35094
       16.900000       732.45620
       16.950000       723.93948
       17.000000       716.66598
       17.050000       711.59759
       17.100000       708.58538
       17.150000       706.95214
       17.200000       706.35248
       17.250000       707.17202
       17.300000       710.12716
       17.350000       715.40337
       17.400000       722.10025
       17.450000       728.49968
       17.500000       732.99878
       17.550000       734.98728
       17.600000       735.00851
       17.650000       734.10590
       17.700000       732.94317
       17.750000       731.38676
       17.800000       728.83445
       17.850000       724.92989
       17.900000       720.02064
       17.950000       715.00237
       18.000000       710.71694
       18.050000       707.45484
       18.100000       704.92814
       18.150000       702.67695
       18.200000       700.49161
       18.250000       698.49140
       18.300000       696.85632
       18.350000       695.51102
       18.400000       694.06144
       18.450000       692.01696
       18.500000       689.05268
       18.550000       685.08629
       18.600000       680.15509
       18.650000       674.30154
       18.700000       667.62990
       18.750000       660.48080
       18.800000       653.46818
       18.850000       647.22278
       18.900000       641.96193
       18.950000       637.23526
       19.000000       632.11454
       19.050000       625.75170
       19.100000       617.89903
       19.150000       609.01096
       19.200000       599.87299
       19.250000       591.09906
       19.300000       582.90907
       19.350000       575.32714
       19.400000       568.53696
       19.450000       562.99367
       19.500000       559.13557
       19.550000       556.93779
       19.600000       555.74652
       19.650000       554.61415
       19.700000       552.91688
       19.750000       550.78093
       19.800000       548.96914
       19.850000       548.31424
       19.900000       549.15976
       19.950000       551.20424
       20.000000       553.81216
       20.050000       556.46582
       20.100000       558.96544
       20.150000       561.27518
       20.200000       563.23734
       20.250000       564.47800
       20.300000       564.60130
       20.350000       563.45686
       20.400000       561.20456
       20.450000       558.09430
       20.500000       554.18608
       20.550000       549.31818
       20.600000       543.40133
       20.650000       536.77982
       20.700000       530.29478
       20.750000       524.91905
       20.800000       521.20401
       20.850000       518.96964
       20.900000       517.48787
       20.950000       515.99658
       21.000000       514.12772
       21.050000       511.93067
       21.100000       509.55142
       21.150000       506.92301
       21.200000       503.79555
       21.250000       500.07429
       21.300000       496.13204
       21.350000       492.76311
       21.400000       490.75412
       21.450000       490.41605
       21.500000       491.44561
       21.550000       493.21715
       21.600000       495.21883
       21.650000       497.25124
       21.700000       499.23901
       21.750000       500.88615
       21.800000       501.55240
       21.850000       500.53126
       21.900000       497.51100
       21.950000       492.82604
       22.000000       487.27030
       22.050000       481.60335
       22.100000       476.16835
       22.150000       470.90275
       22.200000       465.67849
       22.250000       460.62071
       22.300000       456.09746
       22.350000       452.40180
       22.400000       449.44704
       22.450000       446.78277
       22.500000       443.94472
       22.550000       440.81909
       22.600000       437.69932
       22.650000       434.97798
       22.700000       432.76374
       22.750000       430.77706
       22.800000       428.62063
       22.850000       426.17186
       22.900000       423.70882
       22.950000       421.65044
       23.000000       420.12805
       23.050000       418.78495
       23.100000       416.99987
       23.150000       414.35755
       23.200000       410.94106
       23.250000       407.21468
       23.300000       403.59549
       23.350000       400.11387
       23.400000       396.46542
       23.450000       392.38121
       23.500000       387.97650
       23.550000       383.73571
       23.600000       380.14762
       23.650000       377.32823
       23.700000       374.97788
       23.750000       372.71790
       23.800000       370.49707
       23.850000       368.69223
       23.900000       367.79841
       23.950000       367.98940
       24.000000       368.93188
       24.050000       370.02912
       24.100000       370.86733
       24.150000       371.46516
       24.200000       372.12665
       24.250000       373.03913
       24.300000       374.01454
       24.350000       374.59993
       24.400000       374.45871
       24.450000       373.65343
       24.500000       372.55509
       24.550000       371.45967
       24.600000       370.26547
       24.650000       368.51222
       24.700000       365.75503
       24.750000       361.94449
       24.800000       357.46515
       24.850000       352.81275
       24.900000       348.21120
       24.950000       343.53172
       25.000000       338.57711
       25.050000       333.46445
       25.100000       328.72241
       25.150000       324.98797
       25.200000       322.55055
       25.250000       321.14305
       25.300000       320.16874
       25.350000       319.15967
       25.400000       318.06901
       25.450000       317.15287
       25.500000       316.57772
       25.550000       316.13136
       25.600000       315.31767
       25.650000       313.74845
       25.700000       311.47164
       25.750000       308.92738
       25.800000       306.57191
       25.850000       304.51060
       25.900000       302.47124
       25.950000       300.13846
       26.000000       297.51956
       26.050000       294.99579
       26.100000       292.99045
       26.150000       291.56063
       26.200000       290.28704
       26.250000       288.59123
       26.300000       286.20686
       26.350000       283.40064
       26.400000       280.75028
       26.450000       278.67689
       26.500000       277.15414
       26.550000       275.82713
       26.600000       274.41634
       26.650000       273.01615
       26.700000       272.00745
       26.750000       271.67853
       26.800000       271.90427
       26.850000       272.20356
       26.900000       272.11941
       26.950000       271.59109
       27.000000       270.97021
       27.050000       270.67202
       27.100000       270.77666
       27.150000       270.94935
       27.200000       270.74630
       27.250000       270.02224
       27.300000       269.05854
       27.350000       268.29314
       27.400000       267.89580
       27.450000       267.58079
       27.500000       266.83222
       27.550000       265.34386
       27.600000       263.27779
       27.650000       261.11331
       27.700000       259.22615
       27.750000       257.59144
       27.800000       255.86271
       27.850000       253.75127
       27.900000       251.33873
       27.950000       249.03484
       28.000000       247.21501
       28.050000       245.88361
       28.100000       244.67514
       28.150000       243.20361
       28.200000       241.43170
       28.250000       239.72748
       28.300000       238.54023
       28.350000       237.99582
       28.400000       237.77995
       28.450000       237.41555
       28.500000       236.68234
       28.550000       235.79987
       28.600000       235.20642
       28.650000       235.14349
       28.700000       235.43509
       28.750000       235.65754
       28.800000       235.55071
       28.850000       235.28362
       28.900000       235.32570
       28.950000       236.03658
       29.000000       237.34201
       29.050000       238.79488
       29.100000       239.95395
       29.150000       240.74350
       29.200000       241.46060
       29.250000       242.43821
       29.300000       243.68253
       29.350000       244.82588
       29.400000       245.44603
       29.450000       245.45590
       29.500000       245.19943
       29.550000       245.16321
       29.600000       245.55542
       29.650000       246.14264
       29.700000       246.49022
       29.750000       246.38704
       29.800000       246.07093
       29.850000       246.04313
       29.900000       246.64425
       29.950000       247.77076
       30.000000       248.98545
