1.000000000000e+00
1.102040816327e+00
1.204081632653e+00
1.306122448980e+00
1.408163265306e+00
1.510204081633e+00
1.612244897959e+00
1.714285714286e+00
1.816326530612e+00
1.918367346939e+00
2.020408163265e+00
2.122448979592e+00
2.224489795918e+00
2.326530612245e+00
2.428571428571e+00
2.530612244898e+00
2.632653061224e+00
2.734693877551e+00
2.836734693878e+00
2.938775510204e+00
3.040816326531e+00
3.142857142857e+00
3.244897959184e+00
3.346938775510e+00
3.448979591837e+00
3.551020408163e+00
3.653061224490e+00
3.755102040816e+00
3.857142857143e+00
3.959183673469e+00
4.061224489796e+00
4.163265306122e+00
4.265306122449e+00
4.367346938776e+00
4.469387755102e+00
4.571428571429e+00
4.673469387755e+00
4.775510204082e+00
4.877551020408e+00
4.979591836735e+00
5.081632653061e+00
5.183673469388e+00
5.285714285714e+00
5.387755102041e+00
5.489795918367e+00
5.591836734694e+00
5.693877551020e+00
5.795918367347e+00
5.897959183673e+00
6.000000000000e+00
