       0.0000000       0.0000000
     0.050000000    0.0078621149
      0.10000000     0.028714624
      0.15000000     0.059149830
      0.20000000      0.10284578
      0.25000000      0.16973100
      0.30000000      0.26528449
      0.35000000      0.38272355
      0.40000000      0.51095626
      0.45000000      0.65412186
      0.50000000      0.84171564
      0.55000000       1.1128433
      0.60000000       1.4852403
      0.65000000       1.9434635
      0.70000000       2.4724628
      0.75000000       3.1202599
      0.80000000       4.0315402
      0.85000000       5.3964987
      0.90000000       7.3173533
      0.95000000       9.6699519
       1.0000000       12.066693
       1.0500000       13.976217
       1.1000000       14.953468
       1.1500000       14.855118
       1.2000000       13.916994
       1.2500000       12.654035
       1.3000000       11.647008
       1.3500000       11.331717
       1.4000000       11.885114
       1.4500000       13.230769
       1.5000000       15.130264
       1.5500000       17.301645
       1.6000000       19.517233
       1.6500000       21.644673
       1.7000000       23.615616
       1.7500000       25.337665
       1.8000000       26.617114
       1.8500000       27.182784
       1.9000000       26.853893
       1.9500000       25.772291
       2.0000000       24.513868
       2.0500000       23.919426
       2.1000000       24.681156
       2.1500000       26.967665
       2.2000000       30.443877
       2.2500000       34.804888
       2.3000000       40.499870
       2.3500000       49.009547
       2.4000000       62.185176
       2.4500000       80.785044
       2.5000000       103.06081
       2.5500000       124.49386
       2.6000000       139.23215
       2.6500000       142.69695
       2.7000000       133.92397
       2.7500000       116.18873
       2.8000000       95.435642
       2.8500000       77.402293
       2.9000000       65.159801
       2.9500000       58.455801
       3.0000000       55.021456
       3.0500000       52.706671
       3.1000000       50.919622
       3.1500000       50.536349
       3.2000000       52.663720
       3.2500000       57.427293
       3.3000000       63.763754
       3.3500000       70.260422
       3.4000000       76.216685
       3.4500000       82.007741
       3.5000000       88.497688
       3.5500000       96.087407
       3.6000000       104.24695
       3.6500000       111.90368
       3.7000000       118.26730
       3.7500000       123.33325
       3.8000000       127.62327
       3.8500000       131.46338
       3.9000000       134.50341
       3.9500000       135.93221
       4.0000000       135.16812
       4.0500000       132.35899
       4.1000000       128.21898
       4.1500000       123.41098
       4.2000000       118.15933
       4.2500000       112.56446
       4.3000000       107.34894
       4.3500000       104.18397
       4.4000000       104.98431
       4.4500000       110.51768
       4.5000000       119.54065
       4.5500000       129.54939
       4.6000000       139.02476
       4.6500000       149.61752
       4.7000000       166.31881
       4.7500000       194.84226
       4.8000000       237.49530
       4.8500000       290.22220
       4.9000000       343.05605
       4.9500000       384.11884
       5.0000000       404.95427
       5.0500000       404.08600
       5.1000000       386.86596
       5.1500000       362.06517
       5.2000000       337.53771
       5.2500000       317.44488
       5.3000000       302.07916
       5.3500000       289.53557
       5.4000000       277.62293
       5.4500000       264.89501
       5.5000000       250.75269
       5.5500000       235.25814
       5.6000000       219.12253
       5.6500000       203.73152
       5.7000000       190.82783
       5.7500000       181.86918
       5.8000000       177.63117
       5.8500000       178.63014
       5.9000000       186.15825
       5.9500000       202.84660
       6.0000000       231.60544
       6.0500000       272.96718
       6.1000000       322.40226
       6.1500000       369.88645
       6.2000000       402.87472
       6.2500000       411.61082
       6.3000000       393.80424
       6.3500000       355.77626
       6.4000000       309.27438
       6.4500000       265.87297
       6.5000000       232.29865
       6.5500000       209.16089
       6.6000000       193.12197
       6.6500000       180.38775
       6.7000000       168.99427
       6.7500000       158.79258
       6.8000000       149.98748
       6.8500000       141.97775
       6.9000000       133.56756
       6.9500000       124.12854
       7.0000000       114.41389
       7.0500000       106.09383
       7.1000000       100.36409
       7.1500000       96.864776
       7.2000000       93.926190
       7.2500000       89.979884
       7.3000000       84.926898
       7.3500000       80.270918
       7.4000000       77.863677
       7.4500000       78.288057
       7.5000000       80.222964
       7.5500000       81.305631
       7.6000000       79.782606
       7.6500000       75.636733
       7.7000000       70.359034
       7.7500000       65.666844
       7.8000000       62.271425
       7.8500000       59.647735
       7.9000000       56.846013
       7.9500000       53.533134
       8.0000000       50.350286
       8.0500000       48.348099
       8.1000000       48.067916
       8.1500000       49.087412
       8.2000000       50.383726
       8.2500000       51.141772
       8.3000000       51.303450
       8.3500000       51.445517
       8.4000000       52.186989
       8.4500000       53.688117
       8.5000000       55.634179
       8.5500000       57.603583
       8.6000000       59.390675
       8.6500000       60.970940
       8.7000000       62.214678
       8.7500000       62.743799
       8.8000000       62.193751
       8.8500000       60.718417
       8.9000000       59.261047
       8.9500000       59.232107
       9.0000000       61.713363
       9.0500000       66.734306
       9.1000000       73.171641
       9.1500000       79.381514
       9.2000000       84.139726
       9.2500000       87.255144
       9.3000000       89.485707
       9.3500000       91.880582
       9.4000000       95.034161
       9.4500000       98.711958
       9.5000000       102.01309
       9.5500000       103.89944
       9.6000000       103.77874
       9.6500000       101.87981
       9.7000000       99.273898
       9.7500000       97.524710
       9.8000000       98.056612
       9.8500000       101.48851
       9.9000000       107.28418
       9.9500000       114.01143
       10.000000       120.17989
       10.050000       125.19889
       10.100000       129.79202
       10.150000       135.46290
       10.200000       143.24502
       10.250000       152.54920
       10.300000       160.98909
       10.350000       165.46818
       10.400000       163.93826
       10.450000       156.70911
       10.500000       146.44101
       10.550000       136.77878
       10.600000       130.49742
       10.650000       128.28489
       10.700000       128.83180
       10.750000       130.01067
       10.800000       130.30819
       10.850000       129.62361
       10.900000       129.09310
       10.950000       130.22781
       11.000000       133.98624
       11.050000       140.29542
       11.100000       148.17069
       11.150000       156.24647
       11.200000       163.39571
       11.250000       169.14309
       11.300000       173.72564
       11.350000       177.79258
       11.400000       181.91308
       11.450000       186.17108
       11.500000       190.12430
       11.550000       193.20675
       11.600000       195.34856
       11.650000       197.39011
       11.700000       200.93795
       11.750000       207.71862
       11.800000       218.82314
       11.850000       234.36200
       11.900000       253.70517
       11.950000       276.02434
       12.000000       300.61811
       12.050000       326.71854
       12.100000       352.99605
       12.150000       377.31103
       12.200000       397.14959
       12.250000       410.60044
       12.300000       417.25890
       12.350000       418.40444
       12.400000       416.30179
       12.450000       413.13518
       12.500000       410.28871
       12.550000       408.35948
       12.600000       407.66945
       12.650000       408.65693
       12.700000       411.75036
       12.750000       416.87474
       12.800000       423.14977
       12.850000       429.18150
       12.900000       433.84122
       12.950000       436.90758
       13.000000       439.05670
       13.050000       441.18057
       13.100000       443.62093
       13.150000       445.95481
       13.200000       447.48964
       13.250000       447.99893
       13.300000       448.03002
       13.350000       448.50749
       13.400000       450.01926
       13.450000       452.45595
       13.500000       455.36389
       13.550000       458.69367
       13.600000       463.19826
       13.650000       470.01112
       13.700000       479.63240
       13.750000       491.14304
       13.800000       502.36719
       13.850000       510.98416
       13.900000       515.83267
       13.950000       517.49884
       14.000000       517.83691
       14.050000       518.87268
       14.100000       521.93648
       14.150000       527.54234
       14.200000       535.81978
       14.250000       546.88551
       14.300000       560.70405
       14.350000       576.61501
       14.400000       593.12086
       14.450000       608.36885
       14.500000       621.12418
       14.550000       631.51159
       14.600000       640.89835
       14.650000       650.95428
       14.700000       662.58529
       14.750000       675.56782
       14.800000       689.10171
       14.850000       702.75561
       14.900000       716.95831
       14.950000       732.61535
       15.000000       750.20381
       15.050000       769.15661
       15.100000       788.11123
       15.150000       805.85665
       15.200000       822.21360
       15.250000       838.11687
       15.300000       854.84480
       15.350000       872.97256
       15.400000       891.80645
       15.450000       909.70334
       15.500000       924.86206
       15.550000       936.04524
       15.600000       942.76408
       15.650000       945.05735
       15.700000       943.27081
       15.750000       938.11094
       15.800000       930.91757
       15.850000       923.72091
       15.900000       918.97814
       15.950000       918.99790
       16.000000       925.45294
       16.050000       939.21404
       16.100000       960.31376
       16.150000       987.85242
       16.200000       1019.6619
       16.250000       1052.0820
       16.300000       1080.3363
       16.350000       1099.6919
       16.400000       1107.0356
       16.450000       1102.0287
       16.500000       1087.1071
       16.550000       1066.3696
       16.600000       1043.9908
       16.650000       1023.1219
       16.700000       1005.5938
       16.750000       992.28969
       16.800000       983.40783
       16.850000       978.38041
       16.900000       975.59688
       16.950000       972.56674
       17.000000       966.81344
       17.050000       957.11715
       17.100000       944.23085
       17.150000       930.41670
       17.200000       917.95041
       17.250000       907.60910
       17.300000       898.20515
       17.350000       887.60772
       17.400000       874.51214
       17.450000       859.75514
       17.500000       846.12576
       17.550000       836.87364
       17.600000       833.79521
       17.650000       836.28203
       17.700000       841.81435
       17.750000       847.48899
       17.800000       851.56259
       17.850000       854.05013
       17.900000       856.17547
       17.950000       859.24768
       18.000000       863.73471
       18.050000       869.01897
       18.100000       873.81223
       18.150000       876.81968
       18.200000       877.22507
       18.250000       874.86777
       18.300000       870.17585
       18.350000       864.00289
       18.400000       857.42236
       18.450000       851.46673
       18.500000       846.76603
       18.550000       843.27453
       18.600000       840.20452
       18.650000       836.32776
       18.700000       830.47714
       18.750000       822.05079
       18.800000       811.20055
       18.850000       798.62597
       18.900000       785.10415
       18.950000       771.06206
       19.000000       756.45982
       19.050000       741.05670
       19.100000       724.89220
       19.150000       708.66038
       19.200000       693.71057
       19.250000       681.61272
       19.300000       673.50687
       19.350000       669.58255
       19.400000       669.00704
       19.450000       670.33149
       19.500000       672.15864
       19.550000       673.67554
       19.600000       674.76656
       19.650000       675.70465
       19.700000       676.67640
       19.750000       677.49046
       19.800000       677.65071
       19.850000       676.71043
       19.900000       674.62533
       19.950000       671.84070
       20.000000       669.07289
       20.050000       666.93621
       20.100000       665.67945
       20.150000       665.15699
       20.200000       665.00844
       20.250000       664.87088
       20.300000       664.49915
       20.350000       663.77254
       20.400000       662.65883
       20.450000       661.21328
       20.500000       659.61808
       20.550000       658.20729
       20.600000       657.41847
       20.650000       657.68080
       20.700000       659.29502
       20.750000       662.34711
       20.800000       666.66401
       20.850000       671.79387
       20.900000       677.00093
       20.950000       681.32954
       21.000000       683.76952
       21.050000       683.51341
       21.100000       680.20083
       21.150000       674.02092
       21.200000       665.60993
       21.250000       655.80865
       21.300000       645.40477
       21.350000       634.98150
       21.400000       624.89703
       21.450000       615.32112
       21.500000       606.27864
       21.550000       597.68765
       21.600000       589.43143
       21.650000       581.49205
       21.700000       574.07001
       21.750000       567.58753
       21.800000       562.53450
       21.850000       559.22411
       21.900000       557.63587
       21.950000       557.44708
       22.000000       558.22748
       22.050000       559.61376
       22.100000       561.31213
       22.150000       562.94172
       22.200000       563.90286
       22.250000       563.46491
       22.300000       561.11200
       22.350000       556.91986
       22.400000       551.65975
       22.450000       546.48452
       22.500000       542.34763
       22.550000       539.51653
       22.600000       537.50058
       22.650000       535.42244
       22.700000       532.55988
       22.750000       528.71056
       22.800000       524.18365
       22.850000       519.50930
       22.900000       515.12508
       22.950000       511.23295
       23.000000       507.83622
       23.050000       504.82365
       23.100000       502.00389
       23.150000       499.09888
       23.200000       495.80788
       23.250000       491.98234
       23.300000       487.81106
       23.350000       483.83588
       23.400000       480.70879
       23.450000       478.79822
       23.500000       477.92123
       23.550000       477.39109
       23.600000       476.37543
       23.650000       474.31522
       23.700000       471.14130
       23.750000       467.17490
       23.800000       462.85946
       23.850000       458.53927
       23.900000       454.43970
       23.950000       450.77405
       24.000000       447.81563
       24.050000       445.82163
       24.100000       444.87440
       24.150000       444.79244
       24.200000       445.21649
       24.250000       445.80700
       24.300000       446.39093
       24.350000       446.93388
       24.400000       447.38536
       24.450000       447.55732
       24.500000       447.16840
       24.550000       446.02213
       24.600000       444.15254
       24.650000       441.78828
       24.700000       439.15548
       24.750000       436.28999
       24.800000       433.04070
       24.850000       429.27151
       24.900000       425.09401
       24.950000       420.91614
       25.000000       417.24207
       25.050000       414.37585
       25.100000       412.26112
       25.150000       410.58068
       25.200000       409.01512
       25.250000       407.42981
       25.300000       405.85071
       25.350000       404.26686
       25.400000       402.47007
       25.450000       400.10509
       25.500000       396.89751
       25.550000       392.88062
       25.600000       388.41299
       25.650000       383.98450
       25.700000       379.95590
       25.750000       376.44794
       25.800000       373.43830
       25.850000       370.93099
       25.900000       369.03505
       25.950000       367.85439
       26.000000       367.30998
       26.050000       367.07179
       26.100000       366.69897
       26.150000       365.88162
       26.200000       364.60071
       26.250000       363.06588
       26.300000       361.49960
       26.350000       359.93623
       26.400000       358.21738
       26.450000       356.14253
       26.500000       353.64693
       26.550000       350.83632
       26.600000       347.86984
       26.650000       344.82251
       26.700000       341.65664
       26.750000       338.33564
       26.800000       334.95354
       26.850000       331.74376
       26.900000       328.93973
       26.950000       326.60219
       27.000000       324.57381
       27.050000       322.60397
       27.100000       320.54009
       27.150000       318.42280
       27.200000       316.40064
       27.250000       314.55190
       27.300000       312.77999
       27.350000       310.88149
       27.400000       308.73018
       27.450000       306.40873
       27.500000       304.17729
       27.550000       302.30843
       27.600000       300.92434
       27.650000       299.98003
       27.700000       299.36793
       27.750000       299.03975
       27.800000       299.00279
       27.850000       299.21756
       27.900000       299.49526
       27.950000       299.54282
       28.000000       299.12463
       28.050000       298.24398
       28.100000       297.15405
       28.150000       296.19840
       28.200000       295.59142
       28.250000       295.31592
       28.300000       295.20909
       28.350000       295.13994
       28.400000       295.11360
       28.450000       295.20946
       28.500000       295.42276
       28.550000       295.56874
       28.600000       295.36019
       28.650000       294.59443
       28.700000       293.30181
       28.750000       291.71467
       28.800000       290.09386
       28.850000       288.56014
       28.900000       287.07178
       28.950000       285.55708
       29.000000       284.06725
       29.050000       282.79805
       29.100000       281.95143
       29.150000       281.57751
       29.200000       281.52702
       29.250000       281.57422
       29.300000       281.60568
       29.350000       281.70044
       29.400000       282.04363
       29.450000       282.74317
       29.500000       283.72590
       29.550000       284.78838
       29.600000       285.75428
       29.650000       286.58810
       29.700000       287.35898
       29.750000       288.10133
       29.800000       288.70904
       29.850000       288.98015
       29.900000       288.77417
       29.950000       288.14853
       30.000000       287.34655
