       0.0000000       0.0000000
     0.050000000    -0.013700940
      0.10000000    -0.023460599
      0.15000000     0.023374235
      0.20000000      0.12526350
      0.25000000      0.20917451
      0.30000000      0.20353629
      0.35000000      0.13039796
      0.40000000      0.11139735
      0.45000000      0.26185753
      0.50000000      0.56719836
      0.55000000      0.87167155
      0.60000000       1.0129709
      0.65000000      0.99198360
      0.70000000       1.0170713
      0.75000000       1.3660212
      0.80000000       2.1771531
      0.85000000       3.3527674
      0.90000000       4.6568364
      0.95000000       5.9045568
       1.0000000       7.0527870
       1.0500000       8.1025458
       1.1000000       8.9301670
       1.1500000       9.2674413
       1.2000000       8.9345465
       1.2500000       8.1737378
       1.3000000       7.7730384
       1.3500000       8.7753633
       1.4000000       11.883254
       1.4500000       16.939260
       1.5000000       22.851992
       1.5500000       28.047826
       1.6000000       31.182178
       1.6500000       31.710296
       1.7000000       30.065043
       1.7500000       27.456657
       1.8000000       25.459840
       1.8500000       25.520670
       1.9000000       28.428071
       1.9500000       33.836827
       2.0000000       40.093853
       2.0500000       44.690665
       2.1000000       45.417305
       2.1500000       41.775799
       2.2000000       35.790703
       2.2500000       31.471589
       2.3000000       32.917176
       2.3500000       41.990429
       2.4000000       56.949719
       2.4500000       72.977324
       2.5000000       84.412574
       2.5500000       87.432626
       2.6000000       81.655973
       2.6500000       69.875956
       2.7000000       56.318175
       2.7500000       44.640507
       2.8000000       36.818367
       2.8500000       33.247686
       2.9000000       33.524185
       2.9500000       37.052558
       3.0000000       43.059468
       3.0500000       50.285503
       3.1000000       57.006823
       3.1500000       61.766257
       3.2000000       64.505282
       3.2500000       67.236904
       3.3000000       73.471632
       3.3500000       86.338014
       3.4000000       106.29357
       3.4500000       129.82901
       3.5000000       150.25798
       3.5500000       160.54766
       3.6000000       156.86792
       3.6500000       140.85856
       3.7000000       119.11773
       3.7500000       99.935661
       3.8000000       89.029714
       3.8500000       86.810450
       3.9000000       88.903775
       3.9500000       89.599676
       4.0000000       85.930732
       4.0500000       79.578252
       4.1000000       75.285383
       4.1500000       76.986693
       4.2000000       84.569393
       4.2500000       93.766177
       4.3000000       99.286292
       4.3500000       98.740992
       4.4000000       94.238320
       4.4500000       90.365302
       4.5000000       90.238204
       4.5500000       92.993600
       4.6000000       94.975391
       4.6500000       93.721612
       4.7000000       91.279846
       4.7500000       93.660540
       4.8000000       106.43956
       4.8500000       130.07225
       4.9000000       159.30228
       4.9500000       188.00800
       5.0000000       216.11205
       5.0500000       252.62276
       5.1000000       311.01390
       5.1500000       398.86153
       5.2000000       508.69759
       5.2500000       617.30421
       5.3000000       695.40477
       5.3500000       722.46147
       5.4000000       697.44773
       5.4500000       638.78025
       5.5000000       573.80338
       5.5500000       524.82690
       5.6000000       500.25624
       5.6500000       495.04165
       5.7000000       497.93996
       5.7500000       499.20846
       5.8000000       493.63544
       5.8500000       478.70435
       5.9000000       451.72081
       5.9500000       409.83192
       6.0000000       353.28037
       6.0500000       288.53446
       6.1000000       227.44041
       6.1500000       181.78212
       6.2000000       156.76149
       6.2500000       148.28914
       6.3000000       146.32613
       6.3500000       141.90516
       6.4000000       132.65812
       6.4500000       122.95415
       6.5000000       119.00374
       6.5500000       123.09523
       6.6000000       131.47769
       6.6500000       137.25345
       6.7000000       135.63476
       6.7500000       127.30075
       6.8000000       117.42323
       6.8500000       111.50359
       6.9000000       111.46744
       6.9500000       114.87642
       7.0000000       117.36857
       7.0500000       115.98242
       7.1000000       110.76873
       7.1500000       103.88380
       7.2000000       97.486382
       7.2500000       92.393978
       7.3000000       88.336242
       7.3500000       85.032971
       7.4000000       82.750748
       7.4500000       81.789253
       7.5000000       81.614173
       7.5500000       80.765563
       7.6000000       77.860103
       7.6500000       72.834514
       7.7000000       67.222662
       7.7500000       63.099835
       7.8000000       61.589041
       7.8500000       62.257156
       7.9000000       63.910742
       7.9500000       65.964991
       8.0000000       68.981772
       8.0500000       73.747008
       8.1000000       79.707248
       8.1500000       84.362394
       8.2000000       84.505559
       8.2500000       78.576966
       8.3000000       68.246556
       8.3500000       57.780225
       8.4000000       51.467762
       8.4500000       50.979362
       8.5000000       54.631585
       8.5500000       59.027403
       8.6000000       61.670959
       8.6500000       62.472946
       8.7000000       63.094998
       8.7500000       64.919811
       8.8000000       67.514597
       8.8500000       68.920049
       8.9000000       67.458948
       8.9500000       63.457648
       9.0000000       59.374357
       9.0500000       58.196768
       9.1000000       61.397252
       9.1500000       68.043681
       9.2000000       75.670386
       9.2500000       82.117965
       9.3000000       86.898824
       9.3500000       91.176867
       9.4000000       96.601365
       9.4500000       104.00873
       9.5000000       112.87862
       9.5500000       121.67981
       9.6000000       128.60488
       9.6500000       132.17018
       9.7000000       131.55112
       9.7500000       126.83232
       9.8000000       119.23968
       9.8500000       111.08476
       9.9000000       105.09858
       9.9500000       103.24640
       10.000000       105.68065
       10.050000       110.62318
       10.100000       115.40605
       10.150000       118.03139
       10.200000       118.16658
       10.250000       116.90616
       10.300000       115.60059
       10.350000       114.76553
       10.400000       113.96475
       10.450000       112.67037
       10.500000       111.24630
       10.550000       111.09940
       10.600000       113.76469
       10.650000       119.64711
       10.700000       127.45254
       10.750000       134.81790
       10.800000       139.70300
       10.850000       141.55251
       10.900000       141.47776
       10.950000       141.47330
       11.000000       143.31809
       11.050000       147.85784
       11.100000       154.90043
       11.150000       163.51641
       11.200000       172.42000
       11.250000       180.32729
       11.300000       186.34475
       11.350000       190.33427
       11.400000       192.98610
       11.450000       195.36970
       11.500000       198.12295
       11.550000       200.90246
       11.600000       202.69449
       11.650000       202.96121
       11.700000       202.78852
       11.750000       204.98630
       11.800000       212.77018
       11.850000       227.84915
       11.900000       249.37035
       11.950000       274.65635
       12.000000       301.25363
       12.050000       328.64558
       12.100000       358.09591
       12.150000       390.56430
       12.200000       424.31068
       12.250000       454.30652
       12.300000       474.33936
       12.350000       480.63489
       12.400000       474.46925
       12.450000       461.82149
       12.500000       450.14036
       12.550000       444.36035
       12.600000       444.75476
       12.650000       447.84526
       12.700000       449.41814
       12.750000       447.40439
       12.800000       442.78491
       12.850000       438.34142
       12.900000       436.52525
       12.950000       438.05385
       13.000000       441.89146
       13.050000       446.15055
       13.100000       448.96848
       13.150000       448.89019
       13.200000       444.99440
       13.250000       437.24638
       13.300000       427.07592
       13.350000       417.60319
       13.400000       412.85493
       13.450000       416.03251
       13.500000       427.74693
       13.550000       445.42137
       13.600000       464.38075
       13.650000       480.06157
       13.700000       490.01982
       13.750000       494.66271
       13.800000       496.52023
       13.850000       498.80545
       13.900000       504.16801
       13.950000       514.11601
       14.000000       528.94325
       14.050000       547.76836
       14.100000       568.60721
       14.150000       588.72201
       14.200000       605.49568
       14.250000       617.62463
       14.300000       625.95439
       14.350000       633.31167
       14.400000       643.25638
       14.450000       658.39791
       14.500000       679.21920
       14.550000       703.99993
       14.600000       729.69388
       14.650000       753.14651
       14.700000       772.04113
       14.750000       785.37708
       14.800000       793.62196
       14.850000       798.67024
       14.900000       803.50045
       14.950000       811.30555
       15.000000       824.21710
       15.050000       842.16192
       15.100000       862.65832
       15.150000       881.89796
       15.200000       896.70837
       15.250000       906.20196
       15.300000       912.08954
       15.350000       917.43307
       15.400000       924.61400
       15.450000       933.84892
       15.500000       943.21446
       15.550000       950.00391
       15.600000       952.52878
       15.650000       951.11835
       15.700000       947.78162
       15.750000       944.90112
       15.800000       943.91840
       15.850000       944.90039
       15.900000       947.14756
       15.950000       950.36063
       16.000000       955.51245
       16.050000       964.80371
       16.100000       980.70661
       16.150000       1004.6243
       16.200000       1035.9614
       16.250000       1072.0040
       16.300000       1108.7205
       16.350000       1141.9689
       16.400000       1168.4732
       16.450000       1186.3098
       16.500000       1194.8591
       16.550000       1194.5836
       16.600000       1186.8900
       16.650000       1174.0037
       16.700000       1158.6262
       16.750000       1143.1122
       16.800000       1128.4756
       16.850000       1113.8134
       16.900000       1096.7968
       16.950000       1075.1680
       17.000000       1048.5019
       17.050000       1018.9331
       17.100000       990.27045
       17.150000       965.85559
       17.200000       946.57937
       17.250000       930.46938
       17.300000       914.19768
       17.350000       895.50063
       17.400000       874.85240
       17.450000       855.16421
       17.500000       839.84267
       17.550000       830.57921
       17.600000       826.45513
       17.650000       824.78896
       17.700000       822.95778
       17.750000       819.75495
       17.800000       815.53647
       17.850000       811.44861
       17.900000       808.66580
       17.950000       808.33615
       18.000000       811.90851
       18.050000       820.99818
       18.100000       836.32813
       18.150000       856.32511
       18.200000       876.71541
       18.250000       891.96267
       18.300000       898.11587
       18.350000       895.19696
       18.400000       887.31247
       18.450000       880.12239
       18.500000       877.16470
       18.550000       877.58216
       18.600000       876.87054
       18.650000       870.19085
       18.700000       855.93034
       18.750000       837.12536
       18.800000       819.74434
       18.850000       809.23802
       18.900000       807.58246
       18.950000       812.76720
       19.000000       820.66341
       19.050000       827.77263
       19.100000       832.93468
       19.150000       837.13194
       19.200000       841.93216
       19.250000       847.88047
       19.300000       853.89684
       19.350000       857.85701
       19.400000       857.69749
       19.450000       852.27274
       19.500000       841.64641
       19.550000       826.88576
       19.600000       809.66280
       19.650000       791.81017
       19.700000       774.84186
       19.750000       759.49984
       19.800000       745.51775
       19.850000       731.84739
       19.900000       717.33699
       19.950000       701.55446
       20.000000       685.25239
       20.050000       670.20160
       20.100000       658.49852
       20.150000       651.77712
       20.200000       650.72159
       20.250000       654.99824
       20.300000       663.43740
       20.350000       674.23568
       20.400000       685.13531
       20.450000       693.70252
       20.500000       697.82588
       20.550000       696.33276
       20.600000       689.44014
       20.650000       678.75747
       20.700000       666.77852
       20.750000       656.08780
       20.800000       648.60028
       20.850000       645.07475
       20.900000       644.97597
       20.950000       646.66519
       21.000000       647.88537
       21.050000       646.49213
       21.100000       641.25727
       21.150000       632.41968
       21.200000       621.66347
       21.250000       611.43045
       21.300000       603.88914
       21.350000       600.08885
       21.400000       599.74567
       21.450000       601.67819
       21.500000       604.49283
       21.550000       607.07111
       21.600000       608.66119
       21.650000       608.78595
       21.700000       607.27564
       21.750000       604.49685
       21.800000       601.52160
       21.850000       599.84592
       21.900000       600.62522
       21.950000       603.83573
       22.000000       608.00189
       22.050000       610.80701
       22.100000       610.29004
       22.150000       605.85752
       22.200000       598.46659
       22.250000       589.91657
       22.300000       581.84402
       22.350000       575.11201
       22.400000       569.91959
       22.450000       566.30589
       22.500000       564.45751
       22.550000       564.49483
       22.600000       565.96783
       22.650000       567.61351
       22.700000       567.73864
       22.750000       565.03632
       22.800000       559.25631
       22.850000       551.21339
       22.900000       542.15994
       22.950000       533.03770
       23.000000       524.18146
       23.050000       515.62339
       23.100000       507.63170
       23.150000       500.92055
       23.200000       496.31607
       23.250000       494.14720
       23.300000       493.89475
       23.350000       494.43221
       23.400000       494.67771
       23.450000       494.17317
       23.500000       493.17069
       23.550000       492.23333
       23.600000       491.72880
       23.650000       491.61135
       23.700000       491.60257
       23.750000       491.52354
       23.800000       491.45476
       23.850000       491.61501
       23.900000       492.11735
       23.950000       492.84799
       24.000000       493.55302
       24.050000       493.99353
       24.100000       493.98621
       24.150000       493.28594
       24.200000       491.49135
       24.250000       488.15571
       24.300000       483.10049
       24.350000       476.69849
       24.400000       469.84612
       24.450000       463.58389
       24.500000       458.59854
       24.550000       454.95411
       24.600000       452.22619
       24.650000       449.88316
       24.700000       447.60854
       24.750000       445.34234
       24.800000       443.11273
       24.850000       440.89044
       24.900000       438.63924
       24.950000       436.47878
       25.000000       434.73321
       25.050000       433.73402
       25.100000       433.50096
       25.150000       433.60377
       25.200000       433.38096
       25.250000       432.39384
       25.300000       430.73389
       25.350000       428.88186
       25.400000       427.19081
       25.450000       425.40902
       25.500000       422.66170
       25.550000       417.98515
       25.600000       411.03728
       25.650000       402.44922
       25.700000       393.54760
       25.750000       385.65213
       25.800000       379.44442
       25.850000       374.83336
       25.900000       371.30857
       25.950000       368.42807
       26.000000       366.05211
       26.050000       364.21325
       26.100000       362.84380
       26.150000       361.66351
       26.200000       360.33393
       26.250000       358.70874
       26.300000       356.91561
       26.350000       355.19053
       26.400000       353.61181
       26.450000       351.99430
       26.500000       350.04055
       26.550000       347.59983
       26.600000       344.79105
       26.650000       341.88019
       26.700000       339.03555
       26.750000       336.21067
       26.800000       333.27237
       26.850000       330.25906
       26.900000       327.50626
       26.950000       325.50129
       27.000000       324.56576
       27.050000       324.64369
       27.100000       325.37653
       27.150000       326.39401
       27.200000       327.56297
       27.250000       328.96461
       27.300000       330.64432
       27.350000       332.37672
       27.400000       333.70263
       27.450000       334.22253
       27.500000       333.91520
       27.550000       333.18309
       27.600000       332.57282
       27.650000       332.38513
       27.700000       332.48940
       27.750000       332.47038
       27.800000       331.96255
       27.850000       330.87994
       27.900000       329.37366
       27.950000       327.60138
       28.000000       325.56202
       28.050000       323.15533
       28.100000       320.39740
       28.150000       317.55423
       28.200000       315.03924
       28.250000       313.13123
       28.300000       311.76653
       28.350000       310.59282
       28.400000       309.25301
       28.450000       307.65269
       28.500000       305.98725
       28.550000       304.52121
       28.600000       303.33250
       28.650000       302.26782
       28.700000       301.13838
       28.750000       299.96028
       28.800000       298.99036
       28.850000       298.50155
       28.900000       298.48216
       28.950000       298.55387
       29.000000       298.19239
       29.050000       297.09771
       29.100000       295.40520
       29.150000       293.56597
       29.200000       292.00444
       29.250000       290.84609
       29.300000       289.92373
       29.350000       289.01747
       29.400000       288.09072
       29.450000       287.29715
       29.500000       286.78054
       29.550000       286.48346
       29.600000       286.16186
       29.650000       285.61781
       29.700000       284.92302
       29.750000       284.40459
       29.800000       284.39141
       29.850000       284.92815
       29.900000       285.72208
       29.950000       286.37845
       30.000000       286.72969
