       0.0000000       0.0000000
     0.050000000    0.0096390766
      0.10000000     0.031122646
      0.15000000     0.053212942
      0.20000000     0.079796411
      0.25000000      0.13099838
      0.30000000      0.22117639
      0.35000000      0.33825758
      0.40000000      0.45243636
      0.45000000      0.55131053
      0.50000000      0.66481856
      0.55000000      0.84689137
      0.60000000       1.1247668
      0.65000000       1.4681273
      0.70000000       1.8201618
      0.75000000       2.1718835
      0.80000000       2.6070271
      0.85000000       3.2604071
      0.90000000       4.2166687
      0.95000000       5.4524858
       1.0000000       6.9066995
       1.0500000       8.6441130
       1.1000000       10.957315
       1.1500000       14.254455
       1.2000000       18.739214
       1.2500000       24.090998
       1.3000000       29.418040
       1.3500000       33.596461
       1.4000000       35.820633
       1.4500000       36.004130
       1.5000000       34.750192
       1.5500000       32.919042
       1.6000000       31.115313
       1.6500000       29.463746
       1.7000000       27.793002
       1.7500000       26.010156
       1.8000000       24.307222
       1.8500000       23.018150
       1.9000000       22.277498
       1.9500000       21.828951
       2.0000000       21.204616
       2.0500000       20.151008
       2.1000000       18.927000
       2.1500000       18.182131
       2.2000000       18.492409
       2.2500000       19.960525
       2.3000000       22.266621
       2.3500000       25.159887
       2.4000000       28.939681
       2.4500000       34.394825
       2.5000000       42.086139
       2.5500000       51.468337
       2.6000000       60.639747
       2.6500000       67.168414
       2.7000000       69.635933
       2.7500000       68.891128
       2.8000000       68.011043
       2.8500000       70.748254
       2.9000000       79.276205
       2.9500000       92.609124
       3.0000000       106.73981
       3.0500000       116.50310
       3.1000000       118.11345
       3.1500000       110.94067
       3.2000000       97.596494
       3.2500000       82.421989
       3.3000000       69.363218
       3.3500000       60.413383
       3.4000000       55.328816
       3.4500000       52.495110
       3.5000000       50.244303
       3.5500000       47.808130
       3.6000000       45.484733
       3.6500000       44.108820
       3.7000000       44.289088
       3.7500000       45.911907
       3.8000000       48.169334
       3.8500000       50.028628
       3.9000000       50.816746
       3.9500000       50.560387
       4.0000000       49.900002
       4.0500000       49.665606
       4.1000000       50.405703
       4.1500000       52.169713
       4.2000000       54.660150
       4.2500000       57.610598
       4.3000000       61.096589
       4.3500000       65.544988
       4.4000000       71.434282
       4.4500000       78.897080
       4.5000000       87.505785
       4.5500000       96.381282
       4.6000000       104.57549
       4.6500000       111.54419
       4.7000000       117.54266
       4.7500000       123.82240
       4.8000000       132.55408
       4.8500000       146.35448
       4.9000000       167.35992
       4.9500000       196.02059
       5.0000000       230.14202
       5.0500000       264.87970
       5.1000000       294.13496
       5.1500000       313.05534
       5.2000000       320.53192
       5.2500000       320.25912
       5.3000000       319.49211
       5.3500000       325.84077
       5.4000000       343.64008
       5.4500000       371.78565
       5.5000000       404.16031
       5.5500000       432.36533
       5.6000000       449.24146
       5.6500000       451.40989
       5.7000000       439.82572
       5.7500000       418.52607
       5.8000000       392.60593
       5.8500000       366.49864
       5.9000000       343.06553
       5.9500000       323.39828
       6.0000000       306.98985
       6.0500000       292.12191
       6.1000000       276.55781
       6.1500000       258.55593
       6.2000000       237.90919
       6.2500000       216.41384
       6.3000000       197.33665
       6.3500000       183.98665
       6.4000000       178.12018
       6.4500000       179.08777
       6.5000000       184.18908
       6.5500000       189.96512
       6.6000000       193.60886
       6.6500000       193.72358
       6.7000000       190.20647
       6.7500000       183.62719
       6.8000000       174.70278
       6.8500000       164.18450
       6.9000000       153.02733
       6.9500000       142.44535
       7.0000000       133.59836
       7.0500000       127.05391
       7.1000000       122.42526
       7.1500000       118.50692
       7.2000000       113.89264
       7.2500000       107.69346
       7.3000000       99.927726
       7.3500000       91.389533
       7.4000000       83.148028
       7.4500000       76.024317
       7.5000000       70.327525
       7.5500000       65.907389
       7.6000000       62.396688
       7.6500000       59.454486
       7.7000000       56.911251
       7.7500000       54.795733
       7.8000000       53.270498
       7.8500000       52.505351
       7.9000000       52.533285
       7.9500000       53.163715
       8.0000000       54.031815
       8.0500000       54.788836
       8.1000000       55.321982
       8.1500000       55.830212
       8.2000000       56.658578
       8.2500000       57.974722
       8.3000000       59.524034
       8.3500000       60.683696
       8.4000000       60.828397
       8.4500000       59.780985
       8.5000000       58.023163
       8.5500000       56.492363
       8.6000000       56.075528
       8.6500000       57.124843
       8.7000000       59.298622
       8.7500000       61.801099
       8.8000000       63.831384
       8.8500000       64.949007
       8.9000000       65.173615
       8.9500000       64.840124
       9.0000000       64.379384
       9.0500000       64.165058
       9.1000000       64.461266
       9.1500000       65.406820
       9.2000000       66.983866
       9.2500000       68.995675
       9.3000000       71.123208
       9.3500000       73.082954
       9.4000000       74.813665
       9.4500000       76.566877
       9.5000000       78.829014
       9.5500000       82.121660
       9.6000000       86.799563
       9.6500000       92.940397
       9.7000000       100.31557
       9.7500000       108.38007
       9.8000000       116.23782
       9.8500000       122.67424
       9.9000000       126.37937
       9.9500000       126.39829
       10.000000       122.65240
       10.050000       116.22915
       10.100000       109.16204
       10.150000       103.72273
       10.200000       101.52352
       10.250000       102.89250
       10.300000       106.84880
       10.350000       111.67184
       10.400000       115.73910
       10.450000       118.20423
       10.500000       119.21834
       10.550000       119.67638
       10.600000       120.68450
       10.650000       123.02233
       10.700000       126.79478
       10.750000       131.35915
       10.800000       135.53194
       10.850000       138.00375
       10.900000       137.85140
       10.950000       134.96411
       11.000000       130.19660
       11.050000       125.13538
       11.100000       121.55106
       11.150000       120.77304
       11.200000       123.28166
       11.250000       128.70180
       11.300000       136.15454
       11.350000       144.73488
       11.400000       153.85404
       11.450000       163.30223
       11.500000       173.10257
       11.550000       183.32424
       11.600000       194.01825
       11.650000       205.29839
       11.700000       217.46649
       11.750000       231.03551
       11.800000       246.58644
       11.850000       264.51517
       11.900000       284.80668
       11.950000       306.96047
       12.000000       330.10430
       12.050000       353.21557
       12.100000       375.31375
       12.150000       395.52733
       12.200000       413.02286
       12.250000       426.91311
       12.300000       436.28670
       12.350000       440.43054
       12.400000       439.18622
       12.450000       433.22546
       12.500000       424.02969
       12.550000       413.49556
       12.600000       403.32401
       12.650000       394.52082
       12.700000       387.32196
       12.750000       381.59720
       12.800000       377.47640
       12.850000       375.74291
       12.900000       377.66153
       12.950000       384.26475
       13.000000       395.49879
       13.050000       409.80577
       13.100000       424.48666
       13.150000       436.74623
       13.200000       444.88903
       13.250000       449.02629
       13.300000       450.90466
       13.350000       452.95976
       13.400000       457.10396
       13.450000       463.86890
       13.500000       472.30805
       13.550000       480.64733
       13.600000       487.30726
       13.650000       491.78038
       13.700000       494.94369
       13.750000       498.66788
       13.800000       504.91804
       13.850000       514.74348
       13.900000       527.63198
       13.950000       541.54345
       14.000000       553.65740
       14.050000       561.51446
       14.100000       564.06384
       14.150000       562.10753
       14.200000       557.94101
       14.250000       554.35877
       14.300000       553.51215
       14.350000       556.14568
       14.400000       561.52763
       14.450000       568.03353
       14.500000       574.02062
       14.550000       578.57314
       14.600000       581.80670
       14.650000       584.69414
       14.700000       588.55517
       14.750000       594.46873
       14.800000       602.83910
       14.850000       613.24846
       14.900000       624.64165
       14.950000       635.78422
       15.000000       645.82515
       15.050000       654.73079
       15.100000       663.36166
       15.150000       673.11612
       15.200000       685.29447
       15.250000       700.52307
       15.300000       718.57473
       15.350000       738.71147
       15.400000       760.32378
       15.450000       783.40175
       15.500000       808.43164
       15.550000       835.68603
       15.600000       864.27766
       15.650000       891.66668
       15.700000       914.10073
       15.750000       927.97488
       15.800000       931.47260
       15.850000       925.65636
       15.900000       914.30891
       15.950000       902.52900
       16.000000       894.76341
       16.050000       893.26188
       16.100000       897.68817
       16.150000       905.97000
       16.200000       915.79544
       16.250000       925.85723
       16.300000       936.16012
       16.350000       947.39087
       16.400000       959.79861
       16.450000       972.42808
       16.500000       983.18282
       16.550000       989.68543
       16.600000       990.42412
       16.650000       985.57195
       16.700000       976.88364
       16.750000       966.86941
       16.800000       957.54961
       16.850000       949.52608
       16.900000       941.80440
       16.950000       932.47691
       17.000000       919.93233
       17.050000       903.92369
       17.100000       885.95619
       17.150000       868.74018
       17.200000       854.91176
       17.250000       845.73318
       17.300000       840.41526
       17.350000       836.48618
       17.400000       831.02704
       17.450000       822.07128
       17.500000       809.42645
       17.550000       794.51542
       17.600000       779.41560
       17.650000       765.77231
       17.700000       754.23899
       17.750000       744.71028
       17.800000       737.01018
       17.850000       731.43761
       17.900000       728.71408
       17.950000       729.35911
       18.000000       733.00171
       18.050000       738.17182
       18.100000       742.79861
       18.150000       745.12298
       18.200000       744.46990
       18.250000       741.44672
       18.300000       737.53520
       18.350000       734.41982
       18.400000       733.45978
       18.450000       735.49658
       18.500000       740.87523
       18.550000       749.45232
       18.600000       760.50415
       18.650000       772.65542
       18.700000       784.07898
       18.750000       793.00328
       18.800000       798.34498
       18.850000       800.06164
       18.900000       798.97683
       18.950000       796.15781
       19.000000       792.22141
       19.050000       787.03667
       19.100000       779.99367
       19.150000       770.65484
       19.200000       759.35020
       19.250000       747.29661
       19.300000       736.15734
       19.350000       727.26889
       19.400000       720.97447
       19.450000       716.41573
       19.500000       711.89577
       19.550000       705.63171
       19.600000       696.52448
       19.650000       684.60371
       19.700000       670.95456
       19.750000       657.19383
       19.800000       644.78242
       19.850000       634.52050
       19.900000       626.47246
       19.950000       620.29512
       20.000000       615.70967
       20.050000       612.77356
       20.100000       611.75864
       20.150000       612.74685
       20.200000       615.27355
       20.250000       618.32747
       20.300000       620.77331
       20.350000       621.92068
       20.400000       621.83689
       20.450000       621.15784
       20.500000       620.51610
       20.550000       619.98486
       20.600000       618.94908
       20.650000       616.50800
       20.700000       612.14024
       20.750000       606.16412
       20.800000       599.69262
       20.850000       594.09005
       20.900000       590.29891
       20.950000       588.42675
       21.000000       587.80550
       21.050000       587.42975
       21.100000       586.48874
       21.150000       584.72085
       21.200000       582.45758
       21.250000       580.41639
       21.300000       579.35757
       21.350000       579.74832
       21.400000       581.53010
       21.450000       584.07619
       21.500000       586.36837
       21.550000       587.35512
       21.600000       586.33507
       21.650000       583.18603
       21.700000       578.32325
       21.750000       572.43458
       21.800000       566.18479
       21.850000       560.07695
       21.900000       554.51866
       21.950000       549.97199
       22.000000       546.97296
       22.050000       545.94486
       22.100000       546.91149
       22.150000       549.33940
       22.200000       552.27331
       22.250000       554.71769
       22.300000       556.02129
       22.350000       556.02494
       22.400000       554.89916
       22.450000       552.83346
       22.500000       549.81796
       22.550000       545.67083
       22.600000       540.25559
       22.650000       533.68712
       22.700000       526.37485
       22.750000       518.87927
       22.800000       511.71444
       22.850000       505.23086
       22.900000       499.61732
       22.950000       494.94808
       23.000000       491.20048
       23.050000       488.21571
       23.100000       485.70365
       23.150000       483.33647
       23.200000       480.91990
       23.250000       478.52089
       23.300000       476.43653
       23.350000       475.00671
       23.400000       474.39022
       23.450000       474.45974
       23.500000       474.87536
       23.550000       475.25258
       23.600000       475.28185
       23.650000       474.72902
       23.700000       473.35737
       23.750000       470.90641
       23.800000       467.19393
       23.850000       462.28871
       23.900000       456.60492
       23.950000       450.80442
       24.000000       445.53808
       24.050000       441.18057
       24.100000       437.72091
       24.150000       434.86383
       24.200000       432.24676
       24.250000       429.62970
       24.300000       426.95080
       24.350000       424.28360
       24.400000       421.75910
       24.450000       419.52656
       24.500000       417.73673
       24.550000       416.50045
       24.600000       415.82323
       24.650000       415.55980
       24.700000       415.45589
       24.750000       415.27113
       24.800000       414.90892
       24.850000       414.43914
       24.900000       413.99278
       24.950000       413.60825
       25.000000       413.16957
       25.050000       412.49162
       25.100000       411.49389
       25.150000       410.29932
       25.200000       409.15671
       25.250000       408.22557
       25.300000       407.39212
       25.350000       406.27622
       25.400000       404.43187
       25.450000       401.61467
       25.500000       397.90731
       25.550000       393.63395
       25.600000       389.14326
       25.650000       384.63904
       25.700000       380.18055
       25.750000       375.80913
       25.800000       371.66785
       25.850000       367.98244
       25.900000       364.91865
       25.950000       362.44610
       26.000000       360.32552
       26.050000       358.25945
       26.100000       356.07521
       26.150000       353.80828
       26.200000       351.63538
       26.250000       349.71456
       26.300000       348.07656
       26.350000       346.62735
       26.400000       345.23704
       26.450000       343.81857
       26.500000       342.32911
       26.550000       340.71892
       26.600000       338.89835
       26.650000       336.78838
       26.700000       334.40181
       26.750000       331.88828
       26.800000       329.47830
       26.850000       327.35954
       26.900000       325.58251
       26.950000       324.07037
       27.000000       322.71738
       27.050000       321.49282
       27.100000       320.45155
       27.150000       319.65761
       27.200000       319.08832
       27.250000       318.61818
       27.300000       318.09645
       27.350000       317.45471
       27.400000       316.74712
       27.450000       316.09258
       27.500000       315.56097
       27.550000       315.10875
       27.600000       314.60788
       27.650000       313.92736
       27.700000       313.00208
       27.750000       311.81958
       27.800000       310.36306
       27.850000       308.57285
       27.900000       306.38385
       27.950000       303.79972
       28.000000       300.94666
       28.050000       298.03031
       28.100000       295.23653
       28.150000       292.64398
       28.200000       290.22228
       28.250000       287.90999
       28.300000       285.69611
       28.350000       283.62601
       28.400000       281.73666
       28.450000       279.98597
       28.500000       278.25029
       28.550000       276.41911
       28.600000       274.49719
       28.650000       272.64077
       28.700000       271.06863
       28.750000       269.93516
       28.800000       269.24440
       28.850000       268.87268
       28.900000       268.66889
       28.950000       268.53608
       29.000000       268.44497
       29.050000       268.37180
       29.100000       268.25399
       29.150000       268.01252
       29.200000       267.62579
       29.250000       267.19077
       29.300000       266.89478
       29.350000       266.91381
       29.400000       267.31114
       29.450000       268.02349
       29.500000       268.93304
       29.550000       269.96992
       29.600000       271.14363
       29.650000       272.49369
       29.700000       274.00400
       29.750000       275.56992
       29.800000       277.05609
       29.850000       278.39407
       29.900000       279.63547
       29.950000       280.90650
       30.000000       282.31035
