       0.0000000       0.0000000
     0.050000000    -0.012735749
      0.10000000    -0.024150718
      0.15000000     0.010903377
      0.20000000     0.091192655
      0.25000000      0.15341702
      0.30000000      0.13451523
      0.35000000     0.052606649
      0.40000000     0.014087601
      0.45000000      0.12022969
      0.50000000      0.35409382
      0.55000000      0.56803177
      0.60000000      0.60937301
      0.65000000      0.48260846
      0.70000000      0.38595866
      0.75000000      0.55657013
      0.80000000       1.0426648
      0.85000000       1.6225730
      0.90000000       1.9899856
      0.95000000       2.0818446
       1.0000000       2.2516941
       1.0500000       3.0716422
       1.1000000       4.8535648
       1.1500000       7.2667974
       1.2000000       9.4210492
       1.2500000       10.435119
       1.3000000       10.085168
       1.3500000       8.9978949
       1.4000000       8.1811075
       1.4500000       8.2413403
       1.5000000       8.9495396
       1.5500000       9.5780308
       1.6000000       9.7785467
       1.6500000       10.243143
       1.7000000       12.467277
       1.7500000       17.632405
       1.8000000       25.406920
       1.8500000       33.659810
       1.9000000       39.461585
       1.9500000       40.756879
       2.0000000       37.529989
       2.0500000       31.639042
       2.1000000       25.510211
       2.1500000       20.732897
       2.2000000       17.584965
       2.2500000       15.652669
       2.3000000       14.764571
       2.3500000       15.268359
       2.4000000       17.425994
       2.4500000       20.695326
       2.5000000       23.933142
       2.5500000       26.731405
       2.6000000       30.836505
       2.6500000       40.075419
       2.7000000       58.113333
       2.7500000       85.157814
       2.8000000       115.99719
       2.8500000       141.28023
       2.9000000       151.85575
       2.9500000       143.69171
       3.0000000       120.21735
       3.0500000       90.481445
       3.1000000       64.286175
       3.1500000       47.439631
       3.2000000       39.998590
       3.2500000       38.146130
       3.3000000       37.839088
       3.3500000       37.429754
       3.4000000       37.665286
       3.4500000       39.680472
       3.5000000       43.047386
       3.5500000       45.589319
       3.6000000       44.991344
       3.6500000       40.721125
       3.7000000       34.628567
       3.7500000       29.796469
       3.8000000       28.647063
       3.8500000       31.772002
       3.9000000       38.172477
       3.9500000       46.367740
       4.0000000       55.244201
       4.0500000       63.993420
       4.1000000       71.488917
       4.1500000       76.018744
       4.2000000       75.934879
       4.2500000       70.861719
       4.3000000       62.500265
       4.3500000       54.258710
       4.4000000       49.807087
       4.4500000       51.392496
       4.5000000       58.866079
       4.5500000       69.851442
       4.6000000       80.839165
       4.6500000       88.654776
       4.7000000       91.762837
       4.7500000       90.974125
       4.8000000       89.188441
       4.8500000       90.035307
       4.9000000       95.861679
       4.9500000       106.22762
       5.0000000       118.28679
       5.0500000       129.46205
       5.1000000       141.02757
       5.1500000       159.82786
       5.2000000       195.81088
       5.2500000       255.65195
       5.3000000       335.96835
       5.3500000       420.98973
       5.4000000       487.54157
       5.4500000       515.56254
       5.5000000       498.32399
       5.5500000       445.86853
       5.6000000       379.23882
       5.6500000       318.94083
       5.7000000       274.99007
       5.7500000       244.82915
       5.8000000       219.93616
       5.8500000       195.89849
       5.9000000       178.37823
       5.9500000       180.41499
       6.0000000       212.76520
       6.0500000       274.01681
       6.1000000       347.51773
       6.1500000       407.65901
       6.2000000       431.89608
       6.2500000       411.35373
       6.3000000       354.05804
       6.3500000       279.55926
       6.4000000       208.87042
       6.4500000       155.59919
       6.5000000       122.57661
       6.5500000       104.40277
       6.6000000       93.052675
       6.6500000       82.779593
       6.7000000       71.989186
       6.7500000       62.129734
       6.8000000       55.278403
       6.8500000       52.280121
       6.9000000       52.335093
       6.9500000       53.773657
       7.0000000       55.138667
       7.0500000       55.808926
       7.1000000       55.933724
       7.1500000       55.959836
       7.2000000       56.214167
       7.2500000       56.829582
       7.3000000       57.954175
       7.3500000       59.930487
       7.4000000       63.156190
       7.4500000       67.636150
       7.5000000       72.573813
       7.5500000       76.442236
       7.6000000       77.683552
       7.6500000       75.664199
       7.7000000       71.215192
       7.7500000       66.256897
       7.8000000       62.652767
       7.8500000       61.047019
       7.9000000       60.529939
       7.9500000       59.407578
       8.0000000       56.516035
       8.0500000       52.093436
       8.1000000       47.557783
       8.1500000       44.395972
       8.2000000       43.062486
       8.2500000       42.749228
       8.3000000       42.156146
       8.3500000       40.575266
       8.4000000       38.382242
       8.4500000       36.570051
       8.5000000       35.791444
       8.5500000       35.777321
       8.6000000       35.639315
       8.6500000       34.775496
       8.7000000       33.565967
       8.7500000       33.226549
       8.8000000       34.913868
       8.8500000       38.810127
       8.9000000       43.926049
       8.9500000       48.757471
       9.0000000       52.246992
       9.0500000       54.305193
       9.1000000       55.568615
       9.1500000       56.708702
       9.2000000       57.919768
       9.2500000       58.975120
       9.3000000       59.711726
       9.3500000       60.456271
       9.4000000       62.003901
       9.4500000       65.164688
       9.5000000       70.226644
       9.5500000       76.698261
       9.6000000       83.451890
       9.6500000       89.130228
       9.7000000       92.612907
       9.7500000       93.401686
       9.8000000       91.848531
       9.8500000       89.126532
       9.9000000       86.858651
       9.9500000       86.473061
       10.000000       88.566203
       10.050000       92.680812
       10.100000       97.653277
       10.150000       102.29240
       10.200000       105.85634
       10.250000       107.98252
       10.300000       108.25417
       10.350000       105.99361
       10.400000       100.73522
       10.450000       93.152089
       10.500000       85.595815
       10.550000       81.467156
       10.600000       83.483318
       10.650000       91.909522
       10.700000       104.10177
       10.750000       115.89584
       10.800000       123.99441
       10.850000       127.69288
       10.900000       128.72745
       10.950000       129.45001
       11.000000       130.83460
       11.050000       131.89435
       11.100000       130.90251
       11.150000       127.29990
       11.200000       122.65277
       11.250000       119.82887
       11.300000       121.05940
       11.350000       126.45189
       11.400000       134.06597
       11.450000       141.34839
       11.500000       146.68072
       11.550000       149.88929
       11.600000       151.63771
       11.650000       152.62062
       11.700000       153.48755
       11.750000       155.48081
       11.800000       160.84885
       11.850000       172.12094
       11.900000       190.40712
       11.950000       214.01048
       12.000000       238.74365
       12.050000       260.12070
       12.100000       276.04080
       12.150000       287.99779
       12.200000       299.82637
       12.250000       314.82484
       12.300000       333.31371
       12.350000       352.32980
       12.400000       367.54047
       12.450000       375.87316
       12.500000       377.04285
       12.550000       373.19243
       12.600000       367.31583
       12.650000       361.77729
       12.700000       357.79004
       12.750000       355.69873
       12.800000       355.35335
       12.850000       356.16265
       12.900000       357.04403
       12.950000       356.76341
       13.000000       354.71125
       13.050000       351.51684
       13.100000       348.81891
       13.150000       348.16071
       13.200000       349.82505
       13.250000       352.62579
       13.300000       354.89272
       13.350000       355.83447
       13.400000       356.04996
       13.450000       356.69243
       13.500000       358.02310
       13.550000       358.75191
       13.600000       356.93683
       13.650000       351.84209
       13.700000       345.21399
       13.750000       340.80014
       13.800000       342.35435
       13.850000       351.58928
       13.900000       367.52474
       13.950000       387.44489
       14.000000       408.38912
       14.050000       427.90462
       14.100000       443.80130
       14.150000       453.86199
       14.200000       456.55882
       14.250000       452.68023
       14.300000       446.40556
       14.350000       444.26083
       14.400000       451.89910
       14.450000       470.65579
       14.500000       496.48035
       14.550000       522.35613
       14.600000       542.69704
       14.650000       556.54777
       14.700000       567.24142
       14.750000       578.89694
       14.800000       592.63169
       14.850000       605.56922
       14.900000       613.41237
       14.950000       614.44486
       15.000000       611.67522
       15.050000       611.37118
       15.100000       619.14738
       15.150000       636.63962
       15.200000       661.14778
       15.250000       688.12740
       15.300000       714.20807
       15.350000       738.30938
       15.400000       760.34500
       15.450000       779.17230
       15.500000       791.97957
       15.550000       795.81535
       15.600000       789.92741
       15.650000       776.78280
       15.700000       760.77380
       15.750000       745.64690
       15.800000       732.75401
       15.850000       721.48156
       15.900000       711.29794
       15.950000       703.52467
       16.000000       701.25847
       16.050000       707.48740
       16.100000       722.93224
       16.150000       745.24298
       16.200000       769.99079
       16.250000       792.50313
       16.300000       809.30315
       16.350000       818.55417
       16.400000       820.01911
       16.450000       815.04584
       16.500000       806.67364
       16.550000       799.10525
       16.600000       796.11537
       16.650000       799.02476
       16.700000       805.63384
       16.750000       811.22579
       16.800000       811.32494
       16.850000       804.38915
       16.900000       792.56387
       16.950000       780.01416
       17.000000       770.20958
       17.050000       764.29968
       17.100000       761.62993
       17.150000       761.57871
       17.200000       764.79141
       17.250000       772.56542
       17.300000       784.93621
       17.350000       799.33831
       17.400000       811.32385
       17.450000       817.01605
       17.500000       815.41244
       17.550000       808.66836
       17.600000       800.18238
       17.650000       792.13287
       17.700000       784.53046
       17.750000       776.41217
       17.800000       767.85594
       17.850000       760.75184
       17.900000       757.39426
       17.950000       758.07551
       18.000000       759.83314
       18.050000       757.79159
       18.100000       748.31995
       18.150000       731.61982
       18.200000       711.74174
       18.250000       693.99705
       18.300000       681.73382
       18.350000       674.81925
       18.400000       670.65016
       18.450000       666.48985
       18.500000       661.08376
       18.550000       654.41249
       18.600000       646.26420
       18.650000       635.27383
       18.700000       619.56008
       18.750000       598.46000
       18.800000       573.81317
       18.850000       549.53002
       18.900000       529.64463
       18.950000       516.31306
       19.000000       509.19799
       19.050000       506.50957
       19.100000       506.63726
       19.150000       509.01212
       19.200000       513.70989
       19.250000       520.44592
       19.300000       528.08529
       19.350000       535.13963
       19.400000       540.73927
       19.450000       545.10775
       19.500000       549.09647
       19.550000       553.22128
       19.600000       557.13243
       19.650000       560.01915
       19.700000       561.56275
       19.750000       562.53414
       19.800000       564.44654
       19.850000       568.50586
       19.900000       574.70590
       19.950000       581.75438
       20.000000       587.81428
       20.050000       591.42139
       20.100000       591.97130
       20.150000       589.66010
       20.200000       585.24880
       20.250000       579.97369
       20.300000       575.50642
       20.350000       573.61524
       20.400000       575.37837
       20.450000       580.39298
       20.500000       586.69472
       20.550000       591.73165
       20.600000       593.87345
       20.650000       593.40258
       20.700000       592.16265
       20.750000       592.06020
       20.800000       593.51307
       20.850000       595.01863
       20.900000       594.15225
       20.950000       589.21117
       21.000000       580.28578
       21.050000       569.05101
       21.100000       557.61501
       21.150000       547.37651
       21.200000       538.63368
       21.250000       530.95554
       21.300000       523.72851
       21.350000       516.37343
       21.400000       508.26977
       21.450000       498.80509
       21.500000       487.81618
       21.550000       476.11859
       21.600000       465.51019
       21.650000       457.95315
       21.700000       454.36287
       21.750000       453.90736
       21.800000       454.44921
       21.850000       453.87187
       21.900000       451.32834
       21.950000       447.48744
       22.000000       443.68166
       22.050000       440.73421
       22.100000       438.43765
       22.150000       436.02035
       22.200000       433.06412
       22.250000       429.99520
       22.300000       427.72498
       22.350000       426.82677
       22.400000       427.03165
       22.450000       427.47545
       22.500000       427.41838
       22.550000       426.72688
       22.600000       425.69476
       22.650000       424.47495
       22.700000       422.74988
       22.750000       420.04024
       22.800000       416.34276
       22.850000       412.39905
       22.900000       409.21342
       22.950000       407.17553
       23.000000       405.62168
       23.050000       403.36865
       23.100000       399.85154
       23.150000       395.88844
       23.200000       393.27759
       23.250000       393.43858
       23.300000       396.16065
       23.350000       399.54019
       23.400000       401.24112
       23.450000       400.11387
       23.500000       396.90446
       23.550000       393.54687
       23.600000       391.68460
       23.650000       391.66191
       23.700000       392.70610
       23.750000       393.97055
       23.800000       395.37476
       23.850000       397.48473
       23.900000       400.62097
       23.950000       404.13990
       24.000000       406.64209
       24.050000       406.98601
       24.100000       405.17824
       24.150000       402.30360
       24.200000       399.51897
       24.250000       397.01898
       24.300000       393.92116
       24.350000       389.19156
       24.400000       382.78225
       24.450000       375.91707
       24.500000       370.23218
       24.550000       366.49738
       24.600000       364.03873
       24.650000       361.36825
       24.700000       357.46734
       24.750000       352.60164
       24.800000       347.98948
       24.850000       344.67324
       24.900000       342.63132
       24.950000       340.91027
       25.000000       338.58699
       25.050000       335.64650
       25.100000       332.93942
       25.150000       331.29667
       25.200000       330.64908
       25.250000       330.00039
       25.300000       328.28190
       25.350000       325.29969
       25.400000       321.87149
       25.450000       319.02942
       25.500000       317.02738
       25.550000       315.09741
       25.600000       312.19936
       25.650000       308.07125
       25.700000       303.58275
       25.750000       300.01808
       25.800000       297.92311
       25.850000       296.57269
       25.900000       294.59626
       25.950000       291.23282
       26.000000       287.10763
       26.050000       283.80456
       26.100000       282.58475
       26.150000       283.36222
       26.200000       284.83778
       26.250000       285.65001
       26.300000       285.51610
       26.350000       285.35072
       26.400000       286.28150
       26.450000       288.47013
       26.500000       290.80694
       26.550000       291.75345
       26.600000       290.57132
       26.650000       287.84742
       26.700000       284.87583
       26.750000       282.49438
       26.800000       280.43709
       26.850000       277.76624
       26.900000       273.92973
       26.950000       269.44416
       27.000000       265.55350
       27.050000       263.18889
       27.100000       262.19628
       27.150000       261.54796
       27.200000       260.33913
       27.250000       258.62722
       27.300000       257.35070
       27.350000       257.38582
       27.400000       258.64588
       27.450000       260.06911
       27.500000       260.52828
       27.550000       259.83642
       27.600000       258.91479
       27.650000       258.93858
       27.700000       260.23924
       27.750000       261.94420
       27.800000       262.69204
       27.850000       261.77919
       27.900000       259.71422
       27.950000       257.69791
       28.000000       256.53993
       28.050000       256.00576
       28.100000       255.19134
       28.150000       253.53102
       28.200000       251.47227
       28.250000       250.14636
       28.300000       250.31063
       28.350000       251.55276
       28.400000       252.50731
       28.450000       251.96071
       28.500000       249.85988
       28.550000       247.33830
       28.600000       245.71823
       28.650000       245.37907
       28.700000       245.48042
       28.750000       244.75709
       28.800000       242.65078
       28.850000       239.74797
       28.900000       237.17115
       28.950000       235.51924
       29.000000       234.34956
       29.050000       232.68156
       29.100000       230.02278
       29.150000       226.93959
       29.200000       224.61851
       29.250000       223.80153
       29.300000       224.08178
       29.350000       224.22081
       29.400000       223.21431
       29.450000       221.13909
       29.500000       219.01192
       29.550000       217.79760
       29.600000       217.48039
       29.650000       217.07172
       29.700000       215.54275
       29.750000       212.83824
       29.800000       210.02616
       29.850000       208.42658
       29.900000       208.50085
       29.950000       209.49711
       30.000000       210.17543
