       0.0000000       0.0000000
     0.050000000     0.010974955
      0.10000000     0.045343894
      0.15000000      0.10469690
      0.20000000      0.19339396
      0.25000000      0.32062581
      0.30000000      0.49468846
      0.35000000      0.73145279
      0.40000000       1.0598042
      0.45000000       1.5121155
      0.50000000       2.1407485
      0.55000000       3.0300907
      0.60000000       4.2673157
      0.65000000       5.9217029
      0.70000000       7.9374841
      0.75000000       9.8859114
      0.80000000       11.018691
      0.85000000       10.880640
      0.90000000       9.7538443
      0.95000000       8.2967430
       1.0000000       6.9528922
       1.0500000       5.8545930
       1.1000000       5.0112083
       1.1500000       4.3851035
       1.2000000       3.9177095
       1.2500000       3.5737758
       1.3000000       3.3304507
       1.3500000       3.1594930
       1.4000000       3.0466480
       1.4500000       2.9871575
       1.5000000       2.9687381
       1.5500000       2.9844227
       1.6000000       3.0359905
       1.6500000       3.1193338
       1.7000000       3.2303294
       1.7500000       3.3729436
       1.8000000       3.5483656
       1.8500000       3.7544839
       1.9000000       3.9960959
       1.9500000       4.2796396
       2.0000000       4.6071938
       2.0500000       4.9853654
       2.1000000       5.4271174
       2.1500000       5.9426534
       2.2000000       6.5446784
       2.2500000       7.2590288
       2.3000000       8.1157922
       2.3500000       9.1476661
       2.4000000       10.410631
       2.4500000       11.980003
       2.5000000       13.929566
       2.5500000       16.332973
       2.6000000       19.212088
       2.6500000       22.465269
       2.7000000       26.010510
       2.7500000       30.064534
       2.8000000       35.161324
       2.8500000       41.876581
       2.9000000       50.346078
       2.9500000       59.532293
       3.0000000       67.107077
       3.0500000       70.989251
       3.1000000       71.158147
       3.1500000       69.415545
       3.2000000       67.796389
       3.2500000       67.840154
       3.3000000       70.688376
       3.3500000       77.028274
       3.4000000       86.728905
       3.4500000       97.937001
       3.5000000       106.75468
       3.5500000       109.82658
       3.6000000       107.76536
       3.6500000       104.11785
       3.7000000       100.89658
       3.7500000       97.110791
       3.8000000       91.441469
       3.8500000       84.474317
       3.9000000       78.174210
       3.9500000       74.141378
       4.0000000       72.718819
       4.0500000       73.570107
       4.1000000       76.308839
       4.1500000       80.266256
       4.2000000       84.789697
       4.2500000       90.215853
       4.3000000       97.750021
       4.3500000       108.70777
       4.4000000       124.52506
       4.4500000       146.82655
       4.5000000       177.46142
       4.5500000       219.04864
       4.6000000       274.52914
       4.6500000       345.00812
       4.7000000       426.11823
       4.7500000       502.79928
       4.8000000       549.76558
       4.8500000       547.27006
       4.9000000       499.94558
       4.9500000       433.34103
       5.0000000       371.13382
       5.0500000       321.78837
       5.1000000       283.79502
       5.1500000       253.78118
       5.2000000       229.31536
       5.2500000       209.92920
       5.3000000       196.38189
       5.3500000       187.81565
       5.4000000       181.24171
       5.4500000       174.57576
       5.5000000       168.90630
       5.5500000       167.29476
       5.6000000       172.21698
       5.6500000       184.39705
       5.7000000       202.40293
       5.7500000       222.26358
       5.8000000       239.75962
       5.8500000       254.46518
       5.9000000       268.82760
       5.9500000       283.08669
       6.0000000       294.72704
       6.0500000       301.72348
       6.1000000       302.29078
       6.1500000       294.15769
       6.2000000       278.09850
       6.2500000       259.17007
       6.3000000       242.03256
       6.3500000       228.12139
       6.4000000       217.59820
       6.4500000       210.05250
       6.5000000       203.07961
       6.5500000       193.29899
       6.6000000       179.41177
       6.6500000       163.20323
       6.7000000       147.61172
       6.7500000       134.22395
       6.8000000       122.68500
       6.8500000       112.13035
       6.9000000       102.47039
       6.9500000       94.144658
       7.0000000       87.379467
       7.0500000       82.121477
       7.1000000       78.425752
       7.1500000       76.565450
       7.2000000       76.678101
       7.2500000       78.288295
       7.3000000       80.177245
       7.3500000       80.924424
       7.4000000       79.982236
       7.4500000       78.133971
       7.5000000       76.497325
       7.5500000       75.348091
       7.6000000       74.334375
       7.6500000       73.308220
       7.7000000       72.481574
       7.7500000       72.215476
       7.8000000       72.921898
       7.8500000       74.894486
       7.9000000       78.101409
       7.9500000       82.051999
       8.0000000       85.850094
       8.0500000       88.729454
       8.1000000       90.663589
       8.1500000       92.178400
       8.2000000       93.645977
       8.2500000       94.971524
       8.3000000       95.859856
       8.3500000       96.314779
       8.4000000       96.717565
       8.4500000       97.171719
       8.5000000       97.178854
       8.5500000       96.410197
       8.6000000       95.366371
       8.6500000       94.890008
       8.7000000       95.437788
       8.7500000       97.004187
       8.8000000       99.505237
       8.8500000       103.06973
       8.9000000       107.79541
       8.9500000       113.26063
       9.0000000       118.55103
       9.0500000       122.59814
       9.1000000       124.37718
       9.1500000       123.46961
       9.2000000       120.69328
       9.2500000       117.58364
       9.3000000       115.20647
       9.3500000       113.80570
       9.4000000       113.14648
       9.4500000       112.83227
       9.5000000       112.65299
       9.5500000       112.76056
       9.6000000       113.39311
       9.6500000       114.58193
       9.7000000       116.12652
       9.7500000       117.71879
       9.8000000       119.25866
       9.8500000       121.07634
       9.9000000       123.65682
       9.9500000       127.26712
       10.000000       131.89222
       10.050000       137.24135
       10.100000       142.79120
       10.150000       148.05570
       10.200000       152.87069
       10.250000       157.39833
       10.300000       161.85426
       10.350000       166.16787
       10.400000       170.03182
       10.450000       173.41831
       10.500000       176.83956
       10.550000       180.85023
       10.600000       185.45543
       10.650000       190.18467
       10.700000       194.69219
       10.750000       199.15653
       10.800000       204.15761
       10.850000       210.29251
       10.900000       217.72223
       10.950000       225.91772
       11.000000       234.27236
       11.050000       243.02872
       11.100000       252.72208
       11.150000       262.55081
       11.200000       270.40604
       11.250000       274.74379
       11.300000       275.65956
       11.350000       274.35194
       11.400000       272.35539
       11.450000       271.10192
       11.500000       271.61524
       11.550000       274.48366
       11.600000       279.95963
       11.650000       287.91803
       11.700000       297.89201
       11.750000       309.19739
       11.800000       320.80754
       11.850000       331.15910
       11.900000       338.48382
       11.950000       341.74299
       12.000000       341.34309
       12.050000       338.86908
       12.100000       336.16347
       12.150000       334.55840
       12.200000       334.42339
       12.250000       335.10903
       12.300000       335.55796
       12.350000       335.10245
       12.400000       333.76227
       12.450000       332.20586
       12.500000       331.46497
       12.550000       332.20586
       12.600000       334.31583
       12.650000       337.38621
       12.700000       341.23406
       12.750000       345.88646
       12.800000       351.52781
       12.850000       358.36080
       12.900000       366.22810
       12.950000       374.67786
       13.000000       383.51033
       13.050000       392.87843
       13.100000       402.89119
       13.150000       413.44068
       13.200000       424.27007
       13.250000       434.90627
       13.300000       444.48438
       13.350000       451.70446
       13.400000       455.25120
       13.450000       454.71374
       13.500000       451.12089
       13.550000       446.30385
       13.600000       441.75609
       13.650000       438.29971
       13.700000       436.44988
       13.750000       436.43085
       13.800000       437.88445
       13.850000       440.10565
       13.900000       442.66857
       13.950000       445.62480
       14.000000       449.27728
       14.050000       453.94541
       14.100000       459.79091
       14.150000       466.72817
       14.200000       474.47437
       14.250000       482.61937
       14.300000       490.81266
       14.350000       499.03997
       14.400000       507.58816
       14.450000       516.83772
       14.500000       527.44355
       14.550000       540.46303
       14.600000       556.90742
       14.650000       577.33101
       14.700000       601.88198
       14.750000       630.21385
       14.800000       661.15547
       14.850000       692.82261
       14.900000       723.17408
       14.950000       750.41565
       15.000000       773.10508
       15.050000       790.26657
       15.100000       801.65025
       15.150000       807.80710
       15.200000       809.75463
       15.250000       808.67641
       15.300000       805.90239
       15.350000       802.79835
       15.400000       800.58264
       15.450000       800.38507
       15.500000       803.14153
       15.550000       809.16485
       15.600000       818.01158
       15.650000       828.75243
       15.700000       840.11525
       15.750000       850.63913
       15.800000       859.06511
       15.850000       864.62085
       15.900000       867.21084
       15.950000       867.68647
       16.000000       867.73038
       16.050000       868.98787
       16.100000       872.08935
       16.150000       876.19258
       16.200000       879.48724
       16.250000       880.33277
       16.300000       878.26084
       16.350000       873.91760
       16.400000       868.35894
       16.450000       862.48161
       16.500000       857.07478
       16.550000       853.08387
       16.600000       851.40819
       16.650000       852.29433
       16.700000       855.12323
       16.750000       858.76876
       16.800000       862.09598
       16.850000       864.28571
       16.900000       865.00574
       16.950000       864.30657
       17.000000       862.38282
       17.050000       859.42806
       17.100000       855.41263
       17.150000       850.09618
       17.200000       843.35795
       17.250000       835.45077
       17.300000       826.98893
       17.350000       818.81650
       17.400000       811.73874
       17.450000       806.24265
       17.500000       802.45260
       17.550000       800.20506
       17.600000       799.15465
       17.650000       799.07013
       17.700000       799.99066
       17.750000       801.82184
       17.800000       803.86815
       17.850000       805.00637
       17.900000       804.33683
       17.950000       801.66634
       18.000000       797.44750
       18.050000       792.24117
       18.100000       786.25993
       18.150000       779.32303
       18.200000       771.11657
       18.250000       761.67310
       18.300000       751.74376
       18.350000       742.54030
       18.400000       735.04656
       18.450000       729.61631
       18.500000       725.99713
       18.550000       723.46897
       18.600000       721.00630
       18.650000       717.51297
       18.700000       712.17273
       18.750000       704.73972
       18.800000       695.47041
       18.850000       684.87481
       18.900000       673.68907
       18.950000       662.81030
       19.000000       652.91608
       19.050000       644.25996
       19.100000       636.89610
       19.150000       630.85522
       19.200000       626.13733
       19.250000       622.69266
       19.300000       620.33756
       19.350000       618.64358
       19.400000       617.03009
       19.450000       614.98159
       19.500000       612.25842
       19.550000       609.02669
       19.600000       605.72764
       19.650000       602.78824
       19.700000       600.50448
       19.750000       599.02929
       19.800000       598.37914
       19.850000       598.60086
       19.900000       599.91214
       19.950000       602.50652
       20.000000       606.25303
       20.050000       610.61237
       20.100000       614.77268
       20.150000       617.97770
       20.200000       619.85717
       20.250000       620.43524
       20.300000       619.89522
       20.350000       618.38271
       20.400000       616.00456
       20.450000       613.00991
       20.500000       609.90917
       20.550000       607.19771
       20.600000       604.95675
       20.650000       602.80471
       20.700000       600.17373
       20.750000       596.64126
       20.800000       592.18167
       20.850000       587.14438
       20.900000       582.05476
       20.950000       577.51944
       21.000000       574.14063
       21.050000       572.32006
       21.100000       572.15212
       21.150000       573.44438
       21.200000       575.72704
       21.250000       578.36460
       21.300000       580.79397
       21.350000       582.61747
       21.400000       583.58995
       21.450000       583.56580
       21.500000       582.37307
       21.550000       579.78710
       21.600000       575.70911
       21.650000       570.27228
       21.700000       563.79126
       21.750000       556.73400
       21.800000       549.62771
       21.850000       542.89717
       21.900000       536.82738
       21.950000       531.60313
       22.000000       527.29098
       22.050000       523.84632
       22.100000       521.11656
       22.150000       518.80390
       22.200000       516.57795
       22.250000       514.21918
       22.300000       511.60578
       22.350000       508.69199
       22.400000       505.54953
       22.450000       502.33280
       22.500000       499.25876
       22.550000       496.60035
       22.600000       494.50611
       22.650000       492.85238
       22.700000       491.35378
       22.750000       489.75017
       22.800000       487.90180
       22.850000       485.82219
       22.900000       483.57612
       22.950000       481.15662
       23.000000       478.50772
       23.050000       475.54966
       23.100000       472.13353
       23.150000       468.10201
       23.200000       463.39802
       23.250000       458.07132
       23.300000       452.31436
       23.350000       446.46227
       23.400000       440.83446
       23.450000       435.62484
       23.500000       430.94427
       23.550000       426.86043
       23.600000       423.44174
       23.650000       420.79686
       23.700000       418.97739
       23.750000       417.86881
       23.800000       417.23475
       23.850000       416.76937
       23.900000       416.14702
       23.950000       415.16027
       24.000000       413.78863
       24.050000       412.13489
       24.100000       410.38969
       24.150000       408.73413
       24.200000       407.19089
       24.250000       405.62936
       24.300000       403.87575
       24.350000       401.78846
       24.400000       399.36201
       24.450000       396.76946
       24.500000       394.22337
       24.550000       391.86753
       24.600000       389.76963
       24.650000       387.89345
       24.700000       386.12520
       24.750000       384.37708
       24.800000       382.57736
       24.850000       380.64484
       24.900000       378.54804
       24.950000       376.31001
       25.000000       373.96844
       25.050000       371.62029
       25.100000       369.39214
       25.150000       367.34547
       25.200000       365.48172
       25.250000       363.76287
       25.300000       362.07365
       25.350000       360.27649
       25.400000       358.29128
       25.450000       356.08289
       25.500000       353.69413
       25.550000       351.28561
       25.600000       349.04977
       25.650000       347.14213
       25.700000       345.68853
       25.750000       344.71824
       25.800000       344.15517
       25.850000       343.91333
       25.900000       343.90820
       25.950000       344.04577
       26.000000       344.25468
       26.050000       344.44713
       26.100000       344.45847
       26.150000       344.12297
       26.200000       343.32830
       26.250000       342.00861
       26.300000       340.19023
       26.350000       337.99062
       26.400000       335.51625
       26.450000       332.85235
       26.500000       330.09040
       26.550000       327.29698
       26.600000       324.53942
       26.650000       321.92820
       26.700000       319.54712
       26.750000       317.43056
       26.800000       315.60743
       26.850000       314.07444
       26.900000       312.79243
       26.950000       311.76178
       27.000000       310.99528
       27.050000       310.46769
       27.100000       310.14866
       27.150000       309.98584
       27.200000       309.86291
       27.250000       309.65949
       27.300000       309.26691
       27.350000       308.56005
       27.400000       307.46902
       27.450000       306.01433
       27.500000       304.23766
       27.550000       302.20086
       27.600000       299.99430
       27.650000       297.67432
       27.700000       295.27934
       27.750000       292.88325
       27.800000       290.55120
       27.850000       288.34025
       27.900000       286.34113
       27.950000       284.62960
       28.000000       283.22978
       28.050000       282.15266
       28.100000       281.36713
       28.150000       280.77077
       28.200000       280.26001
       28.250000       279.73572
       28.300000       279.07569
       28.350000       278.19870
       28.400000       277.06889
       28.450000       275.65042
       28.500000       273.93814
       28.550000       271.98147
       28.600000       269.83565
       28.650000       267.58774
       28.700000       265.37679
       28.750000       263.31182
       28.800000       261.46747
       28.850000       259.92496
       28.900000       258.72308
       28.950000       257.85524
       29.000000       257.31228
       29.050000       257.03642
       29.100000       256.90690
       29.150000       256.80994
       29.200000       256.63030
       29.250000       256.25016
       29.300000       255.62636
       29.350000       254.78888
       29.400000       253.78676
       29.450000       252.71659
       29.500000       251.68960
       29.550000       250.76248
       29.600000       249.97330
       29.650000       249.36266
       29.700000       248.92728
       29.750000       248.65983
       29.800000       248.58007
       29.850000       248.68580
       29.900000       248.96313
       29.950000       249.42852
       30.000000       250.07757
