# Gao et al. 2020 silicates
# Power-law with exponential cutoff distribution
# with acut=0.04 [micron], amin=0.005 [micron], amax=5 [micron], alpha=0.5, s=3.3 [g/cm3]
# w [Angstrom] C_abs [cm^2] C_sca [cm^2] g
  1.000000e+01   1.193070e-12   1.963032e-12   6.108096e-04
  1.059000e+01   1.355593e-12   2.150953e-12   6.108095e-04
  1.122000e+01   1.529563e-12   2.250138e-12   6.108087e-04
  1.189000e+01   1.717756e-12   2.380346e-12   6.108085e-04
  1.259000e+01   1.910256e-12   2.423218e-12   6.108073e-04
  1.334000e+01   2.112861e-12   2.506281e-12   6.108071e-04
  1.413000e+01   2.323232e-12   2.478116e-12   6.108054e-04
  1.496000e+01   2.371371e-12   2.423027e-12   6.108050e-04
  1.585000e+01   2.597466e-12   2.419918e-12   6.108026e-04
  1.679000e+01   1.853252e-12   1.926583e-12   6.108021e-04
  1.778000e+01   2.052073e-12   2.739073e-12   6.107987e-04
  1.884000e+01   2.257011e-12   3.000259e-12   6.107979e-04
  1.995000e+01   2.464745e-12   3.168388e-12   6.107932e-04
  2.113000e+01   2.672197e-12   3.151563e-12   6.107921e-04
  2.239000e+01   2.872909e-12   2.976804e-12   6.107856e-04
  2.371000e+01   1.539446e-12   2.872611e-12   6.107840e-04
  2.512000e+01   1.712565e-12   4.310842e-12   6.107752e-04
  2.661000e+01   1.897570e-12   4.879877e-12   6.107729e-04
  2.818000e+01   2.100331e-12   5.286479e-12   6.107604e-04
  2.985000e+01   2.305150e-12   5.622536e-12   6.107570e-04
  3.162000e+01   2.507212e-12   5.885648e-12   6.107419e-04
  3.350000e+01   2.717145e-12   6.114531e-12   6.107372e-04
  3.548000e+01   2.930306e-12   6.296929e-12   6.107170e-04
  3.758000e+01   3.143158e-12   6.438875e-12   6.106887e-04
  3.981000e+01   3.353500e-12   6.539433e-12   6.106841e-04
  4.217000e+01   3.559438e-12   6.602665e-12   6.106481e-04
  4.467000e+01   3.759516e-12   6.635816e-12   6.106017e-04
  4.732000e+01   3.952373e-12   6.639439e-12   6.105964e-04
  5.012000e+01   4.135791e-12   6.618160e-12   6.105392e-04
  5.309000e+01   4.308576e-12   6.577057e-12   6.104356e-04
  5.623000e+01   4.472021e-12   6.515639e-12   6.102500e-04
  5.957000e+01   4.625434e-12   6.436152e-12   6.100422e-04
  6.310000e+01   4.762720e-12   6.345991e-12   6.100347e-04
  6.683000e+01   4.889976e-12   6.240439e-12   6.099804e-04
  7.079000e+01   5.005860e-12   6.112501e-12   6.099250e-04
  7.499000e+01   5.008057e-12   6.112793e-12   6.098685e-04
  7.943000e+01   5.106598e-12   6.098999e-12   6.097473e-04
  8.414000e+01   5.196962e-12   6.022223e-12   6.094368e-04
  8.913000e+01   5.278187e-12   5.931747e-12   6.092135e-04
  9.441000e+01   5.351226e-12   5.826933e-12   6.090850e-04
  1.000000e+02   5.421239e-12   5.670883e-12   6.089939e-04
  1.059000e+02   5.510185e-12   5.237393e-12   6.088490e-04
  1.122000e+02   5.300054e-12   5.769603e-12   6.086020e-04
  1.189000e+02   5.348263e-12   5.848558e-12   6.082295e-04
  1.259000e+02   5.402294e-12   5.778336e-12   6.078881e-04
  1.334000e+02   5.413598e-12   5.760332e-12   6.075256e-04
  1.413000e+02   5.398345e-12   5.880858e-12   6.070129e-04
  1.496000e+02   5.428581e-12   5.893068e-12   6.064994e-04
  1.585000e+02   5.456272e-12   5.891952e-12   6.058908e-04
  1.679000e+02   5.482228e-12   5.887153e-12   6.052013e-04
  1.778000e+02   5.510977e-12   5.868916e-12   6.045430e-04
  1.884000e+02   5.555921e-12   5.793787e-12   6.039530e-04
  1.995000e+02   5.498650e-12   5.893870e-12   6.030879e-04
  2.113000e+02   5.504626e-12   5.953842e-12   6.018733e-04
  2.239000e+02   5.520069e-12   5.973865e-12   6.007076e-04
  2.371000e+02   5.511436e-12   6.030021e-12   5.993335e-04
  2.512000e+02   5.530259e-12   6.066419e-12   5.976976e-04
  2.661000e+02   5.552151e-12   6.093197e-12   5.959876e-04
  2.818000e+02   5.574367e-12   6.116443e-12   5.942212e-04
  2.985000e+02   5.597219e-12   6.140396e-12   5.923190e-04
  3.162000e+02   5.619569e-12   6.167596e-12   5.902808e-04
  3.350000e+02   5.640615e-12   6.196875e-12   5.881301e-04
  3.548000e+02   5.660391e-12   6.231212e-12   5.858359e-04
  3.758000e+02   5.677654e-12   6.269334e-12   5.832483e-04
  3.981000e+02   5.690845e-12   6.314555e-12   5.804425e-04
  4.217000e+02   5.697882e-12   6.371657e-12   5.772750e-04
  4.467000e+02   5.696298e-12   6.443041e-12   5.736870e-04
  4.732000e+02   5.680143e-12   6.538929e-12   5.693811e-04
  5.012000e+02   5.642314e-12   6.671196e-12   5.637898e-04
  5.309000e+02   5.566612e-12   6.869741e-12   5.562802e-04
  5.623000e+02   5.426590e-12   7.178198e-12   5.449813e-04
  5.957000e+02   5.054358e-12   7.959780e-12   5.163526e-04
  6.310000e+02   5.259188e-12   8.341739e-12   4.986869e-04
  6.683000e+02   5.686351e-12   8.306305e-12   4.985783e-04
  7.079000e+02   6.037741e-12   8.226658e-12   5.004063e-04
  7.499000e+02   6.320520e-12   8.163957e-12   5.014826e-04
  7.943000e+02   6.591597e-12   8.042467e-12   5.043779e-04
  8.414000e+02   6.799399e-12   7.918288e-12   5.070159e-04
  8.913000e+02   6.901625e-12   7.874038e-12   5.060640e-04
  9.441000e+02   7.005614e-12   8.011689e-12   4.997491e-04
  1.000000e+03   7.142015e-12   8.015844e-12   4.975315e-04
  1.059000e+03   7.295502e-12   7.958583e-12   4.976786e-04
  1.122000e+03   7.444055e-12   7.887135e-12   4.982989e-04
  1.189000e+03   7.573981e-12   7.856231e-12   4.972528e-04
  1.259000e+03   7.692958e-12   7.853710e-12   4.952393e-04
  1.334000e+03   7.801004e-12   7.877610e-12   4.920724e-04
  1.413000e+03   7.892873e-12   7.938823e-12   4.873126e-04
  1.496000e+03   7.992168e-12   8.047818e-12   4.825134e-04
  1.585000e+03   8.041638e-12   8.259147e-12   4.776779e-04
  1.679000e+03   7.793842e-12   8.814919e-12   4.633553e-04
  1.778000e+03   7.118628e-12   9.834072e-12   4.365998e-04
  1.884000e+03   6.013827e-12   1.122462e-11   4.042684e-04
  1.995000e+03   4.735518e-12   1.282593e-11   3.755944e-04
  2.113000e+03   3.786211e-12   1.412530e-11   3.532568e-04
  2.239000e+03   3.223750e-12   1.473115e-11   3.482635e-04
  2.371000e+03   3.009787e-12   1.511017e-11   3.504495e-04
  2.512000e+03   2.914337e-12   1.508290e-11   3.481575e-04
  2.661000e+03   2.759859e-12   1.519873e-11   3.501447e-04
  2.818000e+03   2.639566e-12   1.515435e-11   3.469358e-04
  2.985000e+03   2.512804e-12   1.501871e-11   3.458012e-04
  3.162000e+03   2.372498e-12   1.484958e-11   3.419896e-04
  3.350000e+03   2.255007e-12   1.451015e-11   3.379163e-04
  3.548000e+03   2.115841e-12   1.417788e-11   3.329024e-04
  3.758000e+03   1.998852e-12   1.367643e-11   3.263625e-04
  3.981000e+03   1.873275e-12   1.318444e-11   3.192976e-04
  4.217000e+03   1.757469e-12   1.255380e-11   3.107266e-04
  4.467000e+03   1.643138e-12   1.193617e-11   3.016137e-04
  4.732000e+03   1.532967e-12   1.121242e-11   2.912882e-04
  5.012000e+03   1.430640e-12   1.050820e-11   2.803734e-04
  5.309000e+03   1.328680e-12   9.740792e-12   2.684318e-04
  5.623000e+03   1.236270e-12   8.999820e-12   2.561714e-04
  5.957000e+03   1.144171e-12   8.232049e-12   2.432737e-04
  6.310000e+03   1.060869e-12   7.498194e-12   2.301025e-04
  6.683000e+03   9.791055e-13   6.767146e-12   2.164125e-04
  7.079000e+03   9.049789e-13   6.078887e-12   2.030054e-04
  7.499000e+03   8.331589e-13   5.413328e-12   1.892439e-04
  7.943000e+03   7.670223e-13   4.794734e-12   1.757707e-04
  8.414000e+03   7.042548e-13   4.212927e-12   1.624450e-04
  8.913000e+03   6.462282e-13   3.679716e-12   1.494523e-04
  9.441000e+03   5.919246e-13   3.192539e-12   1.368614e-04
  1.000000e+04   5.418153e-13   2.753388e-12   1.247917e-04
  1.059000e+04   4.958134e-13   2.358507e-12   1.132888e-04
  1.122000e+04   4.536713e-13   2.008061e-12   1.024499e-04
  1.189000e+04   4.152175e-13   1.698772e-12   9.229500e-05
  1.259000e+04   3.803078e-13   1.428843e-12   8.291862e-05
  1.334000e+04   3.496794e-13   1.194939e-12   7.419803e-05
  1.413000e+04   3.219843e-13   9.940298e-13   6.630169e-05
  1.496000e+04   2.969041e-13   8.226671e-13   5.905886e-05
  1.585000e+04   2.742698e-13   6.774072e-13   5.256718e-05
  1.679000e+04   2.537491e-13   5.552365e-13   4.671554e-05
  1.778000e+04   2.354485e-13   4.532057e-13   4.151763e-05
  1.884000e+04   2.194636e-13   3.684601e-13   3.685728e-05
  1.995000e+04   2.051933e-13   2.982729e-13   3.271626e-05
  2.113000e+04   1.923363e-13   2.406366e-13   2.904619e-05
  2.239000e+04   1.808095e-13   1.935274e-13   2.579380e-05
  2.371000e+04   1.704095e-13   1.549816e-13   2.293495e-05
  2.512000e+04   1.609083e-13   1.237809e-13   2.038896e-05
  2.661000e+04   1.524846e-13   9.853864e-14   1.813154e-05
  2.818000e+04   1.449142e-13   7.819534e-14   1.612720e-05
  2.985000e+04   1.380376e-13   6.188903e-14   1.434837e-05
  3.162000e+04   1.319716e-13   4.887171e-14   1.276478e-05
  3.350000e+04   1.266377e-13   3.851543e-14   1.137149e-05
  3.548000e+04   1.211335e-13   3.027157e-14   1.010681e-05
  3.758000e+04   1.158924e-13   2.370697e-14   8.986594e-06
  3.981000e+04   1.110912e-13   1.850335e-14   7.994350e-06
  4.217000e+04   1.064410e-13   1.439237e-14   7.097540e-06
  4.467000e+04   1.019274e-13   1.113890e-14   6.301797e-06
  4.732000e+04   9.821030e-14   8.562995e-15   5.591401e-06
  5.012000e+04   9.533426e-14   6.539593e-15   4.951733e-06
  5.309000e+04   9.368411e-14   4.940560e-15   4.380508e-06
  5.623000e+04   9.339678e-14   3.692249e-15   3.867009e-06
  5.957000e+04   9.459236e-14   2.715129e-15   3.412225e-06
  6.310000e+04   9.647610e-14   1.950613e-15   2.996655e-06
  6.683000e+04   9.682998e-14   1.341130e-15   2.625655e-06
  7.079000e+04   9.754299e-14   8.360968e-16   2.277636e-06
  7.499000e+04   1.236594e-13   4.045049e-16   1.941559e-06
  7.943000e+04   2.777916e-13   1.888790e-16   1.626426e-06
  8.414000e+04   5.972540e-13   4.242728e-16   1.377117e-06
  8.913000e+04   9.232436e-13   8.657750e-16   1.159784e-06
  9.441000e+04   1.240936e-12   1.626778e-15   9.829645e-07
  1.000000e+05   1.110900e-12   1.615916e-15   9.201959e-07
  1.059000e+05   9.146034e-13   1.447932e-15   8.952931e-07
  1.122000e+05   6.923226e-13   1.093501e-15   9.226138e-07
  1.189000e+05   5.322060e-13   8.225228e-16   9.297515e-07
  1.259000e+05   4.000640e-13   5.937724e-16   9.123254e-07
  1.334000e+05   3.028027e-13   4.098997e-16   8.433118e-07
  1.413000e+05   2.532873e-13   2.642103e-16   7.212266e-07
  1.496000e+05   2.811216e-13   1.835876e-16   5.935831e-07
  1.585000e+05   3.312528e-13   1.482646e-16   4.972342e-07
  1.679000e+05   3.871161e-13   1.369021e-16   4.203861e-07
  1.778000e+05   4.247514e-13   1.360012e-16   3.614978e-07
  1.884000e+05   4.222541e-13   1.326295e-16   3.204763e-07
  1.995000e+05   3.790954e-13   1.185864e-16   2.979297e-07
  2.113000e+05   3.308898e-13   9.826772e-17   2.809385e-07
  2.239000e+05   2.907010e-13   8.052930e-17   2.638656e-07
  2.371000e+05   2.559075e-13   6.508423e-17   2.479822e-07
  2.512000e+05   2.260815e-13   5.263309e-17   2.321554e-07
  2.661000e+05   1.994296e-13   4.215350e-17   2.173902e-07
  2.818000e+05   1.763125e-13   3.379430e-17   2.033559e-07
  2.985000e+05   1.561898e-13   2.709818e-17   1.897502e-07
  3.162000e+05   1.383146e-13   2.164799e-17   1.769884e-07
  3.350000e+05   1.228075e-13   1.727314e-17   1.643823e-07
  3.548000e+05   1.096587e-13   1.377469e-17   1.519446e-07
  3.758000e+05   9.808848e-14   1.098518e-17   1.402157e-07
  3.981000e+05   8.727919e-14   8.780466e-18   1.296629e-07
  4.217000e+05   7.752670e-14   7.015213e-18   1.200404e-07
  4.467000e+05   6.873709e-14   5.593058e-18   1.108116e-07
  4.732000e+05   6.089867e-14   4.455531e-18   1.020644e-07
  5.012000e+05   5.391288e-14   3.547569e-18   9.391820e-08
  5.309000e+05   4.769413e-14   2.823147e-18   8.623899e-08
  5.623000e+05   4.219294e-14   2.245054e-18   7.886520e-08
  5.957000e+05   3.728630e-14   1.784861e-18   7.203474e-08
  6.310000e+05   3.295814e-14   1.418126e-18   6.566425e-08
  6.683000e+05   2.911995e-14   1.126635e-18   5.967693e-08
  7.079000e+05   2.575215e-14   8.946621e-19   5.408270e-08
  7.499000e+05   2.276769e-14   7.104340e-19   4.899546e-08
  7.943000e+05   2.013836e-14   5.640791e-19   4.419577e-08
  8.414000e+05   1.782140e-14   4.478281e-19   3.989992e-08
  8.913000e+05   1.579023e-14   3.554584e-19   3.590199e-08
  9.441000e+05   1.398992e-14   2.821483e-19   3.228675e-08
  1.000000e+06   1.239990e-14   2.239735e-19   2.900602e-08
  1.059000e+06   1.099158e-14   1.778403e-19   2.603866e-08
  1.122000e+06   9.753864e-15   1.411589e-19   2.334365e-08
  1.189000e+06   8.659679e-15   1.120626e-19   2.091351e-08
  1.259000e+06   7.685044e-15   8.899080e-20   1.873627e-08
  1.334000e+06   6.826931e-15   7.064589e-20   1.675733e-08
  1.413000e+06   6.065854e-15   5.609133e-20   1.498970e-08
  1.496000e+06   5.391807e-15   4.453180e-20   1.340424e-08
  1.585000e+06   4.793290e-15   3.536586e-20   1.196826e-08
  1.679000e+06   4.262479e-15   2.807934e-20   1.069927e-08
  1.778000e+06   3.791400e-15   2.229779e-20   9.551648e-09
  1.884000e+06   3.372874e-15   1.770756e-20   8.530853e-09
  1.995000e+06   3.001220e-15   1.405995e-20   7.607352e-09
  2.113000e+06   2.671436e-15   1.116592e-20   6.797389e-09
  2.239000e+06   2.378173e-15   8.867421e-21   6.060123e-09
  2.371000e+06   2.117287e-15   7.042519e-21   5.404908e-09
  2.512000e+06   1.885251e-15   5.592787e-21   4.819678e-09
  2.661000e+06   1.678435e-15   4.441827e-21   4.296803e-09
  2.818000e+06   1.494400e-15   3.527712e-21   3.828224e-09
  2.985000e+06   1.330601e-15   2.802166e-21   3.416475e-09
  3.162000e+06   1.185220e-15   2.225456e-21   3.039027e-09
  3.350000e+06   1.055898e-15   1.767378e-21   2.712580e-09
  3.548000e+06   9.407879e-16   1.403867e-21   2.407251e-09
  3.758000e+06   8.381026e-16   1.115030e-21   2.147291e-09
  3.981000e+06   7.466720e-16   8.856943e-22   1.903086e-09
  4.217000e+06   6.652022e-16   7.035136e-22   1.697288e-09
  4.467000e+06   5.926099e-16   5.587990e-22   1.500095e-09
  4.732000e+06   5.280113e-16   4.437899e-22   1.336681e-09
  5.012000e+06   4.704839e-16   3.525489e-22   1.176368e-09
  5.309000e+06   4.191878e-16   2.799746e-22   1.047481e-09
  5.623000e+06   3.735382e-16   2.223389e-22   9.155808e-10
  5.957000e+06   3.328891e-16   1.766488e-22   8.158722e-10
  6.310000e+06   2.966575e-16   1.402840e-22   7.058057e-10
  6.683000e+06   2.643650e-16   1.114507e-22   6.292866e-10
  7.079000e+06   2.355856e-16   8.851096e-23   5.371198e-10
  7.499000e+06   2.099523e-16   7.030901e-23   4.787908e-10
  7.943000e+06   1.870865e-16   5.584629e-23   4.015091e-10
  8.414000e+06   1.667312e-16   4.436123e-23   3.579497e-10
  8.913000e+06   1.485774e-16   3.523663e-23   2.933202e-10
  9.441000e+06   1.324010e-16   2.799004e-23   2.615282e-10
  1.000000e+07   1.179999e-16   2.223282e-23   2.080998e-10
