# Gao et al. 2020 graphite
# Power-law with exponential cutoff distribution
# with acut=0.03 [micron], amin=0.005 [micron], amax=5 [micron], alpha=0.5, s=2.2 [g/cm3]
# w [Angstrom] C_abs [cm^2] C_sca [cm^2] g
  1.000000e+01   1.145962e-13   3.104420e-13   2.820434e-04
  1.059000e+01   1.344157e-13   3.479456e-13   2.820433e-04
  1.122000e+01   1.577972e-13   3.861918e-13   2.820423e-04
  1.189000e+01   1.852690e-13   4.311709e-13   2.820421e-04
  1.259000e+01   2.157356e-13   4.741097e-13   2.820408e-04
  1.334000e+01   2.510144e-13   5.254482e-13   2.820406e-04
  1.413000e+01   2.916143e-13   5.753622e-13   2.820387e-04
  1.496000e+01   3.378295e-13   6.330573e-13   2.820383e-04
  1.585000e+01   3.900250e-13   6.914591e-13   2.820358e-04
  1.679000e+01   4.487366e-13   7.551648e-13   2.820352e-04
  1.778000e+01   5.142916e-13   8.222194e-13   2.820318e-04
  1.884000e+01   5.870684e-13   8.898745e-13   2.820309e-04
  1.995000e+01   6.663864e-13   9.589564e-13   2.820262e-04
  2.113000e+01   7.524032e-13   1.024886e-12   2.820250e-04
  2.239000e+01   8.460912e-13   1.089566e-12   2.820188e-04
  2.371000e+01   9.444058e-13   1.148046e-12   2.820170e-04
  2.512000e+01   1.048137e-12   1.201129e-12   2.820088e-04
  2.661000e+01   1.156917e-12   1.245539e-12   2.820062e-04
  2.818000e+01   1.269702e-12   1.275330e-12   2.819956e-04
  2.985000e+01   1.382634e-12   1.291026e-12   2.819920e-04
  3.162000e+01   1.490414e-12   1.296463e-12   2.819784e-04
  3.350000e+01   1.598474e-12   1.287759e-12   2.819599e-04
  3.548000e+01   1.703565e-12   1.258487e-12   2.819563e-04
  3.758000e+01   1.803842e-12   1.206558e-12   2.819333e-04
  3.981000e+01   1.898220e-12   1.158468e-12   2.819229e-04
  4.217000e+01   1.989613e-12   9.056393e-13   2.819003e-04
  4.467000e+01   2.139899e-13   4.462550e-13   2.818931e-04
  4.732000e+01   2.431531e-13   4.626264e-13   2.818804e-04
  5.012000e+01   2.764599e-13   1.128041e-12   2.818496e-04
  5.309000e+01   3.138397e-13   1.459086e-12   2.818326e-04
  5.623000e+01   3.559683e-13   1.810392e-12   2.817964e-04
  5.957000e+01   4.032980e-13   2.131465e-12   2.817505e-04
  6.310000e+01   4.538669e-13   2.417237e-12   2.817319e-04
  6.683000e+01   5.104031e-13   2.684733e-12   2.816793e-04
  7.079000e+01   5.718293e-13   2.929343e-12   2.816157e-04
  7.499000e+01   6.380919e-13   3.151242e-12   2.815729e-04
  7.943000e+01   7.106901e-13   3.350628e-12   2.814691e-04
  8.414000e+01   7.877209e-13   3.523141e-12   2.814267e-04
  8.913000e+01   8.694687e-13   3.667814e-12   2.813751e-04
  9.441000e+01   9.557157e-13   3.783117e-12   2.812761e-04
  1.000000e+02   1.045103e-12   3.868722e-12   2.811630e-04
  1.059000e+02   1.136797e-12   3.926053e-12   2.809961e-04
  1.122000e+02   1.231218e-12   3.955957e-12   2.808929e-04
  1.189000e+02   1.327276e-12   3.958032e-12   2.806859e-04
  1.259000e+02   1.419519e-12   3.937621e-12   2.804851e-04
  1.334000e+02   1.510796e-12   3.897676e-12   2.801999e-04
  1.413000e+02   1.599034e-12   3.842297e-12   2.798951e-04
  1.496000e+02   1.683439e-12   3.773813e-12   2.795214e-04
  1.585000e+02   1.762703e-12   3.698141e-12   2.791139e-04
  1.679000e+02   1.835470e-12   3.618829e-12   2.785790e-04
  1.778000e+02   1.901853e-12   3.540470e-12   2.779791e-04
  1.884000e+02   1.961262e-12   3.466386e-12   2.772541e-04
  1.995000e+02   2.014716e-12   3.397745e-12   2.764743e-04
  2.113000e+02   2.060606e-12   3.339056e-12   2.755991e-04
  2.239000e+02   2.100786e-12   3.290041e-12   2.745108e-04
  2.371000e+02   2.136271e-12   3.251181e-12   2.733880e-04
  2.512000e+02   2.167674e-12   3.222020e-12   2.720858e-04
  2.661000e+02   2.195952e-12   3.203033e-12   2.706544e-04
  2.818000e+02   2.221949e-12   3.190763e-12   2.691306e-04
  2.985000e+02   2.247355e-12   3.185451e-12   2.674801e-04
  3.162000e+02   2.273467e-12   3.183770e-12   2.657468e-04
  3.350000e+02   2.301684e-12   3.182103e-12   2.640116e-04
  3.548000e+02   2.338921e-12   3.169852e-12   2.624362e-04
  3.758000e+02   2.335030e-12   3.151098e-12   2.618072e-04
  3.981000e+02   2.234948e-12   3.309392e-12   2.575888e-04
  4.217000e+02   2.156853e-12   3.476287e-12   2.513998e-04
  4.467000e+02   2.161343e-12   3.572437e-12   2.452546e-04
  4.732000e+02   2.176648e-12   3.652652e-12   2.396701e-04
  5.012000e+02   2.202860e-12   3.726207e-12   2.344875e-04
  5.309000e+02   2.223824e-12   3.820294e-12   2.291141e-04
  5.623000e+02   2.281289e-12   3.907229e-12   2.243613e-04
  5.957000e+02   2.375897e-12   3.933179e-12   2.218474e-04
  6.310000e+02   2.406216e-12   4.028674e-12   2.183116e-04
  6.683000e+02   2.434527e-12   4.243742e-12   2.119523e-04
  7.079000e+02   2.609431e-12   4.362516e-12   2.092751e-04
  7.499000e+02   2.808811e-12   4.382044e-12   2.090831e-04
  7.943000e+02   2.957122e-12   4.365578e-12   2.089485e-04
  8.414000e+02   3.055823e-12   4.290129e-12   2.092772e-04
  8.913000e+02   3.159188e-12   4.209729e-12   2.099991e-04
  9.441000e+02   3.197106e-12   4.304802e-12   2.061812e-04
  1.000000e+03   3.270247e-12   4.222114e-12   2.058750e-04
  1.059000e+03   3.344284e-12   4.130039e-12   2.064910e-04
  1.122000e+03   3.501138e-12   3.895850e-12   2.123369e-04
  1.189000e+03   3.675015e-12   3.768544e-12   2.190107e-04
  1.259000e+03   3.726891e-12   3.775323e-12   2.218491e-04
  1.334000e+03   3.667852e-12   3.771502e-12   2.232682e-04
  1.413000e+03   3.555269e-12   3.516042e-12   2.233422e-04
  1.496000e+03   3.443723e-12   3.006157e-12   2.200918e-04
  1.585000e+03   3.391947e-12   2.669728e-12   2.164671e-04
  1.679000e+03   3.377801e-12   2.663108e-12   2.119351e-04
  1.778000e+03   3.386280e-12   2.985434e-12   2.028573e-04
  1.884000e+03   3.432241e-12   3.427493e-12   1.914583e-04
  1.995000e+03   3.583463e-12   3.834229e-12   1.809085e-04
  2.113000e+03   3.799905e-12   4.218071e-12   1.712782e-04
  2.239000e+03   3.885344e-12   4.603887e-12   1.613563e-04
  2.371000e+03   3.778105e-12   4.771235e-12   1.513153e-04
  2.512000e+03   3.669067e-12   4.667655e-12   1.436665e-04
  2.661000e+03   3.666276e-12   4.460663e-12   1.386466e-04
  2.818000e+03   3.743521e-12   4.256951e-12   1.357834e-04
  2.985000e+03   3.835668e-12   4.099470e-12   1.334205e-04
  3.162000e+03   3.897441e-12   3.990826e-12   1.303646e-04
  3.350000e+03   3.941139e-12   3.901358e-12   1.269331e-04
  3.548000e+03   3.959861e-12   3.827891e-12   1.225682e-04
  3.758000e+03   3.960183e-12   3.764331e-12   1.176134e-04
  3.981000e+03   3.944907e-12   3.712588e-12   1.122366e-04
  4.217000e+03   3.908690e-12   3.670841e-12   1.068456e-04
  4.467000e+03   3.844530e-12   3.638591e-12   1.015052e-04
  4.732000e+03   3.752688e-12   3.604237e-12   9.594566e-05
  5.012000e+03   3.640394e-12   3.558684e-12   9.016187e-05
  5.309000e+03   3.511331e-12   3.497761e-12   8.433963e-05
  5.623000e+03   3.370363e-12   3.421375e-12   7.840621e-05
  5.957000e+03   3.220893e-12   3.327058e-12   7.252438e-05
  6.310000e+03   3.068883e-12   3.210294e-12   6.668955e-05
  6.683000e+03   2.916566e-12   3.072716e-12   6.097003e-05
  7.079000e+03   2.764476e-12   2.915914e-12   5.538180e-05
  7.499000e+03   2.616130e-12   2.743745e-12   5.007590e-05
  7.943000e+03   2.470068e-12   2.557289e-12   4.506186e-05
  8.414000e+03   2.328117e-12   2.364400e-12   4.030961e-05
  8.913000e+03   2.189414e-12   2.164702e-12   3.586246e-05
  9.441000e+03   2.055042e-12   1.965801e-12   3.175018e-05
  1.000000e+04   1.924327e-12   1.768134e-12   2.801201e-05
  1.059000e+04   1.797459e-12   1.578455e-12   2.464153e-05
  1.122000e+04   1.673950e-12   1.396232e-12   2.161375e-05
  1.189000e+04   1.555285e-12   1.225724e-12   1.895120e-05
  1.259000e+04   1.440247e-12   1.066689e-12   1.661734e-05
  1.334000e+04   1.329186e-12   9.222386e-13   1.452119e-05
  1.413000e+04   1.222520e-12   7.906571e-13   1.276756e-05
  1.496000e+04   1.120989e-12   6.729786e-13   1.129606e-05
  1.585000e+04   1.024689e-12   5.684579e-13   1.000712e-05
  1.679000e+04   9.335596e-13   4.769832e-13   8.879100e-06
  1.778000e+04   8.479561e-13   3.973613e-13   7.937727e-06
  1.884000e+04   7.681407e-13   3.287080e-13   7.158731e-06
  1.995000e+04   6.942230e-13   2.701343e-13   6.486694e-06
  2.113000e+04   6.261247e-13   2.206239e-13   5.898928e-06
  2.239000e+04   5.635733e-13   1.790767e-13   5.405829e-06
  2.371000e+04   5.064856e-13   1.445471e-13   4.976152e-06
  2.512000e+04   4.547364e-13   1.161190e-13   4.578626e-06
  2.661000e+04   4.078493e-13   9.288051e-14   4.207004e-06
  2.818000e+04   3.654513e-13   7.399010e-14   3.885594e-06
  2.985000e+04   3.273174e-13   5.874165e-14   3.603483e-06
  3.162000e+04   2.927944e-13   4.650623e-14   3.339543e-06
  3.350000e+04   2.623498e-13   3.674912e-14   3.091726e-06
  3.548000e+04   2.348141e-13   2.899410e-14   2.871188e-06
  3.758000e+04   2.102564e-13   2.284989e-14   2.661161e-06
  3.981000e+04   1.883022e-13   1.799598e-14   2.455690e-06
  4.217000e+04   1.687259e-13   1.417395e-14   2.256527e-06
  4.467000e+04   1.512370e-13   1.116386e-14   2.062143e-06
  4.732000e+04   1.356331e-13   8.793141e-15   1.879701e-06
  5.012000e+04   1.217133e-13   6.928472e-15   1.709713e-06
  5.309000e+04   1.092392e-13   5.465011e-15   1.539754e-06
  5.623000e+04   9.808422e-14   4.310798e-15   1.389324e-06
  5.957000e+04   8.813496e-14   3.402174e-15   1.248474e-06
  6.310000e+04   7.892663e-14   2.686340e-15   1.162665e-06
  6.683000e+04   7.136769e-14   2.122207e-15   1.004608e-06
  7.079000e+04   6.435597e-14   1.677270e-15   8.870079e-07
  7.499000e+04   5.813292e-14   1.326059e-15   7.788712e-07
  7.943000e+04   5.265523e-14   1.048898e-15   6.658760e-07
  8.414000e+04   4.776606e-14   8.301477e-16   5.605678e-07
  8.913000e+04   4.344788e-14   6.569415e-16   4.726750e-07
  9.441000e+04   3.967024e-14   5.199231e-16   3.951882e-07
  1.000000e+05   3.641373e-14   4.114761e-16   3.226625e-07
  1.059000e+05   3.358153e-14   3.258474e-16   2.512753e-07
  1.122000e+05   3.140507e-14   2.572568e-16   1.821770e-07
  1.189000e+05   2.903964e-14   2.048819e-16   1.187858e-07
  1.259000e+05   2.746763e-14   1.620493e-16   4.659235e-08
  1.334000e+05   2.613137e-14   1.283349e-16  -1.773407e-08
  1.413000e+05   2.510872e-14   1.016423e-16  -7.078794e-08
  1.496000e+05   2.442277e-14   8.050421e-17  -1.169877e-07
  1.585000e+05   2.404431e-14   6.378840e-17  -1.600375e-07
  1.679000e+05   2.394865e-14   5.057034e-17  -2.063073e-07
  1.778000e+05   2.412075e-14   4.012003e-17  -2.504695e-07
  1.884000e+05   2.454862e-14   3.185492e-17  -2.936379e-07
  1.995000e+05   2.517734e-14   2.533271e-17  -3.475941e-07
  2.113000e+05   2.600074e-14   2.016374e-17  -3.905441e-07
  2.239000e+05   2.696654e-14   1.608208e-17  -4.199649e-07
  2.371000e+05   2.802738e-14   1.285771e-17  -4.443258e-07
  2.512000e+05   2.904616e-14   1.031007e-17  -4.828861e-07
  2.661000e+05   2.996084e-14   8.290048e-18  -5.009938e-07
  2.818000e+05   3.065948e-14   6.684062e-18  -5.058856e-07
  2.985000e+05   3.103677e-14   5.404035e-18  -4.995316e-07
  3.162000e+05   3.102858e-14   4.378564e-18  -4.849467e-07
  3.350000e+05   3.057580e-14   3.552123e-18  -4.602571e-07
  3.548000e+05   2.966654e-14   2.882749e-18  -4.260103e-07
  3.758000e+05   2.836721e-14   2.338139e-18  -3.859479e-07
  3.981000e+05   2.675463e-14   1.893810e-18  -3.419334e-07
  4.217000e+05   2.492854e-14   1.531282e-18  -2.956182e-07
  4.467000e+05   2.298818e-14   1.235640e-18  -2.394652e-07
  4.732000e+05   2.101823e-14   9.949123e-19  -1.609889e-07
  5.012000e+05   1.907489e-14   7.993042e-19  -6.806022e-08
  5.309000e+05   1.719624e-14   6.410157e-19   2.673352e-08
  5.623000e+05   1.542403e-14   5.132241e-19   1.099592e-07
  5.957000e+05   1.377683e-14   4.103383e-19   1.800452e-07
  6.310000e+05   1.226659e-14   3.276960e-19   2.335598e-07
  6.683000e+05   1.089626e-14   2.614339e-19   2.703931e-07
  7.079000e+05   9.663945e-15   2.083770e-19   2.922961e-07
  7.499000e+05   8.561323e-15   1.660071e-19   3.007519e-07
  7.943000e+05   7.578184e-15   1.321689e-19   2.983144e-07
  8.414000e+05   6.707087e-15   1.051597e-19   2.829317e-07
  8.913000e+05   5.940327e-15   8.364697e-20   2.553856e-07
  9.441000e+05   5.265753e-15   6.651593e-20   2.247175e-07
  1.000000e+06   4.670873e-15   5.287193e-20   1.941365e-07
  1.059000e+06   4.151697e-15   4.201012e-20   1.591308e-07
  1.122000e+06   3.704990e-15   3.336529e-20   1.219729e-07
  1.189000e+06   3.331195e-15   2.649462e-20   8.616013e-08
  1.259000e+06   3.028612e-15   2.103954e-20   5.434426e-08
  1.334000e+06   2.788245e-15   1.675059e-20   2.693723e-08
  1.413000e+06   2.532949e-15   1.342135e-20   3.715642e-09
  1.496000e+06   2.213571e-15   1.071902e-20  -1.558228e-08
  1.585000e+06   1.918429e-15   8.516472e-21  -3.147483e-08
  1.679000e+06   1.673821e-15   6.759182e-21  -4.454461e-08
  1.778000e+06   1.469955e-15   5.364749e-21  -5.536561e-08
  1.884000e+06   1.296677e-15   4.258191e-21  -6.428880e-08
  1.995000e+06   1.147238e-15   3.380794e-21  -7.157935e-08
  2.113000e+06   1.017108e-15   2.684361e-21  -7.744500e-08
  2.239000e+06   9.029721e-16   2.131764e-21  -8.213183e-08
  2.371000e+06   8.024983e-16   1.692893e-21  -8.576287e-08
  2.512000e+06   7.137819e-16   1.344395e-21  -8.851240e-08
  2.661000e+06   6.353032e-16   1.067754e-21  -9.034456e-08
  2.818000e+06   5.656909e-16   8.481235e-22  -9.150560e-08
  2.985000e+06   5.039420e-16   6.735691e-22  -9.212566e-08
  3.162000e+06   4.491421e-16   5.350513e-22  -9.198538e-08
  3.350000e+06   4.003677e-16   4.249520e-22  -9.151337e-08
  3.548000e+06   3.570376e-16   3.374897e-22  -9.033030e-08
  3.758000e+06   3.184622e-16   2.681018e-22  -8.910035e-08
  3.981000e+06   2.841241e-16   2.129203e-22  -8.688775e-08
  4.217000e+06   2.535463e-16   1.691532e-22  -8.497981e-08
  4.467000e+06   2.263197e-16   1.343411e-22  -8.197774e-08
  4.732000e+06   2.020196e-16   1.067149e-22  -7.955631e-08
  5.012000e+06   1.803774e-16   8.476194e-23  -7.584215e-08
  5.309000e+06   1.610744e-16   6.732905e-23  -7.303130e-08
  5.623000e+06   1.438554e-16   5.348107e-23  -6.855063e-08
  5.957000e+06   1.284908e-16   4.247684e-23  -6.565768e-08
  6.310000e+06   1.147686e-16   3.374400e-23  -6.054244e-08
  6.683000e+06   1.025278e-16   2.680040e-23  -5.763178e-08
  7.079000e+06   9.159264e-17   2.129092e-23  -5.195469e-08
  7.499000e+06   8.183237e-17   1.690981e-23  -4.925759e-08
  7.943000e+06   7.311052e-17   1.343280e-23  -4.312901e-08
  8.414000e+06   6.532157e-17   1.066934e-23  -4.068338e-08
  8.913000e+06   5.835624e-17   8.474925e-24  -3.441268e-08
  9.441000e+06   5.213776e-17   6.731705e-24  -3.229542e-08
  1.000000e+07   4.657703e-17   5.347294e-24  -2.617746e-08
