# Nozawa et al. 2007 silicates
# Power-law with exponential cutoff distribution
# with acut=0.0523 [micron], amin=0.0016 [micron], amax=1 [micron], alpha=1.25, s=3.3 [g/cm3]
# w [Angstrom] C_abs [cm^2] C_sca [cm^2] g
  1.000000e+01   2.827073e-14   6.146943e-14   9.838207e-06
  1.059000e+01   3.178037e-14   6.547743e-14   9.838207e-06
  1.122000e+01   3.544663e-14   6.745945e-14   9.838206e-06
  1.189000e+01   3.931006e-14   6.973069e-14   9.838206e-06
  1.259000e+01   4.314992e-14   6.994204e-14   9.838204e-06
  1.334000e+01   4.706889e-14   7.097884e-14   9.838204e-06
  1.413000e+01   5.100723e-14   6.932309e-14   9.838201e-06
  1.496000e+01   5.188867e-14   6.815686e-14   9.838201e-06
  1.585000e+01   5.594044e-14   6.677543e-14   9.838197e-06
  1.679000e+01   4.202246e-14   5.870156e-14   9.838197e-06
  1.778000e+01   4.590033e-14   7.487954e-14   9.838191e-06
  1.884000e+01   4.977495e-14   7.922265e-14   9.838190e-06
  1.995000e+01   5.357199e-14   8.238589e-14   9.838181e-06
  2.113000e+01   5.723357e-14   8.100418e-14   9.838179e-06
  2.239000e+01   6.065439e-14   7.720438e-14   9.838165e-06
  2.371000e+01   3.564657e-14   8.195340e-14   9.838163e-06
  2.512000e+01   3.919075e-14   1.143802e-13   9.838142e-06
  2.661000e+01   4.287968e-14   1.238264e-13   9.838139e-06
  2.818000e+01   4.680234e-14   1.297680e-13   9.837850e-06
  2.985000e+01   5.063551e-14   1.326496e-13   9.837845e-06
  3.162000e+01   5.429217e-14   1.339581e-13   9.837938e-06
  3.350000e+01   5.795766e-14   1.341854e-13   9.837931e-06
  3.548000e+01   6.153896e-14   1.334891e-13   9.837934e-06
  3.758000e+01   6.497552e-14   1.321510e-13   9.837832e-06
  3.981000e+01   6.822980e-14   1.303021e-13   9.837857e-06
  4.217000e+01   7.128103e-14   1.280532e-13   9.837711e-06
  4.467000e+01   7.411532e-14   1.255871e-13   9.837516e-06
  4.732000e+01   7.672307e-14   1.229834e-13   9.837509e-06
  5.012000e+01   7.908910e-14   1.203407e-13   9.837229e-06
  5.309000e+01   8.121215e-14   1.177235e-13   9.836478e-06
  5.623000e+01   8.312442e-14   1.151366e-13   9.831770e-06
  5.957000e+01   8.483511e-14   1.126312e-13   9.828038e-06
  6.310000e+01   8.629270e-14   1.103094e-13   9.828029e-06
  6.683000e+01   8.758393e-14   1.080540e-13   9.827868e-06
  7.079000e+01   8.871455e-14   1.058554e-13   9.827668e-06
  7.499000e+01   8.868914e-14   1.057714e-13   9.827449e-06
  7.943000e+01   8.956617e-14   1.046255e-13   9.826780e-06
  8.414000e+01   9.035497e-14   1.031817e-13   9.823474e-06
  8.913000e+01   9.105014e-14   1.017919e-13   9.817731e-06
  9.441000e+01   9.167069e-14   1.004157e-13   9.817027e-06
  1.000000e+02   9.230168e-14   9.868918e-14   9.816610e-06
  1.059000e+02   9.331376e-14   9.434596e-14   9.815890e-06
  1.122000e+02   9.108759e-14   1.002728e-13   9.813667e-06
  1.189000e+02   9.135640e-14   1.005126e-13   9.806367e-06
  1.259000e+02   9.178985e-14   9.964425e-14   9.803591e-06
  1.334000e+02   9.182464e-14   9.946218e-14   9.797695e-06
  1.413000e+02   9.147985e-14   1.004791e-13   9.791434e-06
  1.496000e+02   9.160985e-14   1.004631e-13   9.784007e-06
  1.585000e+02   9.173457e-14   1.004078e-13   9.775644e-06
  1.679000e+02   9.184975e-14   1.003778e-13   9.766676e-06
  1.778000e+02   9.201624e-14   1.002574e-13   9.758338e-06
  1.884000e+02   9.243954e-14   9.962280e-14   9.751082e-06
  1.995000e+02   9.168088e-14   1.007530e-13   9.739051e-06
  2.113000e+02   9.150151e-14   1.014399e-13   9.722382e-06
  2.239000e+02   9.148320e-14   1.017987e-13   9.706306e-06
  2.371000e+02   9.117062e-14   1.025540e-13   9.686626e-06
  2.512000e+02   9.114141e-14   1.031382e-13   9.664410e-06
  2.661000e+02   9.117370e-14   1.036431e-13   9.640467e-06
  2.818000e+02   9.122936e-14   1.041246e-13   9.616041e-06
  2.985000e+02   9.129919e-14   1.046149e-13   9.590627e-06
  3.162000e+02   9.136854e-14   1.051521e-13   9.563530e-06
  3.350000e+02   9.142517e-14   1.057113e-13   9.533520e-06
  3.548000e+02   9.146527e-14   1.063357e-13   9.502857e-06
  3.758000e+02   9.146839e-14   1.070146e-13   9.467872e-06
  3.981000e+02   9.140875e-14   1.077852e-13   9.429779e-06
  4.217000e+02   9.125533e-14   1.087129e-13   9.385795e-06
  4.467000e+02   9.096356e-14   1.098401e-13   9.336373e-06
  4.732000e+02   9.043775e-14   1.112945e-13   9.274773e-06
  5.012000e+02   8.955463e-14   1.132564e-13   9.193326e-06
  5.309000e+02   8.804272e-14   1.161276e-13   9.080671e-06
  5.623000e+02   8.544684e-14   1.205324e-13   8.906104e-06
  5.957000e+02   7.860928e-14   1.314791e-13   8.445760e-06
  6.310000e+02   7.957346e-14   1.363818e-13   8.163877e-06
  6.683000e+02   8.461412e-14   1.353818e-13   8.170920e-06
  7.079000e+02   8.903384e-14   1.339178e-13   8.211871e-06
  7.499000e+02   9.269664e-14   1.327560e-13   8.241710e-06
  7.943000e+02   9.647724e-14   1.307799e-13   8.305184e-06
  8.414000e+02   9.948049e-14   1.289225e-13   8.365493e-06
  8.913000e+02   1.008507e-13   1.284882e-13   8.369648e-06
  9.441000e+02   1.019375e-13   1.301026e-13   8.284214e-06
  1.000000e+03   1.038111e-13   1.298660e-13   8.268777e-06
  1.059000e+03   1.060528e-13   1.287082e-13   8.293817e-06
  1.122000e+03   1.082396e-13   1.274684e-13   8.329622e-06
  1.189000e+03   1.100932e-13   1.267888e-13   8.339542e-06
  1.259000e+03   1.117852e-13   1.264746e-13   8.335309e-06
  1.334000e+03   1.133071e-13   1.264633e-13   8.314584e-06
  1.413000e+03   1.145498e-13   1.268673e-13   8.271694e-06
  1.496000e+03   1.160638e-13   1.271630e-13   8.234998e-06
  1.585000e+03   1.183832e-13   1.270881e-13   8.247708e-06
  1.679000e+03   1.191048e-13   1.292176e-13   8.190399e-06
  1.778000e+03   1.156074e-13   1.363488e-13   7.961329e-06
  1.884000e+03   1.050846e-13   1.501145e-13   7.554599e-06
  1.995000e+03   8.886971e-14   1.698428e-13   7.081373e-06
  2.113000e+03   7.571770e-14   1.894495e-13   6.617765e-06
  2.239000e+03   6.734778e-14   2.004469e-13   6.412166e-06
  2.371000e+03   6.404802e-14   2.092847e-13   6.383564e-06
  2.512000e+03   6.344878e-14   2.116517e-13   6.282633e-06
  2.661000e+03   6.089505e-14   2.193372e-13   6.285646e-06
  2.818000e+03   5.963330e-14   2.249684e-13   6.194891e-06
  2.985000e+03   5.810723e-14   2.303377e-13   6.179155e-06
  3.162000e+03   5.560908e-14   2.368842e-13   6.123514e-06
  3.350000e+03   5.457259e-14   2.404179e-13   6.088390e-06
  3.548000e+03   5.139227e-14   2.461153e-13   6.063867e-06
  3.758000e+03   5.024607e-14   2.478683e-13   6.017021e-06
  3.981000e+03   4.712106e-14   2.515139e-13   5.999509e-06
  4.217000e+03   4.565092e-14   2.511374e-13   5.943677e-06
  4.467000e+03   4.278916e-14   2.520602e-13   5.914397e-06
  4.732000e+03   4.104599e-14   2.490928e-13   5.843393e-06
  5.012000e+03   3.854597e-14   2.467663e-13   5.790072e-06
  5.309000e+03   3.663690e-14   2.409796e-13   5.692932e-06
  5.623000e+03   3.444267e-14   2.353788e-13   5.605637e-06
  5.957000e+03   3.248800e-14   2.268823e-13   5.481627e-06
  6.310000e+03   3.053610e-14   2.183540e-13   5.357348e-06
  6.683000e+03   2.863141e-14   2.075528e-13   5.202340e-06
  7.079000e+03   2.687880e-14   1.967783e-13   5.044341e-06
  7.499000e+03   2.508709e-14   1.843734e-13   4.862229e-06
  7.943000e+03   2.346806e-14   1.721330e-13   4.673295e-06
  8.414000e+03   2.181074e-14   1.589439e-13   4.467959e-06
  8.913000e+03   2.031217e-14   1.460936e-13   4.255258e-06
  9.441000e+03   1.880445e-14   1.329980e-13   4.031878e-06
  1.000000e+04   1.742551e-14   1.204508e-13   3.803723e-06
  1.059000e+04   1.608085e-14   1.080730e-13   3.569786e-06
  1.122000e+04   1.483997e-14   9.639042e-14   3.335042e-06
  1.189000e+04   1.365158e-14   8.522219e-14   3.099437e-06
  1.259000e+04   1.255318e-14   7.486690e-14   2.867680e-06
  1.334000e+04   1.155142e-14   6.524143e-14   2.637767e-06
  1.413000e+04   1.062261e-14   5.647684e-14   2.416718e-06
  1.496000e+04   9.757957e-15   4.853253e-14   2.201465e-06
  1.585000e+04   8.958616e-15   4.142157e-14   1.997237e-06
  1.679000e+04   8.220744e-15   3.511175e-14   1.803369e-06
  1.778000e+04   7.552346e-15   2.958162e-14   1.622409e-06
  1.884000e+04   6.960506e-15   2.476577e-14   1.454129e-06
  1.995000e+04   6.427067e-15   2.060426e-14   1.299141e-06
  2.113000e+04   5.946885e-15   1.705034e-14   1.157188e-06
  2.239000e+04   5.517750e-15   1.403965e-14   1.028993e-06
  2.371000e+04   5.132032e-15   1.148943e-14   9.146137e-07
  2.512000e+04   4.784647e-15   9.361543e-15   8.113070e-07
  2.661000e+04   4.478856e-15   7.589477e-15   7.194584e-07
  2.818000e+04   4.206995e-15   6.122646e-15   6.381104e-07
  2.985000e+04   3.963680e-15   4.917699e-15   5.655849e-07
  3.162000e+04   3.750657e-15   3.934056e-15   5.016332e-07
  3.350000e+04   3.564894e-15   3.135500e-15   4.456571e-07
  3.548000e+04   3.379287e-15   2.488054e-15   3.951085e-07
  3.758000e+04   3.206152e-15   1.963752e-15   3.506151e-07
  3.981000e+04   3.049212e-15   1.542370e-15   3.114342e-07
  4.217000e+04   2.900424e-15   1.205571e-15   2.762014e-07
  4.467000e+04   2.758744e-15   9.363040e-16   2.450701e-07
  4.732000e+04   2.641233e-15   7.214272e-16   2.173775e-07
  5.012000e+04   2.548647e-15   5.516456e-16   1.924643e-07
  5.309000e+04   2.490734e-15   4.168958e-16   1.702669e-07
  5.623000e+04   2.470433e-15   3.114667e-16   1.503100e-07
  5.957000e+04   2.490010e-15   2.288304e-16   1.326867e-07
  6.310000e+04   2.528292e-15   1.641841e-16   1.165437e-07
  6.683000e+04   2.526638e-15   1.126713e-16   1.021257e-07
  7.079000e+04   2.533856e-15   7.004391e-17   8.867830e-08
  7.499000e+04   3.194671e-15   3.370904e-17   7.570427e-08
  7.943000e+04   7.130323e-15   1.560378e-17   6.352749e-08
  8.414000e+04   1.527213e-14   3.486566e-17   5.388145e-08
  8.913000e+04   2.357272e-14   7.105439e-17   4.543355e-08
  9.441000e+04   3.183030e-14   1.347995e-16   3.846717e-08
  1.000000e+05   2.867700e-14   1.357699e-16   3.588183e-08
  1.059000e+05   2.371289e-14   1.228338e-16   3.480909e-08
  1.122000e+05   1.798114e-14   9.314653e-17   3.582485e-08
  1.189000e+05   1.382554e-14   7.015402e-17   3.610978e-08
  1.259000e+05   1.038282e-14   5.062535e-17   3.550342e-08
  1.334000e+05   7.842939e-15   3.489626e-17   3.283471e-08
  1.413000e+05   6.541689e-15   2.243843e-17   2.808092e-08
  1.496000e+05   7.243452e-15   1.555573e-17   2.311563e-08
  1.585000e+05   8.522810e-15   1.254724e-17   1.936943e-08
  1.679000e+05   9.953573e-15   1.158194e-17   1.637471e-08
  1.778000e+05   1.091949e-14   1.151056e-17   1.407726e-08
  1.884000e+05   1.085781e-14   1.123534e-17   1.247443e-08
  1.995000e+05   9.750291e-15   1.005222e-17   1.159395e-08
  2.113000e+05   8.510189e-15   8.330378e-18   1.093202e-08
  2.239000e+05   7.474963e-15   6.825868e-18   1.026890e-08
  2.371000e+05   6.578432e-15   5.515089e-18   9.651412e-09
  2.512000e+05   5.810155e-15   4.458460e-18   9.038718e-09
  2.661000e+05   5.123619e-15   3.569623e-18   8.465919e-09
  2.818000e+05   4.528460e-15   2.860751e-18   7.921495e-09
  2.985000e+05   4.010400e-15   2.293213e-18   7.390806e-09
  3.162000e+05   3.550512e-15   1.831483e-18   6.897678e-09
  3.350000e+05   3.151486e-15   1.460980e-18   6.406561e-09
  3.548000e+05   2.813368e-15   1.164688e-18   5.920453e-09
  3.758000e+05   2.515826e-15   9.285870e-19   5.463392e-09
  3.981000e+05   2.238147e-15   7.420727e-19   5.053004e-09
  4.217000e+05   1.987532e-15   5.927590e-19   4.676436e-09
  4.467000e+05   1.761851e-15   4.725058e-19   4.318639e-09
  4.732000e+05   1.560621e-15   3.763360e-19   3.978992e-09
  5.012000e+05   1.381374e-15   2.996205e-19   3.662258e-09
  5.309000e+05   1.221817e-15   2.383936e-19   3.363099e-09
  5.623000e+05   1.080681e-15   1.895508e-19   3.075447e-09
  5.957000e+05   9.548590e-16   1.506845e-19   2.809545e-09
  6.310000e+05   8.439098e-16   1.197024e-19   2.560597e-09
  6.683000e+05   7.455364e-16   9.509492e-20   2.327462e-09
  7.079000e+05   6.592656e-16   7.550204e-20   2.109064e-09
  7.499000e+05   5.827666e-16   5.995588e-20   1.910481e-09
  7.943000e+05   5.154291e-16   4.759969e-20   1.723741e-09
  8.414000e+05   4.560800e-16   3.779014e-20   1.556086e-09
  8.913000e+05   4.040631e-16   2.999158e-20   1.400142e-09
  9.441000e+05   3.579650e-16   2.380663e-20   1.259591e-09
  1.000000e+06   3.172678e-16   1.889734e-20   1.131202e-09
  1.059000e+06   2.812023e-16   1.500439e-20   1.015490e-09
  1.122000e+06   2.495371e-16   1.190932e-20   9.104151e-10
  1.189000e+06   2.215204e-16   9.453463e-21   8.155891e-10
  1.259000e+06   1.965915e-16   7.507363e-21   7.307778e-10
  1.334000e+06   1.746300e-16   5.959359e-21   6.536238e-10
  1.413000e+06   1.551563e-16   4.731597e-21   5.846499e-10
  1.496000e+06   1.379074e-16   3.756487e-21   5.228824e-10
  1.585000e+06   1.225977e-16   2.983004e-21   4.667795e-10
  1.679000e+06   1.090158e-16   2.368586e-21   4.173400e-10
  1.778000e+06   9.696795e-17   1.880779e-21   3.726549e-10
  1.884000e+06   8.626100e-17   1.493574e-21   3.328101e-10
  1.995000e+06   7.675604e-17   1.185991e-21   2.968815e-10
  2.113000e+06   6.832105e-17   9.417707e-22   2.652419e-10
  2.239000e+06   6.081632e-17   7.479149e-22   2.365684e-10
  2.371000e+06   5.414344e-17   5.940085e-22   2.110222e-10
  2.512000e+06   4.821025e-17   4.717415e-22   1.883033e-10
  2.661000e+06   4.292132e-17   3.746384e-22   1.678811e-10
  2.818000e+06   3.821538e-17   2.975489e-22   1.497639e-10
  2.985000e+06   3.402507e-17   2.363397e-22   1.336374e-10
  3.162000e+06   3.030774e-17   1.876998e-22   1.191186e-10
  3.350000e+06   2.700153e-17   1.490759e-22   1.063202e-10
  3.548000e+06   2.405762e-17   1.184054e-22   9.466128e-11
  3.758000e+06   2.143122e-17   9.404267e-23   8.443708e-11
  3.981000e+06   1.909345e-17   7.470245e-23   7.520063e-11
  4.217000e+06   1.700959e-17   5.933504e-23   6.707509e-11
  4.467000e+06   1.515417e-17   4.712988e-23   5.974997e-11
  4.732000e+06   1.350187e-17   3.742976e-23   5.323484e-11
  5.012000e+06   1.203058e-17   2.973440e-23   4.740382e-11
  5.309000e+06   1.071895e-17   2.361396e-23   4.220900e-11
  5.623000e+06   9.551412e-18   1.875273e-23   3.753357e-11
  5.957000e+06   8.512141e-18   1.489864e-23   3.344652e-11
  6.310000e+06   7.585893e-18   1.183161e-23   2.965453e-11
  6.683000e+06   6.760159e-18   9.399792e-24   2.643520e-11
  7.079000e+06   6.024299e-18   7.465154e-24   2.335850e-11
  7.499000e+06   5.368569e-18   5.929926e-24   2.081948e-11
  7.943000e+06   4.783971e-18   4.710101e-24   1.830040e-11
  8.414000e+06   4.263321e-18   3.741473e-24   1.631446e-11
  8.913000e+06   3.799313e-18   2.971872e-24   1.422319e-11
  9.441000e+06   3.385619e-18   2.360701e-24   1.268140e-11
  1.000000e+07   3.017301e-18   1.875124e-24   1.093086e-11
