# RAMSES silicates
# Modified log-normal distribution (Hirashita 2015)
# with a0=0.1 [micron], amin=5e-3 [micron], amax=1 [micron], alpha=0.75, s=3.3 [g/cm3]
# w [Angstrom] C_abs [cm^2] C_sca [cm^2] g
  1.000000e+01   2.008108e-13   2.073315e-13   3.631339e-04
  1.059000e+01   2.293553e-13   2.228684e-13   3.630965e-04
  1.122000e+01   2.604407e-13   2.328529e-13   3.630526e-04
  1.189000e+01   2.947395e-13   2.440055e-13   3.630157e-04
  1.259000e+01   3.307055e-13   2.503812e-13   3.629537e-04
  1.334000e+01   3.696145e-13   2.583239e-13   3.629073e-04
  1.413000e+01   4.113594e-13   2.586336e-13   3.628374e-04
  1.496000e+01   4.211317e-13   2.536550e-13   3.627726e-04
  1.585000e+01   4.682026e-13   2.559389e-13   3.626942e-04
  1.679000e+01   3.199675e-13   2.081559e-13   3.626113e-04
  1.778000e+01   3.578586e-13   2.824893e-13   3.625153e-04
  1.884000e+01   3.981142e-13   3.076784e-13   3.624147e-04
  1.995000e+01   4.403959e-13   3.253505e-13   3.623016e-04
  2.113000e+01   4.843338e-13   3.260315e-13   3.621835e-04
  2.239000e+01   5.286648e-13   3.122507e-13   3.620436e-04
  2.371000e+01   2.622648e-13   2.946171e-13   3.618984e-04
  2.512000e+01   2.938690e-13   4.309212e-13   3.617331e-04
  2.661000e+01   3.284250e-13   4.869362e-13   3.615523e-04
  2.818000e+01   3.673484e-13   5.319443e-13   3.613487e-04
  2.985000e+01   4.079916e-13   5.701233e-13   3.611329e-04
  3.162000e+01   4.495713e-13   6.038475e-13   3.608788e-04
  3.350000e+01   4.945768e-13   6.369413e-13   3.606288e-04
  3.548000e+01   5.424878e-13   6.686798e-13   3.603221e-04
  3.758000e+01   5.928837e-13   6.996429e-13   3.600119e-04
  3.981000e+01   6.457281e-13   7.293886e-13   3.596502e-04
  4.217000e+01   7.008927e-13   7.577457e-13   3.592802e-04
  4.467000e+01   7.583048e-13   7.854252e-13   3.588133e-04
  4.732000e+01   8.180480e-13   8.117223e-13   3.583884e-04
  5.012000e+01   8.797220e-13   8.367181e-13   3.578446e-04
  5.309000e+01   9.431737e-13   8.605998e-13   3.572953e-04
  5.623000e+01   1.009037e-12   8.826860e-13   3.566480e-04
  5.957000e+01   1.077264e-12   9.021911e-13   3.559515e-04
  6.310000e+01   1.144950e-12   9.187833e-13   3.552124e-04
  6.683000e+01   1.214632e-12   9.314354e-13   3.543588e-04
  7.079000e+01   1.285191e-12   9.363957e-13   3.534690e-04
  7.499000e+01   1.289159e-12   9.391764e-13   3.524729e-04
  7.943000e+01   1.359035e-12   9.751996e-13   3.514419e-04
  8.414000e+01   1.429670e-12   9.918364e-13   3.502027e-04
  8.913000e+01   1.499950e-12   1.001073e-12   3.488672e-04
  9.441000e+01   1.569130e-12   1.001443e-12   3.473855e-04
  1.000000e+02   1.637715e-12   9.808021e-13   3.457783e-04
  1.059000e+02   1.709464e-12   8.723733e-13   3.441022e-04
  1.122000e+02   1.533691e-12   9.647501e-13   3.422250e-04
  1.189000e+02   1.594001e-12   1.021953e-12   3.402680e-04
  1.259000e+02   1.654303e-12   1.025373e-12   3.381274e-04
  1.334000e+02   1.673886e-12   1.026886e-12   3.357892e-04
  1.413000e+02   1.680379e-12   1.077211e-12   3.330617e-04
  1.496000e+02   1.731382e-12   1.107326e-12   3.300654e-04
  1.585000e+02   1.780542e-12   1.129210e-12   3.266711e-04
  1.679000e+02   1.829668e-12   1.147860e-12   3.228902e-04
  1.778000e+02   1.881381e-12   1.158932e-12   3.187059e-04
  1.884000e+02   1.940880e-12   1.142722e-12   3.142297e-04
  1.995000e+02   1.897909e-12   1.168250e-12   3.091124e-04
  2.113000e+02   1.942837e-12   1.211114e-12   3.036481e-04
  2.239000e+02   1.991561e-12   1.234146e-12   2.979190e-04
  2.371000e+02   2.017943e-12   1.265768e-12   2.917774e-04
  2.512000e+02   2.082769e-12   1.299469e-12   2.854170e-04
  2.661000e+02   2.148298e-12   1.324158e-12   2.787894e-04
  2.818000e+02   2.211969e-12   1.343788e-12   2.720718e-04
  2.985000e+02   2.275546e-12   1.360862e-12   2.651381e-04
  3.162000e+02   2.337701e-12   1.376193e-12   2.581555e-04
  3.350000e+02   2.397589e-12   1.390167e-12   2.509580e-04
  3.548000e+02   2.455551e-12   1.403344e-12   2.437721e-04
  3.758000e+02   2.511493e-12   1.416867e-12   2.364581e-04
  3.981000e+02   2.564694e-12   1.431731e-12   2.290593e-04
  4.217000e+02   2.614561e-12   1.449315e-12   2.215854e-04
  4.467000e+02   2.661407e-12   1.471882e-12   2.140543e-04
  4.732000e+02   2.704373e-12   1.503673e-12   2.063353e-04
  5.012000e+02   2.744076e-12   1.551183e-12   1.983583e-04
  5.309000e+02   2.780266e-12   1.628230e-12   1.899859e-04
  5.623000e+02   2.814859e-12   1.758812e-12   1.807933e-04
  5.957000e+02   2.948297e-12   2.169514e-12   1.677411e-04
  6.310000e+02   3.808363e-12   2.541172e-12   1.598047e-04
  6.683000e+02   4.527795e-12   2.637698e-12   1.558768e-04
  7.079000e+02   4.911908e-12   2.641025e-12   1.517376e-04
  7.499000e+02   5.085622e-12   2.623471e-12   1.472562e-04
  7.943000e+02   5.053912e-12   2.547312e-12   1.433873e-04
  8.414000e+02   4.905856e-12   2.434841e-12   1.395998e-04
  8.913000e+02   4.822269e-12   2.329747e-12   1.343741e-04
  9.441000e+02   4.784569e-12   2.412718e-12   1.286980e-04
  1.000000e+03   4.581052e-12   2.396459e-12   1.245218e-04
  1.059000e+03   4.280369e-12   2.341722e-12   1.216047e-04
  1.122000e+03   4.011276e-12   2.250762e-12   1.184800e-04
  1.189000e+03   3.773223e-12   2.182868e-12   1.148888e-04
  1.259000e+03   3.549275e-12   2.131409e-12   1.111527e-04
  1.334000e+03   3.332201e-12   2.098164e-12   1.073879e-04
  1.413000e+03   3.113251e-12   2.097924e-12   1.036668e-04
  1.496000e+03   2.746967e-12   2.174419e-12   1.007913e-04
  1.585000e+03   2.242743e-12   2.263972e-12   9.666841e-05
  1.679000e+03   1.737637e-12   2.346335e-12   9.031953e-05
  1.778000e+03   1.298986e-12   2.399474e-12   8.317414e-05
  1.884000e+03   9.436277e-13   2.410201e-12   7.651198e-05
  1.995000e+03   6.709298e-13   2.384724e-12   7.078090e-05
  2.113000e+03   4.912837e-13   2.298607e-12   6.594967e-05
  2.239000e+03   4.017599e-13   2.145683e-12   6.238525e-05
  2.371000e+03   3.755909e-13   1.988529e-12   5.951683e-05
  2.512000e+03   3.555761e-13   1.830823e-12   5.649477e-05
  2.661000e+03   3.346917e-13   1.702078e-12   5.374895e-05
  2.818000e+03   3.164046e-13   1.580975e-12   5.088660e-05
  2.985000e+03   2.988699e-13   1.469952e-12   4.822647e-05
  3.162000e+03   2.810072e-13   1.370932e-12   4.560100e-05
  3.350000e+03   2.663262e-13   1.273440e-12   4.306708e-05
  3.548000e+03   2.491714e-13   1.189612e-12   4.068567e-05
  3.758000e+03   2.362120e-13   1.104803e-12   3.832107e-05
  3.981000e+03   2.206118e-13   1.032280e-12   3.614533e-05
  4.217000e+03   2.088418e-13   9.581708e-13   3.397504e-05
  4.467000e+03   1.946543e-13   8.948998e-13   3.198996e-05
  4.732000e+03   1.840116e-13   8.295470e-13   3.001908e-05
  5.012000e+03   1.715139e-13   7.737466e-13   2.821160e-05
  5.309000e+03   1.618773e-13   7.165383e-13   2.642215e-05
  5.623000e+03   1.508789e-13   6.675680e-13   2.479265e-05
  5.957000e+03   1.422481e-13   6.175468e-13   2.318380e-05
  6.310000e+03   1.326005e-13   5.743924e-13   2.171513e-05
  6.683000e+03   1.249047e-13   5.303454e-13   2.025189e-05
  7.079000e+03   1.164913e-13   4.921465e-13   1.894361e-05
  7.499000e+03   1.096365e-13   4.532570e-13   1.763606e-05
  7.943000e+03   1.021981e-13   4.195121e-13   1.645305e-05
  8.414000e+03   9.603084e-14   3.855682e-13   1.529826e-05
  8.913000e+03   8.948631e-14   3.560222e-13   1.424925e-05
  9.441000e+03   8.391854e-14   3.269560e-13   1.322845e-05
  1.000000e+04   7.816512e-14   3.013843e-13   1.230517e-05
  1.059000e+04   7.322719e-14   2.764675e-13   1.141451e-05
  1.122000e+04   6.826515e-14   2.540143e-13   1.059847e-05
  1.189000e+04   6.382975e-14   2.324321e-13   9.822748e-06
  1.259000e+04   5.964465e-14   2.125157e-13   9.096631e-06
  1.334000e+04   5.578269e-14   1.934119e-13   8.409860e-06
  1.413000e+04   5.239967e-14   1.758663e-13   7.766797e-06
  1.496000e+04   4.899472e-14   1.587207e-13   7.155784e-06
  1.585000e+04   4.596463e-14   1.431549e-13   6.590400e-06
  1.679000e+04   4.304246e-14   1.281793e-13   6.052107e-06
  1.778000e+04   4.039380e-14   1.143879e-13   5.554368e-06
  1.884000e+04   3.795213e-14   1.013268e-13   5.085916e-06
  1.995000e+04   3.575086e-14   8.940708e-14   4.649271e-06
  2.113000e+04   3.368153e-14   7.835645e-14   4.243182e-06
  2.239000e+04   3.179457e-14   6.835652e-14   3.865811e-06
  2.371000e+04   3.003438e-14   5.911032e-14   3.515867e-06
  2.512000e+04   2.837442e-14   5.078216e-14   3.188015e-06
  2.661000e+04   2.687020e-14   4.333092e-14   2.885754e-06
  2.818000e+04   2.550226e-14   3.675608e-14   2.608255e-06
  2.985000e+04   2.425713e-14   3.099260e-14   2.352713e-06
  3.162000e+04   2.314368e-14   2.590056e-14   2.118368e-06
  3.350000e+04   2.213670e-14   2.142034e-14   1.902860e-06
  3.548000e+04   2.108019e-14   1.752798e-14   1.700394e-06
  3.758000e+04   2.006468e-14   1.421364e-14   1.512755e-06
  3.981000e+04   1.913327e-14   1.145450e-14   1.341428e-06
  4.217000e+04   1.824684e-14   9.190553e-15   1.185111e-06
  4.467000e+04   1.740260e-14   7.325111e-15   1.045992e-06
  4.732000e+04   1.670723e-14   5.779076e-15   9.225367e-07
  5.012000e+04   1.616522e-14   4.509503e-15   8.130123e-07
  5.309000e+04   1.583737e-14   3.462808e-15   7.164627e-07
  5.623000e+04   1.574426e-14   2.617271e-15   6.308547e-07
  5.957000e+04   1.590167e-14   1.937400e-15   5.550015e-07
  6.310000e+04   1.617518e-14   1.395891e-15   4.872863e-07
  6.683000e+04   1.619221e-14   9.587073e-16   4.263658e-07
  7.079000e+04   1.626612e-14   5.939188e-16   3.702515e-07
  7.499000e+04   2.054538e-14   2.821483e-16   3.163119e-07
  7.943000e+04   4.590873e-14   1.270960e-16   2.665385e-07
  8.414000e+04   9.841453e-14   2.779384e-16   2.270256e-07
  8.913000e+04   1.518346e-13   5.610322e-16   1.920303e-07
  9.441000e+04   2.044005e-13   1.086078e-15   1.625257e-07
  1.000000e+05   1.838934e-13   1.145055e-15   1.506790e-07
  1.059000e+05   1.520482e-13   1.074722e-15   1.452897e-07
  1.122000e+05   1.154071e-13   8.322438e-16   1.490168e-07
  1.189000e+05   8.881541e-14   6.331326e-16   1.500426e-07
  1.259000e+05   6.675937e-14   4.582502e-16   1.476495e-07
  1.334000e+05   5.047189e-14   3.151512e-16   1.367101e-07
  1.413000e+05   4.213071e-14   2.012546e-16   1.169310e-07
  1.496000e+05   4.667617e-14   1.385239e-16   9.629184e-08
  1.585000e+05   5.494210e-14   1.112932e-16   8.066839e-08
  1.679000e+05   6.416815e-14   1.026136e-16   6.819870e-08
  1.778000e+05   7.040293e-14   1.021538e-16   5.863798e-08
  1.884000e+05   7.000135e-14   1.000361e-16   5.193040e-08
  1.995000e+05   6.286622e-14   8.974813e-17   4.819270e-08
  2.113000e+05   5.487444e-14   7.442691e-17   4.543200e-08
  2.239000e+05   4.820645e-14   6.098405e-17   4.272208e-08
  2.371000e+05   4.242838e-14   4.924221e-17   4.012209e-08
  2.512000e+05   3.747753e-14   3.977939e-17   3.759278e-08
  2.661000e+05   3.305400e-14   3.181896e-17   3.522871e-08
  2.818000e+05   2.921618e-14   2.547609e-17   3.297156e-08
  2.985000e+05   2.587693e-14   2.040158e-17   3.076318e-08
  3.162000e+05   2.291133e-14   1.628028e-17   2.870125e-08
  3.350000e+05   2.033813e-14   1.297333e-17   2.668119e-08
  3.548000e+05   1.815704e-14   1.033351e-17   2.465804e-08
  3.758000e+05   1.623825e-14   8.233266e-18   2.275661e-08
  3.981000e+05   1.444707e-14   6.574825e-18   2.105508e-08
  4.217000e+05   1.282962e-14   5.248564e-18   1.948909e-08
  4.467000e+05   1.137368e-14   4.181008e-18   1.798920e-08
  4.732000e+05   1.007475e-14   3.328216e-18   1.657919e-08
  5.012000e+05   8.918042e-15   2.648401e-18   1.524917e-08
  5.309000e+05   7.888639e-15   2.106188e-18   1.400296e-08
  5.623000e+05   6.978154e-15   1.674082e-18   1.280382e-08
  5.957000e+05   6.165867e-15   1.330228e-18   1.169548e-08
  6.310000e+05   5.449487e-15   1.056444e-18   1.065307e-08
  6.683000e+05   4.814473e-15   8.390049e-19   9.682452e-09
  7.079000e+05   4.257271e-15   6.659675e-19   8.767480e-09
  7.499000e+05   3.763439e-15   5.286828e-19   7.942263e-09
  7.943000e+05   3.328610e-15   4.196231e-19   7.156871e-09
  8.414000e+05   2.945530e-15   3.330928e-19   6.461491e-09
  8.913000e+05   2.609560e-15   2.643022e-19   5.805433e-09
  9.441000e+05   2.311984e-15   2.097687e-19   5.222174e-09
  1.000000e+06   2.049071e-15   1.664850e-19   4.684860e-09
  1.059000e+06   1.816244e-15   1.321760e-19   4.204509e-09
  1.122000e+06   1.611631e-15   1.048924e-19   3.763971e-09
  1.189000e+06   1.430792e-15   8.325621e-20   3.370554e-09
  1.259000e+06   1.269816e-15   6.610278e-20   3.013098e-09
  1.334000e+06   1.127934e-15   5.247792e-20   2.694645e-09
  1.413000e+06   1.002216e-15   4.166148e-20   2.404345e-09
  1.496000e+06   8.907959e-16   3.307428e-20   2.149862e-09
  1.585000e+06   7.919017e-16   2.626135e-20   1.913516e-09
  1.679000e+06   7.041843e-16   2.085216e-20   1.710852e-09
  1.778000e+06   6.263360e-16   1.655860e-20   1.521588e-09
  1.884000e+06   5.571791e-16   1.314809e-20   1.358938e-09
  1.995000e+06   4.957864e-16   1.043940e-20   1.206733e-09
  2.113000e+06   4.412873e-16   8.289994e-21   1.078270e-09
  2.239000e+06   3.928535e-16   6.583427e-21   9.567145e-10
  2.371000e+06   3.497510e-16   5.228250e-21   8.532439e-10
  2.512000e+06   3.114276e-16   4.152115e-21   7.567704e-10
  2.661000e+06   2.772575e-16   3.297541e-21   6.747005e-10
  2.818000e+06   2.468522e-16   2.619073e-21   5.975317e-10
  2.985000e+06   2.197959e-16   2.079953e-21   5.333036e-10
  3.162000e+06   1.957784e-16   1.651893e-21   4.715202e-10
  3.350000e+06   1.744132e-16   1.312126e-21   4.208196e-10
  3.548000e+06   1.554034e-16   1.042079e-21   3.710831e-10
  3.758000e+06   1.384439e-16   8.277023e-22   3.310634e-10
  3.981000e+06   1.233382e-16   6.574356e-22   2.917366e-10
  4.217000e+06   1.098798e-16   5.221670e-22   2.601935e-10
  4.467000e+06   9.789040e-17   4.147433e-22   2.289834e-10
  4.732000e+06   8.721725e-17   3.294143e-22   2.040512e-10
  5.012000e+06   7.771305e-17   2.616734e-22   1.793214e-10
  5.309000e+06   6.924404e-17   2.078106e-22   1.596775e-10
  5.623000e+06   6.170101e-17   1.650526e-22   1.400114e-10
  5.957000e+06   5.498662e-17   1.311122e-22   1.247649e-10
  6.310000e+06   4.900234e-17   1.041168e-22   1.090498e-10
  6.683000e+06   4.366759e-17   8.271846e-23   9.722314e-11
  7.079000e+06   3.891495e-17   6.569509e-23   8.472737e-11
  7.499000e+06   3.467943e-17   5.218508e-23   7.551905e-11
  7.943000e+06   3.090249e-17   4.145093e-23   6.559661e-11
  8.414000e+06   2.753980e-17   3.292628e-23   5.848906e-11
  8.913000e+06   2.454145e-17   2.615302e-23   5.060109e-11
  9.441000e+06   2.187022e-17   2.077481e-23   4.511701e-11
  1.000000e+07   1.949101e-17   1.650103e-23   3.888186e-11
