       0.0000000       0.0000000
     0.050000000  -0.00054688698
      0.10000000    0.0056969469
      0.15000000     0.034687249
      0.20000000     0.093130576
      0.25000000      0.16638854
      0.30000000      0.22650582
      0.35000000      0.26085454
      0.40000000      0.29921671
      0.45000000      0.40724137
      0.50000000      0.63649733
      0.55000000      0.96733519
      0.60000000       1.3089242
      0.65000000       1.5898757
      0.70000000       1.8889017
      0.75000000       2.4854632
      0.80000000       3.7344269
      0.85000000       5.7977675
      0.90000000       8.4104497
      0.95000000       10.887189
       1.0000000       12.431254
       1.0500000       12.577820
       1.1000000       11.471226
       1.1500000       9.7687623
       1.2000000       8.2327735
       1.2500000       7.3120817
       1.3000000       7.0212672
       1.3500000       7.1848860
       1.4000000       7.8088676
       1.4500000       9.2329603
       1.5000000       11.899040
       1.5500000       15.897129
       1.6000000       20.656762
       1.6500000       25.059839
       1.7000000       27.939137
       1.7500000       28.644304
       1.8000000       27.321455
       1.8500000       24.768428
       1.9000000       22.010399
       1.9500000       19.875723
       2.0000000       18.780726
       2.0500000       18.759602
       2.1000000       19.646286
       2.1500000       21.282518
       2.2000000       23.642493
       2.2500000       26.787885
       2.3000000       30.630140
       2.3500000       34.631489
       2.4000000       37.752977
       2.4500000       38.964196
       2.5000000       38.281453
       2.5500000       37.736621
       2.6000000       41.331282
       2.6500000       53.378121
       2.7000000       75.697041
       2.7500000       105.26762
       2.8000000       134.19657
       2.8500000       152.72882
       2.9000000       154.03930
       2.9500000       138.03929
       3.0000000       111.67563
       3.0500000       85.279288
       3.1000000       67.129774
       3.1500000       59.658642
       3.2000000       59.601237
       3.2500000       61.643516
       3.3000000       62.699704
       3.3500000       63.709275
       3.4000000       67.920412
       3.4500000       77.400749
       3.5000000       90.802567
       3.5500000       104.22112
       3.6000000       114.32881
       3.6500000       121.04459
       3.7000000       127.38844
       3.7500000       136.56002
       3.8000000       148.66941
       3.8500000       159.93391
       3.9000000       165.18676
       3.9500000       161.80158
       4.0000000       151.90400
       4.0500000       141.03561
       4.1000000       134.24418
       4.1500000       132.60804
       4.2000000       132.86754
       4.2500000       130.36295
       4.3000000       122.95331
       4.3500000       112.90170
       4.4000000       105.41011
       4.4500000       105.07199
       4.5000000       112.97971
       4.5500000       126.52951
       4.6000000       141.82844
       4.6500000       156.79119
       4.7000000       172.77245
       4.7500000       193.86262
       4.8000000       224.54434
       4.8500000       267.12845
       4.9000000       320.06994
       4.9500000       377.56398
       5.0000000       430.46375
       5.0500000       468.51139
       5.1000000       483.65394
       5.1500000       473.43458
       5.2000000       442.68670
       5.2500000       401.99985
       5.3000000       363.05797
       5.3500000       333.16809
       5.4000000       312.33494
       5.4500000       294.90414
       5.5000000       274.69733
       5.5500000       249.96267
       5.6000000       224.47088
       5.6500000       204.04232
       5.7000000       191.50649
       5.7500000       184.57593
       5.8000000       178.89921
       5.8500000       174.13912
       5.9000000       177.84288
       5.9500000       202.78494
       6.0000000       258.22805
       6.0500000       340.61768
       6.1000000       430.70074
       6.1500000       500.34354
       6.2000000       525.84240
       6.2500000       499.84689
       6.3000000       434.56083
       6.3500000       354.46421
       6.4000000       283.40466
       6.4500000       234.08276
       6.5000000       205.63415
       6.5500000       189.21362
       6.6000000       176.41323
       6.6500000       164.47048
       6.7000000       155.57384
       6.7500000       152.26831
       6.8000000       153.47881
       6.8500000       154.39633
       6.9000000       149.94483
       6.9500000       138.66008
       7.0000000       123.76827
       7.0500000       110.70602
       7.1000000       103.20492
       7.1500000       100.98395
       7.2000000       100.61744
       7.2500000       98.571183
       7.3000000       93.860911
       7.3500000       88.349608
       7.4000000       84.738362
       7.4500000       84.091936
       7.5000000       84.921498
       7.5500000       84.429948
       7.6000000       80.767495
       7.6500000       74.436669
       7.7000000       67.798223
       7.7500000       63.188503
       7.8000000       61.210753
       7.8500000       60.518754
       7.9000000       59.172441
       7.9500000       56.426580
       8.0000000       53.541278
       8.0500000       53.013745
       8.1000000       56.826146
       8.1500000       64.981753
       8.2000000       75.309492
       8.2500000       84.573647
       8.3000000       90.071538
       8.3500000       90.723738
       8.4000000       87.172897
       8.4500000       81.123860
       8.5000000       74.533555
       8.5500000       69.107122
       8.6000000       66.128645
       8.6500000       66.375022
       8.7000000       69.939729
       8.7500000       76.077306
       8.8000000       83.336641
       8.8500000       90.093929
       8.9000000       95.244060
       8.9500000       98.609076
       9.0000000       100.78114
       9.0500000       102.54415
       9.1000000       104.34445
       9.1500000       106.21807
       9.2000000       108.16340
       9.2500000       110.53241
       9.3000000       113.98077
       9.3500000       118.92089
       9.4000000       124.92401
       9.4500000       130.66199
       9.5000000       134.58975
       9.5500000       135.95821
       9.6000000       135.37864
       9.6500000       134.47475
       9.7000000       134.81468
       9.7500000       136.91284
       9.8000000       140.02932
       9.8500000       142.86664
       9.9000000       144.54938
       9.9500000       145.08257
       10.000000       144.96889
       10.050000       144.41624
       10.100000       142.93107
       10.150000       139.74522
       10.200000       134.75874
       10.250000       129.15910
       10.300000       125.07490
       10.350000       124.40686
       10.400000       127.68907
       10.450000       133.87224
       10.500000       141.21181
       10.550000       148.57172
       10.600000       156.12306
       10.650000       164.90492
       10.700000       175.62363
       10.750000       187.65881
       10.800000       199.07011
       10.850000       207.61424
       10.900000       212.05838
       10.950000       212.90636
       11.000000       212.16796
       11.050000       212.44390
       11.100000       215.93463
       11.150000       223.81704
       11.200000       236.05806
       11.250000       251.50915
       11.300000       268.20288
       11.350000       283.89431
       11.400000       296.80834
       11.450000       306.28895
       11.500000       312.90142
       11.550000       317.78436
       11.600000       321.63441
       11.650000       324.10732
       11.700000       324.23318
       11.750000       321.65344
       11.800000       317.71338
       11.850000       315.35938
       11.900000       317.64204
       11.950000       325.74020
       12.000000       337.97489
       12.050000       350.68741
       12.100000       360.50297
       12.150000       366.42128
       12.200000       370.22925
       12.250000       374.95336
       12.300000       382.48480
       12.350000       392.09510
       12.400000       400.84232
       12.450000       405.45777
       12.500000       404.31845
       12.550000       398.21464
       12.600000       389.66755
       12.650000       381.58293
       12.700000       376.27891
       12.750000       375.30240
       12.800000       379.62541
       12.850000       389.56482
       12.900000       404.25318
       12.950000       421.17569
       13.000000       436.51833
       13.050000       446.51042
       13.100000       449.09954
       13.150000       444.90915
       13.200000       436.81512
       13.250000       428.44845
       13.300000       422.58524
       13.350000       420.36598
       13.400000       421.53358
       13.450000       425.18306
       13.500000       430.30560
       13.550000       435.86723
       13.600000       440.70791
       13.650000       443.72798
       13.700000       444.45756
       13.750000       443.62993
       13.800000       443.19926
       13.850000       445.65048
       13.900000       452.96682
       13.950000       465.91686
       14.000000       484.03825
       14.050000       506.13452
       14.100000       530.78058
       14.150000       556.43761
       14.200000       581.24846
       14.250000       602.95877
       14.300000       619.30789
       14.350000       628.84926
       14.400000       631.71392
       14.450000       629.79090
       14.500000       626.13224
       14.550000       623.84727
       14.600000       625.00540
       14.650000       630.01752
       14.700000       637.70899
       14.750000       646.02993
       14.800000       653.16835
       14.850000       658.67037
       14.900000       664.06670
       14.950000       672.56110
       15.000000       687.70409
       15.050000       711.54417
       15.100000       743.20948
       15.150000       778.81155
       15.200000       812.88501
       15.250000       840.62820
       15.300000       859.69002
       15.350000       870.52233
       15.400000       875.29327
       15.450000       876.23393
       15.500000       874.58971
       15.550000       870.69465
       15.600000       864.83744
       15.650000       858.04836
       15.700000       852.19152
       15.750000       849.43395
       15.800000       851.64966
       15.850000       860.18394
       15.900000       875.88928
       15.950000       898.95993
       16.000000       928.28770
       16.050000       960.73304
       16.100000       991.12915
       16.150000       1013.5691
       16.200000       1023.6557
       16.250000       1020.4924
       16.300000       1007.1956
       16.350000       989.48859
       16.400000       973.17445
       16.450000       961.90163
       16.500000       956.32431
       16.550000       954.75436
       16.600000       954.55204
       16.650000       953.30954
       16.700000       949.43535
       16.750000       942.31406
       16.800000       932.39203
       16.850000       921.21653
       16.900000       911.11743
       16.950000       904.31920
       17.000000       901.80238
       17.050000       902.66400
       17.100000       904.63348
       17.150000       905.59425
       17.200000       905.16399
       17.250000       905.20533
       17.300000       908.78976
       17.350000       918.21713
       17.400000       933.37659
       17.450000       951.46410
       17.500000       968.14703
       17.550000       979.35509
       17.600000       982.65048
       17.650000       977.62050
       17.700000       965.48826
       17.750000       948.47128
       17.800000       929.27116
       17.850000       910.65753
       17.900000       894.93207
       17.950000       883.31278
       18.000000       875.59292
       18.050000       870.44586
       18.100000       866.34592
       18.150000       862.53246
       18.200000       859.30659
       18.250000       857.40370
       18.300000       856.89185
       18.350000       856.44622
       18.400000       853.62170
       18.450000       845.98856
       18.500000       832.38551
       18.550000       813.48504
       18.600000       791.40918
       18.650000       768.79037
       18.700000       747.94347
       18.750000       730.52696
       18.800000       717.61066
       18.850000       709.75031
       18.900000       706.87091
       18.950000       708.09731
       19.000000       711.85553
       19.050000       716.38865
       19.100000       720.41322
       19.150000       723.48397
       19.200000       725.79883
       19.250000       727.63842
       19.300000       728.90543
       19.350000       729.13227
       19.400000       727.90697
       19.450000       725.29027
       19.500000       721.86207
       19.550000       718.33179
       19.600000       715.08250
       19.650000       712.01212
       19.700000       708.77600
       19.750000       705.15718
       19.800000       701.19152
       19.850000       696.96499
       19.900000       692.34771
       19.950000       687.02284
       20.000000       680.91171
       20.050000       674.65278
       20.100000       669.63926
       20.150000       667.38696
       20.200000       668.55885
       20.250000       672.31853
       20.300000       676.56262
       20.350000       678.98614
       20.400000       678.33599
       20.450000       675.04938
       20.500000       670.87663
       20.550000       667.75942
       20.600000       666.70462
       20.650000       667.34123
       20.700000       668.34115
       20.750000       668.31371
       20.800000       666.55059
       20.850000       663.20288
       20.900000       658.88854
       20.950000       654.13296
       21.000000       649.04188
       21.050000       643.39139
       21.100000       636.96854
       21.150000       629.85859
       21.200000       622.43875
       21.250000       615.12391
       21.300000       608.07287
       21.350000       601.11731
       21.400000       593.98468
       21.450000       586.64752
       21.500000       579.51855
       21.550000       573.30974
       21.600000       568.61782
       21.650000       565.54378
       21.700000       563.64236
       21.750000       562.30144
       21.800000       561.29018
       21.850000       561.06041
       21.900000       562.52718
       21.950000       566.38821
       22.000000       572.43897
       22.050000       579.37513
       22.100000       585.25539
       22.150000       588.38760
       22.200000       588.05905
       22.250000       584.69085
       22.300000       579.37549
       22.350000       573.18717
       22.400000       566.72335
       22.450000       560.12378
       22.500000       553.39873
       22.550000       546.72453
       22.600000       540.45425
       22.650000       534.91498
       22.700000       530.22416
       22.750000       526.32070
       22.800000       523.15336
       22.850000       520.80484
       22.900000       519.36697
       22.950000       518.66267
       23.000000       518.06558
       23.050000       516.66210
       23.100000       513.69123
       23.150000       508.97517
       23.200000       503.01808
       23.250000       496.70207
       23.300000       490.81961
       23.350000       485.78817
       23.400000       481.71128
       23.450000       478.65041
       23.500000       476.80752
       23.550000       476.44934
       23.600000       477.62671
       23.650000       479.98913
       23.700000       482.84291
       23.750000       485.44900
       23.800000       487.30360
       23.850000       488.19522
       23.900000       488.05875
       23.950000       486.79943
       24.000000       484.28993
       24.050000       480.53062
       24.100000       475.79882
       24.150000       470.58920
       24.200000       465.37665
       24.250000       460.36277
       24.300000       455.45206
       24.350000       450.45538
       24.400000       445.34820
       24.450000       440.33724
       24.500000       435.69216
       24.550000       431.50112
       24.600000       427.58558
       24.650000       423.67260
       24.700000       419.65352
       24.750000       415.69005
       24.800000       412.06721
       24.850000       408.92219
       24.900000       406.14012
       24.950000       403.51573
       25.000000       401.07062
       25.050000       399.19810
       25.100000       398.45685
       25.150000       399.13041
       25.200000       400.89281
       25.250000       402.86814
       25.300000       404.06819
       25.350000       403.89624
       25.400000       402.36251
       25.450000       399.89801
       25.500000       396.97837
       25.550000       393.87067
       25.600000       390.65796
       25.650000       387.41380
       25.700000       384.30134
       25.750000       381.46329
       25.800000       378.84439
       25.850000       376.16147
       25.900000       373.11926
       25.950000       369.71813
       26.000000       366.34627
       26.050000       363.54188
       26.100000       361.57753
       26.150000       360.20588
       26.200000       358.80057
       26.250000       356.79231
       26.300000       354.04207
       26.350000       350.86376
       26.400000       347.68691
       26.450000       344.67653
       26.500000       341.63652
       26.550000       338.27673
       26.600000       334.57230
       26.650000       330.89641
       26.700000       327.78285
       26.750000       325.53641
       26.800000       324.02610
       26.850000       322.83300
       26.900000       321.60624
       26.950000       320.29862
       27.000000       319.08649
       27.050000       318.08218
       27.100000       317.12287
       27.150000       315.86537
       27.200000       314.09822
       27.250000       311.98349
       27.300000       309.98877
       27.350000       308.54468
       27.400000       307.73721
       27.450000       307.29633
       27.500000       306.88729
       27.550000       306.43800
       27.600000       306.18921
       27.650000       306.42886
       27.700000       307.13901
       27.750000       307.89673
       27.800000       308.12430
       27.850000       307.47890
       27.900000       306.05201
       27.950000       304.21388
       28.000000       302.27148
       28.050000       300.24931
       28.100000       297.98641
       28.150000       295.43154
       28.200000       292.83716
       28.250000       290.64011
       28.300000       289.12358
       28.350000       288.18988
       28.400000       287.44460
       28.450000       286.55627
       28.500000       285.55634
       28.550000       284.81143
       28.600000       284.67460
       28.650000       285.12645
       28.700000       285.73086
       28.750000       285.95075
       28.800000       285.55781
       28.850000       284.78070
       28.900000       284.06396
       28.950000       283.67175
       29.000000       283.48589
       29.050000       283.17014
       29.100000       282.53097
       29.150000       281.73739
       29.200000       281.18424
       29.250000       281.12335
       29.300000       281.41579
       29.350000       281.62178
       29.400000       281.37335
       29.450000       280.68362
       29.500000       279.91715
       29.550000       279.46340
       29.600000       279.39985
       29.650000       279.46812
       29.700000       279.37340
       29.750000       279.12622
       29.800000       279.10591
       29.850000       279.76038
       29.900000       281.20663
       29.950000       283.08471
       30.000000       284.79435
