       0.0000000       0.0000000
     0.050000000     -0.19661979
      0.10000000     -0.60279999
      0.15000000     -0.96412872
      0.20000000      -1.2208930
      0.25000000      -1.3748078
      0.30000000      -1.4517706
      0.35000000      -1.4966742
      0.40000000      -1.4894314
      0.45000000      -1.4341393
      0.50000000      -1.3637066
      0.55000000      -1.2252099
      0.60000000      -1.0056888
      0.65000000     -0.75403319
      0.70000000     -0.39559274
      0.75000000      0.14964720
      0.80000000      0.88439670
      0.85000000       1.9706173
      0.90000000       3.5680397
      0.95000000       5.3299238
       1.0000000       6.4364745
       1.0500000       6.3004980
       1.1000000       5.2713641
       1.1500000       4.3197943
       1.2000000       3.8882368
       1.2500000       3.7863312
       1.3000000       4.0670664
       1.3500000       4.8917625
       1.4000000       6.1236460
       1.4500000       7.8523051
       1.5000000       10.180238
       1.5500000       12.565537
       1.6000000       14.817943
       1.6500000       17.871917
       1.7000000       22.388381
       1.7500000       27.470528
       1.8000000       31.303087
       1.8500000       33.401377
       1.9000000       36.155470
       1.9500000       41.501229
       2.0000000       46.185304
       2.0500000       45.196652
       2.1000000       39.043418
       2.1500000       32.232917
       2.2000000       27.170730
       2.2500000       24.075495
       2.3000000       23.016877
       2.3500000       23.587387
       2.4000000       25.774413
       2.4500000       30.482708
       2.5000000       38.089918
       2.5500000       49.537577
       2.6000000       66.401299
       2.6500000       84.815316
       2.7000000       94.311832
       2.7500000       88.941404
       2.8000000       75.026111
       2.8500000       63.259450
       2.9000000       57.905361
       2.9500000       58.029258
       3.0000000       63.755276
       3.0500000       73.991939
       3.1000000       81.864908
       3.1500000       81.000992
       3.2000000       73.779834
       3.2500000       67.224532
       3.3000000       65.290895
       3.3500000       68.751839
       3.4000000       77.450997
       3.4500000       92.224552
       3.5000000       115.30280
       3.5500000       142.16936
       3.6000000       156.96313
       3.6500000       148.73855
       3.7000000       126.26878
       3.7500000       105.43252
       3.8000000       91.894751
       3.8500000       83.836619
       3.9000000       79.795648
       3.9500000       78.700154
       4.0000000       79.605781
       4.0500000       82.589389
       4.1000000       87.961419
       4.1500000       95.243004
       4.2000000       101.66946
       4.2500000       103.59800
       4.3000000       102.01559
       4.3500000       101.66487
       4.4000000       104.10808
       4.4500000       108.25853
       4.5000000       114.27250
       4.5500000       120.69807
       4.6000000       123.67764
       4.6500000       122.37490
       4.7000000       120.26664
       4.7500000       121.64712
       4.8000000       129.51160
       4.8500000       145.14120
       4.9000000       168.53032
       4.9500000       197.93095
       5.0000000       232.00167
       5.0500000       277.60117
       5.1000000       343.87326
       5.1500000       422.26997
       5.2000000       498.88644
       5.2500000       585.52477
       5.3000000       688.70327
       5.3500000       757.85271
       5.4000000       735.20354
       5.4500000       643.84950
       5.5000000       558.48733
       5.5500000       516.01624
       5.6000000       509.28688
       5.6500000       525.28578
       5.7000000       546.03169
       5.7500000       551.34048
       5.8000000       539.76167
       5.8500000       517.49806
       5.9000000       476.48599
       5.9500000       410.59726
       6.0000000       334.73790
       6.0500000       269.18002
       6.1000000       221.32558
       6.1500000       189.29414
       6.2000000       169.48103
       6.2500000       157.82736
       6.3000000       150.58156
       6.3500000       145.43898
       6.4000000       141.33535
       6.4500000       137.62136
       6.5000000       134.50773
       6.5500000       134.31261
       6.6000000       139.01844
       6.6500000       145.81306
       6.7000000       148.89333
       6.7500000       145.31907
       6.8000000       136.21096
       6.8500000       124.98551
       6.9000000       116.28113
       6.9500000       112.90318
       7.0000000       113.23145
       7.0500000       113.86645
       7.1000000       113.09079
       7.1500000       110.48682
       7.2000000       105.94462
       7.2500000       100.27870
       7.3000000       95.146519
       7.3500000       91.453238
       7.4000000       88.438756
       7.4500000       85.059244
       7.5000000       81.562721
       7.5500000       78.575506
       7.6000000       75.944104
       7.6500000       73.894709
       7.7000000       73.603195
       7.7500000       75.443188
       7.8000000       78.126149
       7.8500000       80.199544
       7.9000000       81.988176
       7.9500000       85.550154
       8.0000000       91.495138
       8.0500000       96.934306
       8.1000000       99.313302
       8.1500000       100.04566
       8.2000000       100.96469
       8.2500000       100.81791
       8.3000000       98.490534
       8.3500000       95.397653
       8.4000000       92.710265
       8.4500000       90.405760
       8.5000000       89.110324
       8.5500000       89.041175
       8.6000000       88.592911
       8.6500000       87.062880
       8.7000000       86.489781
       8.7500000       89.063639
       8.8000000       95.464277
       8.8500000       105.38707
       8.9000000       115.97787
       8.9500000       121.88879
       9.0000000       121.34906
       9.0500000       118.88884
       9.1000000       118.30071
       9.1500000       117.82661
       9.2000000       115.15565
       9.2500000       111.34051
       9.3000000       107.67197
       9.3500000       103.54923
       9.4000000       98.434446
       9.4500000       93.169724
       9.5000000       89.351433
       9.5500000       88.094596
       9.6000000       89.399654
       9.6500000       93.308060
       9.7000000       100.58825
       9.7500000       111.00515
       9.8000000       122.45988
       9.8500000       132.26055
       9.9000000       138.08662
       9.9500000       139.30058
       10.000000       137.90980
       10.050000       135.79200
       10.100000       132.16912
       10.150000       126.37721
       10.200000       120.40537
       10.250000       116.94146
       10.300000       117.65092
       10.350000       123.16048
       10.400000       132.60457
       10.450000       144.46395
       10.500000       158.02756
       10.550000       172.28232
       10.600000       184.85369
       10.650000       193.57200
       10.700000       197.88425
       10.750000       199.10498
       10.800000       199.69535
       10.850000       200.53688
       10.900000       200.07201
       10.950000       198.26271
       11.000000       198.26593
       11.050000       202.04785
       11.100000       208.29483
       11.150000       216.24631
       11.200000       227.90527
       11.250000       245.07675
       11.300000       266.28513
       11.350000       287.41189
       11.400000       304.82148
       11.450000       317.62557
       11.500000       327.14331
       11.550000       334.69011
       11.600000       340.28317
       11.650000       343.56063
       11.700000       345.22534
       11.750000       346.22855
       11.800000       346.16050
       11.850000       344.90996
       11.900000       345.07057
       11.950000       349.48772
       12.000000       357.29831
       12.050000       365.36684
       12.100000       372.41971
       12.150000       379.34234
       12.200000       386.71315
       12.250000       393.94384
       12.300000       400.10948
       12.350000       405.02129
       12.400000       410.31542
       12.450000       418.51786
       12.500000       428.70185
       12.550000       434.90005
       12.600000       432.72422
       12.650000       425.14786
       12.700000       417.64175
       12.750000       411.84706
       12.800000       407.97488
       12.850000       407.35974
       12.900000       409.39120
       12.950000       412.01375
       13.000000       415.84946
       13.050000       422.25961
       13.100000       429.24612
       13.150000       433.52255
       13.200000       433.73545
       13.250000       429.95448
       13.300000       423.29480
       13.350000       416.21189
       13.400000       410.90586
       13.450000       407.91773
       13.500000       407.12302
       13.550000       409.55632
       13.600000       417.04505
       13.650000       428.97000
       13.700000       441.52438
       13.750000       452.84396
       13.800000       465.67820
       13.850000       482.17008
       13.900000       500.53133
       13.950000       519.11054
       14.000000       538.64682
       14.050000       558.62983
       14.100000       575.02775
       14.150000       583.23798
       14.200000       582.85298
       14.250000       578.99568
       14.300000       577.83851
       14.350000       581.73539
       14.400000       590.16712
       14.450000       602.58701
       14.500000       618.00733
       14.550000       634.48666
       14.600000       650.50858
       14.650000       665.04335
       14.700000       676.59950
       14.750000       684.25649
       14.800000       689.60185
       14.850000       696.58338
       14.900000       709.15028
       14.950000       729.84425
       15.000000       760.67465
       15.050000       801.87196
       15.100000       847.35545
       15.150000       885.66971
       15.200000       909.55955
       15.250000       922.10926
       15.300000       931.60943
       15.350000       943.81302
       15.400000       960.43010
       15.450000       980.65173
       15.500000       1000.4376
       15.550000       1012.4671
       15.600000       1011.1821
       15.650000       997.76420
       15.700000       977.57660
       15.750000       955.00425
       15.800000       933.74977
       15.850000       918.06895
       15.900000       910.23092
       15.950000       910.06738
       16.000000       917.41917
       16.050000       931.31235
       16.100000       948.40030
       16.150000       965.10043
       16.200000       978.73202
       16.250000       986.41162
       16.300000       986.81079
       16.350000       982.29669
       16.400000       976.83278
       16.450000       973.59264
       16.500000       974.91197
       16.550000       981.22176
       16.600000       989.73592
       16.650000       996.39658
       16.700000       998.82998
       16.750000       996.73647
       16.800000       990.87634
       16.850000       983.00830
       16.900000       975.88335
       16.950000       971.70365
       17.000000       970.97740
       17.050000       974.09205
       17.100000       982.39950
       17.150000       995.38605
       17.200000       1008.3550
       17.250000       1015.3845
       17.300000       1013.6887
       17.350000       1004.0941
       17.400000       988.84978
       17.450000       970.27457
       17.500000       950.92371
       17.550000       933.39488
       17.600000       918.82777
       17.650000       906.27148
       17.700000       894.24094
       17.750000       882.08089
       17.800000       870.35769
       17.850000       861.51717
       17.900000       859.04645
       17.950000       864.59048
       18.000000       877.30153
       18.050000       895.57454
       18.100000       916.70280
       18.150000       935.83121
       18.200000       948.29017
       18.250000       952.66159
       18.300000       950.43454
       18.350000       943.55984
       18.400000       932.88010
       18.450000       918.34702
       18.500000       900.10913
       18.550000       878.97868
       18.600000       856.50585
       18.650000       835.32821
       18.700000       818.27245
       18.750000       806.22289
       18.800000       797.96777
       18.850000       792.03445
       18.900000       787.30522
       18.950000       782.62721
       19.000000       777.47905
       19.050000       772.73262
       19.100000       769.89274
       19.150000       769.65419
       19.200000       771.35988
       19.250000       773.68974
       19.300000       775.62885
       19.350000       776.91488
       19.400000       777.94627
       19.450000       779.05888
       19.500000       779.77452
       19.550000       779.56122
       19.600000       779.11888
       19.650000       779.39218
       19.700000       779.74379
       19.750000       778.63922
       19.800000       775.35737
       19.850000       769.81847
       19.900000       761.64859
       19.950000       750.22650
       20.000000       735.33669
       20.050000       717.79689
       20.100000       699.46497
       20.150000       682.44544
       20.200000       668.43189
       20.250000       658.36388
       20.300000       652.10458
       20.350000       649.02212
       20.400000       649.09347
       20.450000       652.32922
       20.500000       657.23956
       20.550000       661.29084
       20.600000       662.94238
       20.650000       662.50004
       20.700000       661.09254
       20.750000       659.38210
       20.800000       657.49311
       20.850000       655.78084
       20.900000       654.96202
       20.950000       655.58034
       21.000000       657.71117
       21.050000       660.80789
       21.100000       663.75680
       21.150000       665.78336
       21.200000       667.08476
       21.250000       668.10809
       21.300000       668.73666
       21.350000       668.32066
       21.400000       666.01605
       21.450000       661.44780
       21.500000       655.36338
       21.550000       649.07261
       21.600000       643.20882
       21.650000       637.39697
       21.700000       630.83766
       21.750000       623.06256
       21.800000       614.45400
       21.850000       606.00497
       21.900000       598.55696
       21.950000       592.32692
       22.000000       586.92485
       22.050000       581.79682
       22.100000       576.74416
       22.150000       571.76028
       22.200000       566.62200
       22.250000       561.19908
       22.300000       555.72457
       22.350000       550.43921
       22.400000       545.58997
       22.450000       541.63748
       22.500000       538.83711
       22.550000       537.03630
       22.600000       536.09564
       22.650000       536.02467
       22.700000       536.85446
       22.750000       538.55649
       22.800000       540.66463
       22.850000       542.25799
       22.900000       542.76070
       22.950000       542.30519
       23.000000       541.21563
       23.050000       539.61056
       23.100000       537.29643
       23.150000       533.95677
       23.200000       529.78073
       23.250000       525.52310
       23.300000       521.73708
       23.350000       518.54852
       23.400000       515.95853
       23.450000       513.64879
       23.500000       510.83928
       23.550000       506.77483
       23.600000       501.20409
       23.650000       494.58112
       23.700000       487.90948
       23.750000       482.12983
       23.800000       477.76281
       23.850000       475.03232
       23.900000       473.83081
       23.950000       473.72946
       24.000000       474.29326
       24.050000       474.99317
       24.100000       475.04257
       24.150000       473.92264
       24.200000       471.77937
       24.250000       469.15609
       24.300000       466.76000
       24.350000       465.20359
       24.400000       464.60796
       24.450000       464.73601
       24.500000       465.32287
       24.550000       466.02351
       24.600000       466.52987
       24.650000       466.82769
       24.700000       467.01428
       24.750000       467.13465
       24.800000       467.24222
       24.850000       467.16648
       24.900000       466.41828
       24.950000       464.58161
       25.000000       461.44721
       25.050000       457.00079
       25.100000       451.59616
       25.150000       445.77151
       25.200000       439.90844
       25.250000       434.35308
       25.300000       429.38493
       25.350000       424.93229
       25.400000       420.78735
       25.450000       416.81876
       25.500000       412.74773
       25.550000       408.25667
       25.600000       403.29365
       25.650000       397.96073
       25.700000       392.46682
       25.750000       387.18549
       25.800000       382.35638
       25.850000       377.98825
       25.900000       374.13967
       25.950000       370.83660
       26.000000       367.97586
       26.050000       365.59039
       26.100000       363.80055
       26.150000       362.59501
       26.200000       361.96132
       26.250000       361.82888
       26.300000       361.82193
       26.350000       361.45679
       26.400000       360.37711
       26.450000       358.34543
       26.500000       355.43494
       26.550000       352.00564
       26.600000       348.25876
       26.650000       344.21773
       26.700000       340.01754
       26.750000       335.84187
       26.800000       331.90218
       26.850000       328.52081
       26.900000       325.89643
       26.950000       324.01110
       27.000000       322.82715
       27.050000       322.17224
       27.100000       321.66697
       27.150000       321.03072
       27.200000       320.12849
       27.250000       318.89295
       27.300000       317.50776
       27.350000       316.30734
       27.400000       315.49036
       27.450000       315.21852
       27.500000       315.62902
       27.550000       316.57882
       27.600000       317.77412
       27.650000       318.97856
       27.700000       319.92836
       27.750000       320.47936
       27.800000       320.74754
       27.850000       320.81889
       27.900000       320.62534
       27.950000       320.10910
       28.000000       319.13845
       28.050000       317.57728
       28.100000       315.55219
       28.150000       313.27611
       28.200000       310.83539
       28.250000       308.35699
       28.300000       305.96091
       28.350000       303.64129
       28.400000       301.48852
       28.450000       299.68514
       28.500000       298.26374
       28.550000       297.22467
       28.600000       296.58549
       28.650000       296.19804
       28.700000       295.90205
       28.750000       295.69094
       28.800000       295.53069
       28.850000       295.39129
       28.900000       295.35836
       28.950000       295.43227
       29.000000       295.53984
       29.050000       295.71838
       29.100000       295.94998
       29.150000       296.11279
       29.200000       296.19438
       29.250000       296.20462
       29.300000       296.07071
       29.350000       295.84022
       29.400000       295.60606
       29.450000       295.32544
       29.500000       295.00384
       29.550000       294.72102
       29.600000       294.46579
       29.650000       294.29493
       29.700000       294.34421
       29.750000       294.58565
       29.800000       294.92554
       29.850000       295.33074
       29.900000       295.67232
       29.950000       295.81219
       30.000000       295.78292
