       0.0000000       0.0000000
     0.050000000     0.014266144
      0.10000000     0.057352570
      0.15000000      0.13122090
      0.20000000      0.23901112
      0.25000000      0.38497584
      0.30000000      0.57723226
      0.35000000      0.82683027
      0.40000000       1.1484941
      0.45000000       1.5660793
      0.50000000       2.1141425
      0.55000000       2.8393440
      0.60000000       3.8028868
      0.65000000       5.0690080
      0.70000000       6.6524075
      0.75000000       8.4220616
      0.80000000       10.089390
      0.85000000       11.390545
      0.90000000       12.244736
      0.95000000       12.701907
       1.0000000       12.916235
       1.0500000       13.210806
       1.1000000       13.950825
       1.1500000       15.376317
       1.2000000       17.694601
       1.2500000       21.155648
       1.3000000       25.952320
       1.3500000       32.046629
       1.4000000       38.640001
       1.4500000       43.835194
       1.5000000       45.880907
       1.5500000       45.022844
       1.6000000       43.241494
       1.6500000       42.280412
       1.7000000       42.710507
       1.7500000       44.368462
       1.8000000       46.976810
       1.8500000       50.804101
       1.9000000       56.882473
       1.9500000       66.291890
       2.0000000       79.658963
       2.0500000       96.833859
       2.1000000       115.17087
       2.1500000       128.70901
       2.2000000       132.19876
       2.2500000       126.47411
       2.3000000       117.57819
       2.3500000       110.52391
       2.4000000       105.76802
       2.4500000       101.29133
       2.5000000       96.000730
       2.5500000       90.890673
       2.6000000       88.016146
       2.6500000       88.872767
       2.7000000       93.938281
       2.7500000       103.23927
       2.8000000       115.83168
       2.8500000       128.69462
       2.9000000       138.28502
       2.9500000       143.86457
       3.0000000       147.67227
       3.0500000       151.67970
       3.1000000       155.82349
       3.1500000       159.19285
       3.2000000       160.96644
       3.2500000       160.03935
       3.3000000       155.46384
       3.3500000       147.91020
       3.4000000       139.74927
       3.4500000       133.34669
       3.5000000       129.89227
       3.5500000       129.65218
       3.6000000       132.43674
       3.6500000       138.00884
       3.7000000       146.44302
       3.7500000       157.47208
       3.8000000       169.82150
       3.8500000       182.34429
       3.9000000       194.89038
       3.9500000       206.98660
       4.0000000       217.42857
       4.0500000       225.95528
       4.1000000       233.17198
       4.1500000       238.68540
       4.2000000       241.52496
       4.2500000       242.05469
       4.3000000       242.04277
       4.3500000       243.52672
       4.4000000       248.18840
       4.4500000       257.30049
       4.5000000       272.32049
       4.5500000       295.19672
       4.6000000       327.38281
       4.6500000       369.18392
       4.7000000       420.66107
       4.7500000       482.49526
       4.8000000       554.61260
       4.8500000       631.31375
       4.9000000       697.96377
       4.9500000       739.62647
       5.0000000       756.45071
       5.0500000       763.39962
       5.1000000       773.37821
       5.1500000       790.37536
       5.2000000       817.25323
       5.2500000       854.29740
       5.3000000       888.46677
       5.3500000       898.50992
       5.4000000       874.47874
       5.4500000       824.55815
       5.5000000       763.09654
       5.5500000       698.60802
       5.6000000       633.63137
       5.6500000       570.91938
       5.7000000       515.44287
       5.7500000       469.70501
       5.8000000       430.45937
       5.8500000       392.87444
       5.9000000       356.08436
       5.9500000       322.79389
       6.0000000       295.81931
       6.0500000       276.74298
       6.1000000       265.91495
       6.1500000       262.22338
       6.2000000       263.74531
       6.2500000       269.09560
       6.3000000       277.51615
       6.3500000       287.63547
       6.4000000       296.49565
       6.4500000       299.93203
       6.5000000       294.74535
       6.5500000       281.53337
       6.6000000       264.72343
       6.6500000       248.68231
       6.7000000       234.42232
       6.7500000       220.63755
       6.8000000       206.32615
       6.8500000       191.58577
       6.9000000       177.39419
       6.9500000       165.33835
       7.0000000       156.64009
       7.0500000       151.35467
       7.1000000       148.78288
       7.1500000       148.03413
       7.2000000       148.06118
       7.2500000       148.01221
       7.3000000       147.86186
       7.3500000       148.45388
       7.4000000       150.70299
       7.4500000       154.42886
       7.5000000       158.01051
       7.5500000       159.43550
       7.6000000       157.48062
       7.6500000       152.00655
       7.7000000       143.98781
       7.7500000       135.24908
       7.8000000       127.42298
       7.8500000       121.24772
       7.9000000       117.08170
       7.9500000       115.40207
       8.0000000       116.47674
       8.0500000       119.94913
       8.1000000       124.73907
       8.1500000       129.18263
       8.2000000       131.58903
       8.2500000       131.08577
       8.3000000       128.23115
       8.3500000       124.85962
       8.4000000       122.84229
       8.4500000       122.63213
       8.5000000       123.26948
       8.5500000       123.81729
       8.6000000       124.41201
       8.6500000       126.04592
       8.7000000       129.75361
       8.7500000       135.85672
       8.8000000       143.46586
       8.8500000       150.52466
       8.9000000       154.71340
       8.9500000       154.95158
       9.0000000       152.33316
       9.0500000       149.45303
       9.1000000       148.67234
       9.1500000       150.91333
       9.2000000       155.64589
       9.2500000       161.37966
       9.3000000       166.13333
       9.3500000       168.29540
       9.4000000       167.81604
       9.4500000       166.27975
       9.5000000       165.26874
       9.5500000       164.94729
       9.6000000       164.51761
       9.6500000       163.46833
       9.7000000       162.06449
       9.7500000       161.06424
       9.8000000       161.09783
       9.8500000       162.14067
       9.9000000       163.64157
       9.9500000       165.16590
       10.000000       166.85205
       10.050000       169.45437
       10.100000       173.81978
       10.150000       179.92414
       10.200000       186.65615
       10.250000       192.82179
       10.300000       197.92033
       10.350000       201.89949
       10.400000       204.88916
       10.450000       207.30844
       10.500000       209.77349
       10.550000       212.90325
       10.600000       217.22663
       10.650000       222.83047
       10.700000       229.03102
       10.750000       234.82874
       10.800000       239.70362
       10.850000       243.80053
       10.900000       247.64146
       10.950000       252.02235
       11.000000       257.94480
       11.050000       266.21328
       11.100000       277.10179
       11.150000       290.58376
       11.200000       306.77716
       11.250000       325.87814
       11.300000       347.56178
       11.350000       370.47621
       11.400000       392.54658
       11.450000       412.14880
       11.500000       428.97296
       11.550000       443.43616
       11.600000       455.55304
       11.650000       465.15274
       11.700000       473.20773
       11.750000       482.08044
       11.800000       494.02573
       11.850000       509.62898
       11.900000       527.70332
       11.950000       546.40732
       12.000000       564.34263
       12.050000       580.77970
       12.100000       595.27693
       12.150000       607.69017
       12.200000       618.76761
       12.250000       629.92554
       12.300000       641.52947
       12.350000       651.70651
       12.400000       657.68958
       12.450000       658.32327
       12.500000       654.81494
       12.550000       649.42385
       12.600000       644.01300
       12.650000       639.66317
       12.700000       637.06367
       12.750000       636.80061
       12.800000       639.10376
       12.850000       643.38553
       12.900000       648.21794
       12.950000       651.80383
       13.000000       652.92193
       13.050000       652.03360
       13.100000       651.34503
       13.150000       653.15463
       13.200000       658.18314
       13.250000       665.94141
       13.300000       676.30980
       13.350000       689.92601
       13.400000       707.01433
       13.450000       726.53057
       13.500000       746.91501
       13.550000       767.42604
       13.600000       788.35197
       13.650000       809.95293
       13.700000       831.40315
       13.750000       850.80743
       13.800000       866.55776
       13.850000       879.02771
       13.900000       890.52371
       13.950000       903.04597
       14.000000       916.59194
       14.050000       930.04497
       14.100000       942.75712
       14.150000       954.85461
       14.200000       967.22102
       14.250000       981.78776
       14.300000       1000.6366
       14.350000       1024.1105
       14.400000       1050.4857
       14.450000       1077.7854
       14.500000       1105.3746
       14.550000       1133.5876
       14.600000       1162.2352
       14.650000       1190.3252
       14.700000       1217.8463
       14.750000       1247.0500
       14.800000       1280.4715
       14.850000       1317.7705
       14.900000       1355.9106
       14.950000       1392.6139
       15.000000       1428.5343
       15.050000       1465.9438
       15.100000       1505.9736
       15.150000       1546.9112
       15.200000       1584.5314
       15.250000       1614.4420
       15.300000       1635.0112
       15.350000       1648.2780
       15.400000       1658.0368
       15.450000       1667.0423
       15.500000       1675.3937
       15.550000       1680.7943
       15.600000       1680.7427
       15.650000       1675.2967
       15.700000       1667.4397
       15.750000       1660.5222
       15.800000       1656.0732
       15.850000       1653.8849
       15.900000       1652.6991
       15.950000       1650.3744
       16.000000       1644.5468
       16.050000       1633.9158
       16.100000       1619.0029
       16.150000       1601.7338
       16.200000       1584.1574
       16.250000       1567.4321
       16.300000       1552.0685
       16.350000       1538.6275
       16.400000       1527.4000
       16.450000       1517.5600
       16.500000       1507.4082
       16.550000       1495.7194
       16.600000       1482.8594
       16.650000       1470.7813
       16.700000       1462.0937
       16.750000       1458.9685
       16.800000       1462.2126
       16.850000       1470.5461
       16.900000       1480.7242
       16.950000       1489.0236
       17.000000       1493.0965
       17.050000       1492.8553
       17.100000       1490.1431
       17.150000       1487.7002
       17.200000       1488.0262
       17.250000       1492.5067
       17.300000       1500.7300
       17.350000       1510.2667
       17.400000       1517.7414
       17.450000       1520.8078
       17.500000       1519.2225
       17.550000       1514.3440
       17.600000       1507.8984
       17.650000       1501.0355
       17.700000       1494.2694
       17.750000       1487.9798
       17.800000       1482.4141
       17.850000       1477.1387
       17.900000       1470.9441
       17.950000       1462.2745
       18.000000       1449.6545
       18.050000       1432.2984
       18.100000       1410.7179
       18.150000       1386.5628
       18.200000       1361.8026
       18.250000       1338.1063
       18.300000       1316.6520
       18.350000       1298.1899
       18.400000       1283.1691
       18.450000       1271.6837
       18.500000       1263.3082
       18.550000       1257.1052
       18.600000       1251.7976
       18.650000       1246.0011
       18.700000       1238.5670
       18.750000       1228.8754
       18.800000       1216.9335
       18.850000       1203.4138
       18.900000       1189.5269
       18.950000       1176.5012
       19.000000       1165.0271
       19.050000       1155.0996
       19.100000       1146.3008
       19.150000       1138.2100
       19.200000       1130.6734
       19.250000       1123.8741
       19.300000       1118.2686
       19.350000       1114.2974
       19.400000       1111.9482
       19.450000       1110.7434
       19.500000       1110.2633
       19.550000       1110.4701
       19.600000       1111.3968
       19.650000       1112.6942
       19.700000       1113.5598
       19.750000       1113.0685
       19.800000       1110.5184
       19.850000       1105.5155
       19.900000       1097.9668
       19.950000       1088.2018
       20.000000       1076.9750
       20.050000       1065.2207
       20.100000       1053.8466
       20.150000       1043.6037
       20.200000       1034.8971
       20.250000       1027.7699
       20.300000       1022.2193
       20.350000       1018.4004
       20.400000       1016.4345
       20.450000       1016.0566
       20.500000       1016.5542
       20.550000       1017.0455
       20.600000       1016.8037
       20.650000       1015.3099
       20.700000       1012.1703
       20.750000       1007.1158
       20.800000       1000.0322
       20.850000       991.01793
       20.900000       980.40550
       20.950000       968.62340
       21.000000       956.07955
       21.050000       943.28983
       21.100000       930.97465
       21.150000       919.83574
       21.200000       910.32678
       21.250000       902.65595
       21.300000       896.86935
       21.350000       892.83454
       21.400000       890.16991
       21.450000       888.27214
       21.500000       886.54816
       21.550000       884.64125
       21.600000       882.39444
       21.650000       879.78323
       21.700000       876.91957
       21.750000       873.93224
       21.800000       870.80332
       21.850000       867.37658
       21.900000       863.46177
       21.950000       858.96047
       22.000000       854.07611
       22.050000       849.30005
       22.100000       845.03290
       22.150000       841.26298
       22.200000       837.65404
       22.250000       833.82119
       22.300000       829.55075
       22.350000       824.92140
       22.400000       820.28839
       22.450000       816.07394
       22.500000       812.45438
       22.550000       809.19082
       22.600000       805.82811
       22.650000       802.05124
       22.700000       797.87959
       22.750000       793.65453
       22.800000       789.87363
       22.850000       786.89544
       22.900000       784.72803
       22.950000       783.06113
       23.000000       781.39020
       23.050000       779.18181
       23.100000       776.09935
       23.150000       772.12930
       23.200000       767.49995
       23.250000       762.55119
       23.300000       757.59219
       23.350000       752.75503
       23.400000       747.94530
       23.450000       742.91788
       23.500000       737.45727
       23.550000       731.58469
       23.600000       725.57162
       23.650000       719.68624
       23.700000       714.02038
       23.750000       708.55611
       23.800000       703.26710
       23.850000       698.18882
       23.900000       693.44020
       23.950000       689.13866
       24.000000       685.29886
       24.050000       681.88419
       24.100000       678.83284
       24.150000       675.99625
       24.200000       673.13039
       24.250000       669.93964
       24.300000       666.16679
       24.350000       661.73903
       24.400000       656.83381
       24.450000       651.78078
       24.500000       646.93959
       24.550000       642.61135
       24.600000       638.94168
       24.650000       635.91081
       24.700000       633.41521
       24.750000       631.31146
       24.800000       629.47443
       24.850000       627.89387
       24.900000       626.65796
       24.950000       625.86768
       25.000000       625.53291
       25.050000       625.48132
       25.100000       625.33973
       25.150000       624.66873
       25.200000       623.09219
       25.250000       620.36061
       25.300000       616.44580
       25.350000       611.55631
       25.400000       606.04704
       25.450000       600.31862
       25.500000       594.71825
       25.550000       589.45045
       25.600000       584.57560
       25.650000       580.04247
       25.700000       575.69521
       25.750000       571.34392
       25.800000       566.91104
       25.850000       562.47926
       25.900000       558.24980
       25.950000       554.46158
       26.000000       551.26498
       26.050000       548.63986
       26.100000       546.43769
       26.150000       544.41626
       26.200000       542.28470
       26.250000       539.78544
       26.300000       536.74543
       26.350000       533.07722
       26.400000       528.80056
       26.450000       524.04426
       26.500000       518.97732
       26.550000       513.76697
       26.600000       508.53283
       26.650000       503.28736
       26.700000       497.97237
       26.750000       492.53810
       26.800000       486.95858
       26.850000       481.25174
       26.900000       475.50466
       26.950000       469.84063
       27.000000       464.40746
       27.050000       459.37492
       27.100000       454.89557
       27.150000       451.05577
       27.200000       447.89758
       27.250000       445.41954
       27.300000       443.57922
       27.350000       442.32941
       27.400000       441.61925
       27.450000       441.35034
       27.500000       441.40705
       27.550000       441.68035
       27.600000       442.06195
       27.650000       442.45929
       27.700000       442.80760
       27.750000       443.04175
       27.800000       443.11127
       27.850000       443.02053
       27.900000       442.79918
       27.950000       442.50063
       28.000000       442.21818
       28.050000       442.04952
       28.100000       442.06159
       28.150000       442.30306
       28.200000       442.78967
       28.250000       443.50897
       28.300000       444.46389
       28.350000       445.65846
       28.400000       447.06449
       28.450000       448.64542
       28.500000       450.35623
       28.550000       452.12594
       28.600000       453.88760
       28.650000       455.59182
       28.700000       457.17019
       28.750000       458.55574
       28.800000       459.70567
       28.850000       460.60388
       28.900000       461.28330
       28.950000       461.82917
       29.000000       462.31871
       29.050000       462.78922
       29.100000       463.24985
       29.150000       463.67023
       29.200000       464.01013
       29.250000       464.27977
       29.300000       464.53112
       29.350000       464.83406
       29.400000       465.27567
       29.450000       465.93131
       29.500000       466.82293
       29.550000       467.94176
       29.600000       469.24902
       29.650000       470.65798
       29.700000       472.06219
       29.750000       473.34786
       29.800000       474.38949
       29.850000       475.08610
       29.900000       475.38209
       29.950000       475.24526
       30.000000       474.66828
