       0.0000000       0.0000000
     0.050000000    0.0057086106
      0.10000000     0.023265152
      0.15000000     0.052894601
      0.20000000     0.095580383
      0.25000000      0.15350630
      0.30000000      0.22775963
      0.35000000      0.32135109
      0.40000000      0.43987357
      0.45000000      0.58750448
      0.50000000      0.77220770
      0.55000000       1.0075836
      0.60000000       1.3073360
      0.65000000       1.6945951
      0.70000000       2.2070508
      0.75000000       2.8907874
      0.80000000       3.8165097
      0.85000000       5.0833690
      0.90000000       6.7850742
      0.95000000       8.9540425
       1.0000000       11.373404
       1.0500000       13.373254
       1.1000000       14.158033
       1.1500000       13.567442
       1.2000000       12.225981
       1.2500000       10.861922
       1.3000000       9.8304267
       1.3500000       9.2232506
       1.4000000       9.0004637
       1.4500000       9.0334256
       1.5000000       9.2484326
       1.5500000       9.6821748
       1.6000000       10.405988
       1.6500000       11.441131
       1.7000000       12.605136
       1.7500000       13.514550
       1.8000000       13.964577
       1.8500000       14.176314
       1.9000000       14.566340
       1.9500000       15.482850
       2.0000000       17.151576
       2.0500000       19.685983
       2.1000000       23.092547
       2.1500000       27.017520
       2.2000000       30.424998
       2.2500000       32.158835
       2.3000000       32.114138
       2.3500000       31.350347
       2.4000000       31.045144
       2.4500000       31.837809
       2.5000000       34.026725
       2.5500000       37.919110
       2.6000000       43.945362
       2.6500000       52.570936
       2.7000000       64.103673
       2.7500000       78.197069
       2.8000000       93.286873
       2.8500000       107.58940
       2.9000000       121.15936
       2.9500000       134.56955
       3.0000000       144.55168
       3.0500000       144.79873
       3.1000000       133.17623
       3.1500000       114.66409
       3.2000000       95.869418
       3.2500000       80.098048
       3.3000000       68.034370
       3.3500000       59.473456
       3.4000000       53.659783
       3.4500000       49.805034
       3.5000000       47.459809
       3.5500000       46.193724
       3.6000000       45.570398
       3.6500000       45.331386
       3.7000000       45.402571
       3.7500000       46.065983
       3.8000000       47.685373
       3.8500000       49.886958
       3.9000000       51.725224
       3.9500000       52.724723
       4.0000000       53.122072
       4.0500000       53.441032
       4.1000000       54.291654
       4.1500000       56.178597
       4.2000000       59.356232
       4.2500000       63.998468
       4.3000000       70.267666
       4.3500000       78.133184
       4.4000000       87.186222
       4.4500000       96.613294
       4.5000000       105.59242
       4.5500000       113.69785
       4.6000000       120.81945
       4.6500000       127.49758
       4.7000000       135.49344
       4.7500000       146.92137
       4.8000000       163.24659
       4.8500000       185.69989
       4.9000000       214.14279
       4.9500000       244.82204
       5.0000000       272.89429
       5.0500000       296.79698
       5.1000000       315.46886
       5.1500000       323.80406
       5.2000000       317.98843
       5.2500000       303.75056
       5.3000000       293.26236
       5.3500000       295.62861
       5.4000000       314.20805
       5.4500000       348.29826
       5.5000000       390.78140
       5.5500000       427.43678
       5.6000000       446.64299
       5.6500000       449.73419
       5.7000000       445.80088
       5.7500000       437.33926
       5.8000000       418.33306
       5.8500000       386.31169
       5.9000000       348.96233
       5.9500000       317.44825
       6.0000000       297.35348
       6.0500000       285.85886
       6.1000000       274.99976
       6.1500000       258.51398
       6.2000000       236.82808
       6.2500000       215.13930
       6.3000000       198.20959
       6.3500000       188.31044
       6.4000000       185.75194
       6.4500000       188.93371
       6.5000000       194.81728
       6.5500000       200.57908
       6.6000000       204.24521
       6.6500000       203.82837
       6.7000000       197.69798
       6.7500000       186.66509
       6.8000000       174.03100
       6.8500000       162.46031
       6.9000000       152.20214
       6.9500000       142.92299
       7.0000000       135.25817
       7.0500000       129.83987
       7.1000000       126.24204
       7.1500000       123.06979
       7.2000000       118.56872
       7.2500000       111.88127
       7.3000000       103.81308
       7.3500000       95.681981
       7.4000000       88.135566
       7.4500000       81.560006
       7.5000000       76.305024
       7.5500000       72.142441
       7.6000000       68.556027
       7.6500000       65.451756
       7.7000000       63.014177
       7.7500000       61.324502
       7.8000000       60.325151
       7.8500000       59.883213
       7.9000000       60.075188
       7.9500000       61.336536
       8.0000000       63.901108
       8.0500000       67.300768
       8.1000000       70.701419
       8.1500000       73.482890
       8.2000000       75.385044
       8.2500000       76.245208
       8.3000000       75.835679
       8.3500000       74.264783
       8.4000000       72.266102
       8.4500000       70.610112
       8.5000000       69.621129
       8.5500000       69.542943
       8.6000000       70.721629
       8.6500000       73.305732
       8.7000000       77.135219
       8.7500000       81.535903
       8.8000000       85.241031
       8.8500000       87.355576
       8.9000000       88.197003
       8.9500000       88.642267
       9.0000000       89.334969
       9.0500000       90.716530
       9.1000000       92.893090
       9.1500000       95.586002
       9.2000000       98.813926
       9.2500000       102.92129
       9.3000000       107.50506
       9.3500000       111.16866
       9.4000000       112.65489
       9.4500000       111.84669
       9.5000000       109.79591
       9.5500000       107.94600
       9.6000000       107.13297
       9.6500000       107.38586
       9.7000000       108.66025
       9.7500000       111.31310
       9.8000000       115.66205
       9.8500000       121.20677
       9.9000000       126.39796
       9.9500000       129.53291
       10.000000       130.15650
       10.050000       129.23411
       10.100000       127.84014
       10.150000       126.34699
       10.200000       124.95112
       10.250000       123.93232
       10.300000       123.09320
       10.350000       121.94967
       10.400000       120.72972
       10.450000       120.27615
       10.500000       120.93837
       10.550000       122.41115
       10.600000       124.48047
       10.650000       127.18663
       10.700000       130.49482
       10.750000       134.26112
       10.800000       138.40745
       10.850000       143.19413
       10.900000       149.33200
       10.950000       157.31594
       11.000000       166.66366
       11.050000       176.41321
       11.100000       186.30334
       11.150000       197.04030
       11.200000       209.47048
       11.250000       223.57546
       11.300000       238.29206
       11.350000       252.51719
       11.400000       266.08109
       11.450000       279.42473
       11.500000       292.72593
       11.550000       305.53760
       11.600000       316.63333
       11.650000       324.15672
       11.700000       326.77635
       11.750000       324.78199
       11.800000       319.39382
       11.850000       311.24846
       11.900000       300.58299
       11.950000       288.91320
       12.000000       279.21326
       12.050000       273.73948
       12.100000       272.48893
       12.150000       274.07685
       12.200000       277.42152
       12.250000       282.55921
       12.300000       290.33270
       12.350000       301.10055
       12.400000       313.74249
       12.450000       326.41267
       12.500000       338.07071
       12.550000       349.08717
       12.600000       360.83935
       12.650000       374.40939
       12.700000       389.34515
       12.750000       404.46992
       12.800000       419.55547
       12.850000       434.64467
       12.900000       448.55688
       12.950000       460.00385
       13.000000       469.29402
       13.050000       477.44304
       13.100000       484.51421
       13.150000       489.97591
       13.200000       494.22000
       13.250000       498.52959
       13.300000       502.76526
       13.350000       504.09330
       13.400000       499.84375
       13.450000       490.91217
       13.500000       480.58776
       13.550000       471.40319
       13.600000       464.98985
       13.650000       463.25197
       13.700000       467.55204
       13.750000       477.58251
       13.800000       491.97177
       13.850000       509.02244
       13.900000       526.06499
       13.950000       539.22683
       14.000000       545.53754
       14.050000       545.15762
       14.100000       540.35686
       14.150000       533.03013
       14.200000       524.53295
       14.250000       516.58234
       14.300000       510.73058
       14.350000       508.10184
       14.400000       510.22681
       14.450000       518.58182
       14.500000       532.85513
       14.550000       550.45421
       14.600000       567.50741
       14.650000       580.39005
       14.700000       587.30938
       14.750000       589.02641
       14.800000       588.16113
       14.850000       587.82563
       14.900000       590.45221
       14.950000       597.28666
       15.000000       608.53606
       15.050000       623.63624
       15.100000       641.81558
       15.150000       662.53919
       15.200000       684.47382
       15.250000       704.60362
       15.300000       720.29651
       15.350000       731.76873
       15.400000       741.18256
       15.450000       750.39992
       15.500000       760.48915
       15.550000       772.39602
       15.600000       787.49547
       15.650000       806.84450
       15.700000       829.46294
       15.750000       853.10765
       15.800000       876.82737
       15.850000       899.73119
       15.900000       918.35726
       15.950000       929.42995
       16.000000       933.58294
       16.050000       933.65867
       16.100000       932.75424
       16.150000       935.06800
       16.200000       943.78851
       16.250000       957.18045
       16.300000       969.90540
       16.350000       977.47745
       16.400000       977.83637
       16.450000       970.74507
       16.500000       957.76145
       16.550000       942.54931
       16.600000       929.74423
       16.650000       921.74485
       16.700000       917.34270
       16.750000       915.53787
       16.800000       918.35031
       16.850000       926.83593
       16.900000       937.52336
       16.950000       945.88092
       17.000000       950.20916
       17.050000       950.35917
       17.100000       945.96397
       17.150000       937.25371
       17.200000       925.27403
       17.250000       910.33995
       17.300000       891.64802
       17.350000       869.35155
       17.400000       845.93807
       17.450000       824.11210
       17.500000       804.71514
       17.550000       788.69845
       17.600000       778.76399
       17.650000       776.18570
       17.700000       778.19981
       17.750000       780.84652
       17.800000       782.71575
       17.850000       784.93914
       17.900000       788.97651
       17.950000       794.59810
       18.000000       799.62150
       18.050000       801.97185
       18.100000       801.18157
       18.150000       797.23932
       18.200000       789.87911
       18.250000       780.14405
       18.300000       770.74046
       18.350000       763.66527
       18.400000       758.82261
       18.450000       755.94468
       18.500000       756.09103
       18.550000       759.19946
       18.600000       761.48066
       18.650000       758.52077
       18.700000       750.83531
       18.750000       743.43925
       18.800000       739.88592
       18.850000       738.89770
       18.900000       736.54260
       18.950000       730.34586
       19.000000       721.67986
       19.050000       714.42832
       19.100000       710.98988
       19.150000       710.43997
       19.200000       710.70304
       19.250000       710.64596
       19.300000       709.91056
       19.350000       708.87332
       19.400000       708.71600
       19.450000       709.65372
       19.500000       709.76421
       19.550000       707.28032
       19.600000       702.94696
       19.650000       698.63262
       19.700000       694.86014
       19.750000       690.97423
       19.800000       686.60648
       19.850000       681.92078
       19.900000       676.92666
       19.950000       671.19567
       20.000000       664.36268
       20.050000       656.92345
       20.100000       650.20132
       20.150000       645.36379
       20.200000       642.99991
       20.250000       643.52420
       20.300000       646.79873
       20.350000       650.98282
       20.400000       652.91205
       20.450000       650.60671
       20.500000       645.10366
       20.550000       639.11034
       20.600000       634.22452
       20.650000       630.40118
       20.700000       627.48775
       20.750000       625.59803
       20.800000       624.01492
       20.850000       621.00381
       20.900000       614.70609
       20.950000       603.94256
       21.000000       589.12812
       21.050000       572.95338
       21.100000       559.33387
       21.150000       551.06960
       21.200000       548.43863
       21.250000       549.59515
       21.300000       552.05343
       21.350000       554.10815
       21.400000       555.38650
       21.450000       556.51411
       21.500000       558.36139
       21.550000       561.39079
       21.600000       565.69781
       21.650000       571.27550
       21.700000       577.44114
       21.750000       582.33355
       21.800000       584.03704
       21.850000       582.06939
       21.900000       577.42760
       21.950000       571.79540
       22.000000       566.57553
       22.050000       561.69264
       22.100000       555.67115
       22.150000       547.60481
       22.200000       538.51551
       22.250000       530.51466
       22.300000       525.37675
       22.350000       523.80424
       22.400000       525.28346
       22.450000       528.48811
       22.500000       531.98107
       22.550000       534.68485
       22.600000       536.23285
       22.650000       537.06520
       22.700000       537.68023
       22.750000       537.64657
       22.800000       535.77551
       22.850000       531.33092
       22.900000       524.78807
       22.950000       517.30054
       23.000000       509.71789
       23.050000       502.30317
       23.100000       495.10614
       23.150000       488.27059
       23.200000       482.28899
       23.250000       478.10709
       23.300000       476.42995
       23.350000       476.70910
       23.400000       477.24510
       23.450000       476.30628
       23.500000       472.95491
       23.550000       467.30588
       23.600000       460.50107
       23.650000       454.18725
       23.700000       449.61424
       23.750000       447.16182
       23.800000       446.61630
       23.850000       447.70513
       23.900000       450.18719
       23.950000       453.55612
       24.000000       457.10799
       24.050000       460.44106
       24.100000       463.23082
       24.150000       464.23989
       24.200000       461.54526
       24.250000       454.51324
       24.300000       444.87879
       24.350000       435.25934
       24.400000       427.19410
       24.450000       420.95016
       24.500000       416.26739
       24.550000       412.80736
       24.600000       410.46470
       24.650000       409.43477
       24.700000       409.56283
       24.750000       409.90053
       24.800000       409.32172
       24.850000       407.28126
       24.900000       403.88197
       24.950000       399.71690
       25.000000       395.73295
       25.050000       392.82465
       25.100000       391.19287
       25.150000       389.88342
       25.200000       387.24550
       25.250000       382.48919
       25.300000       376.71613
       25.350000       371.83688
       25.400000       368.76614
       25.450000       367.07765
       25.500000       365.87138
       25.550000       364.58937
       25.600000       363.45480
       25.650000       363.17126
       25.700000       363.92458
       25.750000       364.96255
       25.800000       365.40270
       25.850000       365.11183
       25.900000       364.66949
       25.950000       364.62339
       26.000000       364.67644
       26.050000       363.58652
       26.100000       360.20039
       26.150000       354.53197
       26.200000       347.72935
       26.250000       341.33394
       26.300000       336.60398
       26.350000       333.89910
       26.400000       332.50770
       26.450000       331.45289
       26.500000       330.40102
       26.550000       329.53281
       26.600000       328.85558
       26.650000       327.94201
       26.700000       326.21547
       26.750000       323.60681
       26.800000       321.00328
       26.850000       319.67627
       26.900000       320.24593
       26.950000       322.40274
       27.000000       325.07432
       27.050000       326.68488
       27.100000       326.21693
       27.150000       324.38063
       27.200000       323.01008
       27.250000       323.34851
       27.300000       325.29165
       27.350000       327.63943
       27.400000       328.84132
       27.450000       328.25592
       27.500000       326.77232
       27.550000       325.77276
       27.600000       325.77898
       27.650000       326.18400
       27.700000       325.82984
       27.750000       324.01695
       27.800000       321.16793
       27.850000       318.13413
       27.900000       315.15924
       27.950000       312.14228
       28.000000       309.36862
       28.050000       307.41488
       28.100000       306.82509
       28.150000       307.93734
       28.200000       310.41281
       28.250000       313.13342
       28.300000       315.01326
       28.350000       315.72268
       28.400000       315.61073
       28.450000       315.25730
       28.500000       314.98070
       28.550000       314.51422
       28.600000       313.32733
       28.650000       311.23968
       28.700000       308.56590
       28.750000       305.79883
       28.800000       303.42360
       28.850000       301.94256
       28.900000       301.76694
       28.950000       302.87772
       29.000000       304.60108
       29.050000       305.73586
       29.100000       304.94738
       29.150000       301.39774
       29.200000       295.34757
       29.250000       288.11531
       29.300000       281.31920
       29.350000       276.19084
       29.400000       273.39212
       29.450000       273.04930
       29.500000       274.85959
       29.550000       278.13910
       29.600000       281.77658
       29.650000       284.43916
       29.700000       285.20408
       29.750000       284.10713
       29.800000       282.10411
       29.850000       280.36278
       29.900000       279.25222
       29.950000       278.05938
       30.000000       275.92972
