       0.0000000       0.0000000
     0.050000000   -0.0012937102
      0.10000000    0.0026549372
      0.15000000     0.024368396
      0.20000000     0.061873421
      0.25000000     0.096411405
      0.30000000      0.11342601
      0.35000000      0.12447441
      0.40000000      0.16233054
      0.45000000      0.24886981
      0.50000000      0.36801391
      0.55000000      0.47681198
      0.60000000      0.55049717
      0.65000000      0.61789945
      0.70000000      0.74600179
      0.75000000      0.98124533
      0.80000000       1.3052587
      0.85000000       1.6585133
      0.90000000       2.0215132
      0.95000000       2.4758676
       1.0000000       3.1682011
       1.0500000       4.1818424
       1.1000000       5.4171713
       1.1500000       6.5979926
       1.2000000       7.4265160
       1.2500000       7.7796192
       1.3000000       7.7856570
       1.3500000       7.7117107
       1.4000000       7.7494180
       1.4500000       7.8813307
       1.5000000       7.9443587
       1.5500000       7.8318411
       1.6000000       7.6480300
       1.6500000       7.6686777
       1.7000000       8.1419516
       1.7500000       9.1223751
       1.8000000       10.507303
       1.8500000       12.247505
       1.9000000       14.508073
       1.9500000       17.559712
       2.0000000       21.416845
       2.0500000       25.514387
       2.1000000       28.769363
       2.1500000       30.108721
       2.2000000       29.151522
       2.2500000       26.537422
       2.3000000       23.602518
       2.3500000       21.587697
       2.4000000       20.941682
       2.4500000       21.228865
       2.5000000       21.682792
       2.5500000       21.930107
       2.6000000       22.283328
       2.6500000       23.385122
       2.7000000       25.573332
       2.7500000       28.613618
       2.8000000       32.140785
       2.8500000       36.479767
       2.9000000       43.046143
       2.9500000       53.715769
       3.0000000       69.337899
       3.0500000       88.367267
       3.1000000       106.74341
       3.1500000       119.41693
       3.2000000       122.79527
       3.2500000       116.63839
       3.3000000       104.18427
       3.3500000       90.382121
       3.4000000       79.325478
       3.4500000       72.446769
       3.5000000       68.472443
       3.5500000       64.931610
       3.6000000       60.063857
       3.6500000       53.863065
       3.7000000       47.754844
       3.7500000       43.398411
       3.8000000       41.610652
       3.8500000       42.135345
       3.9000000       44.219355
       3.9500000       47.351923
       4.0000000       51.505386
       4.0500000       56.740062
       4.1000000       62.622414
       4.1500000       68.065174
       4.2000000       71.822240
       4.2500000       73.289396
       4.3000000       72.967583
       4.3500000       72.183319
       4.4000000       72.240039
       4.4500000       73.626081
       4.5000000       75.868078
       4.5500000       78.113461
       4.6000000       79.964295
       4.6500000       81.904178
       4.7000000       84.998714
       4.7500000       90.131096
       4.8000000       97.385907
       4.8500000       106.04784
       4.9000000       115.17127
       4.9500000       124.24179
       5.0000000       133.45154
       5.0500000       143.52079
       5.1000000       155.42796
       5.1500000       170.44438
       5.2000000       190.41596
       5.2500000       217.75311
       5.3000000       254.52458
       5.3500000       300.71471
       5.4000000       352.56519
       5.4500000       402.33829
       5.5000000       440.26260
       5.5500000       458.06892
       5.6000000       452.34779
       5.6500000       425.85398
       5.7000000       386.04907
       5.7500000       341.90476
       5.8000000       300.99850
       5.8500000       268.46759
       5.9000000       247.81046
       5.9500000       242.01110
       6.0000000       253.27420
       6.0500000       281.01253
       6.1000000       319.55749
       6.1500000       357.88842
       6.2000000       382.66909
       6.2500000       383.57706
       6.3000000       358.03724
       6.3500000       312.43641
       6.4000000       258.92073
       6.4500000       209.60262
       6.5000000       171.55147
       6.5500000       145.24382
       6.6000000       126.77999
       6.6500000       111.80207
       6.7000000       98.337362
       6.7500000       87.022799
       6.8000000       79.263708
       6.8500000       75.241766
       6.9000000       73.405406
       6.9500000       71.614634
       7.0000000       68.738765
       7.0500000       65.298054
       7.1000000       62.705101
       7.1500000       61.891436
       7.2000000       62.545180
       7.2500000       63.549394
       7.3000000       64.121461
       7.3500000       64.576713
       7.4000000       66.024423
       7.4500000       69.277138
       7.5000000       73.940593
       7.5500000       78.486373
       7.6000000       81.265195
       7.6500000       81.638653
       7.7000000       80.336029
       7.7500000       78.809762
       7.8000000       78.161451
       7.8500000       78.489132
       7.9000000       79.074531
       7.9500000       79.113112
       8.0000000       78.308930
       8.0500000       76.891147
       8.1000000       75.187291
       8.1500000       73.265084
       8.2000000       71.014655
       8.2500000       68.557216
       8.3000000       66.512186
       8.3500000       65.767348
       8.4000000       66.867117
       8.4500000       69.523515
       8.5000000       72.693998
       8.5500000       75.209390
       8.6000000       76.470763
       8.6500000       76.682821
       8.7000000       76.487666
       8.7500000       76.365502
       8.8000000       76.331659
       8.8500000       76.166176
       8.9000000       75.921739
       8.9500000       76.209934
       9.0000000       77.965085
       9.0500000       81.843928
       9.1000000       87.737581
       9.1500000       94.775235
       9.2000000       101.79800
       9.2500000       107.92387
       9.3000000       112.80373
       9.3500000       116.47132
       9.4000000       119.02107
       9.4500000       120.42462
       9.5000000       120.59321
       9.5500000       119.53087
       9.6000000       117.36671
       9.6500000       114.22865
       9.7000000       110.13961
       9.7500000       105.12756
       9.8000000       99.520641
       9.8500000       94.160427
       9.9000000       90.258424
       9.9500000       88.898669
       10.000000       90.514094
       10.050000       94.736050
       10.100000       100.73708
       10.150000       107.78004
       10.200000       115.50861
       10.250000       123.74445
       10.300000       132.01121
       10.350000       139.28924
       10.400000       144.34318
       10.450000       146.47038
       10.500000       146.10064
       10.550000       144.71040
       10.600000       144.01646
       10.650000       144.98290
       10.700000       147.35905
       10.750000       150.08800
       10.800000       152.27326
       10.850000       153.97675
       10.900000       156.26158
       10.950000       160.47556
       11.000000       167.32852
       11.050000       176.43868
       11.100000       186.63361
       11.150000       196.73681
       11.200000       206.25785
       11.250000       215.54534
       11.300000       225.38161
       11.350000       236.35101
       11.400000       248.36018
       11.450000       260.50805
       11.500000       271.25881
       11.550000       278.80531
       11.600000       281.56763
       11.650000       278.76507
       11.700000       270.91203
       11.750000       259.93264
       11.800000       248.64775
       11.850000       239.70922
       11.900000       234.47747
       11.950000       232.52979
       12.000000       232.18331
       12.050000       231.77124
       12.100000       230.85393
       12.150000       230.51469
       12.200000       232.51465
       12.250000       237.88635
       12.300000       246.02051
       12.350000       254.96980
       12.400000       262.82763
       12.450000       269.21304
       12.500000       275.72813
       12.550000       284.94757
       12.600000       298.53543
       12.650000       315.77519
       12.700000       333.57264
       12.750000       348.04034
       12.800000       356.68182
       12.850000       359.77891
       12.900000       360.09722
       12.950000       361.13007
       13.000000       365.03975
       13.050000       371.59431
       13.100000       378.68524
       13.150000       383.94791
       13.200000       386.32241
       13.250000       386.54778
       13.300000       386.36777
       13.350000       387.14561
       13.400000       388.92886
       13.450000       390.60857
       13.500000       390.99098
       13.550000       389.94894
       13.600000       388.76115
       13.650000       389.34811
       13.700000       392.90444
       13.750000       398.85221
       13.800000       404.85975
       13.850000       407.97517
       13.900000       406.22170
       13.950000       399.73465
       14.000000       390.81785
       14.050000       382.93584
       14.100000       379.25288
       14.150000       381.46347
       14.200000       389.41953
       14.250000       401.56455
       14.300000       415.79162
       14.350000       430.25204
       14.400000       443.80657
       14.450000       456.04664
       14.500000       467.03602
       14.550000       476.97634
       14.600000       485.94267
       14.650000       493.79164
       14.700000       500.24976
       14.750000       505.14466
       14.800000       508.68306
       14.850000       511.62140
       14.900000       515.19306
       14.950000       520.74868
       15.000000       529.20624
       15.050000       540.54159
       15.100000       553.58086
       15.150000       566.26850
       15.200000       576.36665
       15.250000       582.35861
       15.300000       584.15811
       15.350000       583.29231
       15.400000       582.36732
       15.450000       583.97883
       15.500000       589.48013
       15.550000       598.19570
       15.600000       607.52538
       15.650000       614.01211
       15.700000       614.96037
       15.750000       609.84847
       15.800000       600.79860
       15.850000       591.81280
       15.900000       587.11723
       15.950000       589.44156
       16.000000       599.13905
       16.050000       614.54913
       16.100000       633.32996
       16.150000       653.89954
       16.200000       676.12284
       16.250000       700.85089
       16.300000       728.70347
       16.350000       758.94042
       16.400000       789.26006
       16.450000       816.69884
       16.500000       839.08752
       16.550000       856.08437
       16.600000       869.03653
       16.650000       879.69323
       16.700000       888.57947
       16.750000       894.18972
       16.800000       893.67860
       16.850000       884.79674
       16.900000       867.95173
       16.950000       847.00787
       17.000000       828.10813
       17.050000       816.96080
       17.100000       816.00186
       17.150000       823.04193
       17.200000       832.21795
       17.250000       836.78693
       17.300000       832.26112
       17.350000       818.21245
       17.400000       797.90520
       17.450000       776.16265
       17.500000       756.82935
       17.550000       741.30732
       17.600000       728.82530
       17.650000       718.01495
       17.700000       708.57294
       17.750000       701.85228
       17.800000       699.98268
       17.850000       704.11665
       17.900000       712.97033
       17.950000       722.67430
       18.000000       728.14369
       18.050000       725.29942
       18.100000       712.92789
       18.150000       693.19353
       18.200000       670.55075
       18.250000       649.68900
       18.300000       633.64447
       18.350000       623.02337
       18.400000       616.60609
       18.450000       612.75607
       18.500000       610.65258
       18.550000       610.55727
       18.600000       613.03882
       18.650000       617.80834
       18.700000       623.12212
       18.750000       626.29008
       18.800000       625.07041
       18.850000       619.04896
       18.900000       610.02588
       18.950000       601.07963
       19.000000       594.81777
       19.050000       591.91239
       19.100000       590.84295
       19.150000       588.95397
       19.200000       584.11388
       19.250000       575.86131
       19.300000       565.37365
       19.350000       554.41292
       19.400000       544.11515
       19.450000       534.50594
       19.500000       525.04967
       19.550000       515.70937
       19.600000       507.63316
       19.650000       502.84356
       19.700000       503.06967
       19.750000       508.50503
       19.800000       517.37042
       19.850000       526.64815
       19.900000       533.57480
       19.950000       537.00117
       20.000000       537.84926
       20.050000       538.45331
       20.100000       541.24673
       20.150000       547.53018
       20.200000       556.91474
       20.250000       567.55351
       20.300000       576.89673
       20.350000       582.54722
       20.400000       582.95260
       20.450000       577.82860
       20.500000       568.32220
       20.550000       556.85766
       20.600000       546.59099
       20.650000       540.47438
       20.700000       540.18570
       20.750000       545.38947
       20.800000       553.77192
       20.850000       561.96704
       20.900000       567.02665
       20.950000       567.71193
       21.000000       564.94193
       21.050000       561.14566
       21.100000       558.88275
       21.150000       559.46266
       21.200000       562.27656
       21.250000       565.12596
       21.300000       565.26096
       21.350000       560.54563
       21.400000       550.19151
       21.450000       534.84913
       21.500000       516.20842
       21.550000       496.44596
       21.600000       477.73573
       21.650000       461.88954
       21.700000       450.07158
       21.750000       442.59100
       21.800000       438.87742
       21.850000       437.75493
       21.900000       437.98836
       21.950000       438.84157
       22.000000       440.32444
       22.050000       442.96785
       22.100000       447.26133
       22.150000       453.14598
       22.200000       459.89702
       22.250000       466.46731
       22.300000       471.99670
       22.350000       476.11530
       22.400000       478.83078
       22.450000       480.14938
       22.500000       479.77290
       22.550000       477.17120
       22.600000       471.95828
       22.650000       464.28270
       22.700000       454.88643
       22.750000       444.79830
       22.800000       434.89456
       22.850000       425.68928
       22.900000       417.50111
       22.950000       410.80020
       23.000000       406.36183
       23.050000       404.99019
       23.100000       406.94869
       23.150000       411.49096
       23.200000       416.92596
       23.250000       421.24835
       23.300000       423.01440
       23.350000       421.92118
       23.400000       418.74946
       23.450000       414.72598
       23.500000       410.72337
       23.550000       406.77636
       23.600000       402.17299
       23.650000       396.01613
       23.700000       387.90772
       23.750000       378.37791
       23.800000       368.83236
       23.850000       361.06714
       23.900000       356.55413
       23.950000       355.83044
       24.000000       358.26677
       24.050000       362.32719
       24.100000       366.24017
       24.150000       368.76394
       24.200000       369.67057
       24.250000       369.69911
       24.300000       370.01412
       24.350000       371.47870
       24.400000       374.15723
       24.450000       377.30371
       24.500000       379.76236
       24.550000       380.48093
       24.600000       378.84110
       24.650000       374.68884
       24.700000       368.21404
       24.750000       359.89087
       24.800000       350.55167
       24.850000       341.46200
       24.900000       334.18997
       24.950000       330.19101
       25.000000       330.28650
       25.050000       334.33668
       25.100000       341.31602
       25.150000       349.72627
       25.200000       358.08054
       25.250000       365.16598
       25.300000       370.03534
       25.350000       371.89872
       25.400000       370.15425
       25.450000       364.61973
       25.500000       355.80995
       25.550000       344.98642
       25.600000       333.84166
       25.650000       323.95000
       25.700000       316.27478
       25.750000       310.99784
       25.800000       307.69769
       25.850000       305.69931
       25.900000       304.37011
       25.950000       303.23847
       26.000000       301.98866
       26.050000       300.43920
       26.100000       298.55607
       26.150000       296.44353
       26.200000       294.24758
       26.250000       292.00553
       26.300000       289.55018
       26.350000       286.60127
       26.400000       283.00623
       26.450000       278.99044
       26.500000       275.19564
       26.550000       272.45601
       26.600000       271.41620
       26.650000       272.22917
       26.700000       274.50451
       26.750000       277.48599
       26.800000       280.33282
       26.850000       282.33303
       26.900000       283.00147
       26.950000       282.12412
       27.000000       279.79097
       27.050000       276.41399
       27.100000       272.64662
       27.150000       269.18549
       27.200000       266.50879
       27.250000       264.72408
       27.300000       263.63196
       27.350000       262.94229
       27.400000       262.48093
       27.450000       262.22775
       27.500000       262.17652
       27.550000       262.19482
       27.600000       262.04847
       27.650000       261.61967
       27.700000       261.12575
       27.750000       261.10050
       27.800000       262.07006
       27.850000       264.09968
       27.900000       266.57037
       27.950000       268.39807
       28.000000       268.61518
       28.050000       266.94161
       28.100000       263.95890
       28.150000       260.75618
       28.200000       258.28985
       28.250000       256.88703
       28.300000       256.20553
       28.350000       255.63689
       28.400000       254.83838
       28.450000       254.00804
       28.500000       253.72819
       28.550000       254.51012
       28.600000       256.35799
       28.650000       258.66191
       28.700000       260.47563
       28.750000       261.02210
       28.800000       260.13117
       28.850000       258.37221
       28.900000       256.81174
       28.950000       256.52007
       29.000000       258.06309
       29.050000       261.20854
       29.100000       264.98875
       29.150000       268.07713
       29.200000       269.30883
       29.250000       268.11393
       29.300000       264.66942
       29.350000       259.74305
       29.400000       254.34190
       29.450000       249.34569
       29.500000       245.27571
       29.550000       242.24722
       29.600000       240.04813
       29.650000       238.27326
       29.700000       236.46674
       29.750000       234.26607
       29.800000       231.51948
       29.850000       228.33711
       29.900000       225.02470
       29.950000       221.90713
       30.000000       219.14894
