       0.0000000       0.0000000
     0.050000000     0.033675456
      0.10000000      0.13524791
      0.15000000      0.31184375
      0.20000000      0.56919065
      0.25000000      0.90621617
      0.30000000       1.3403977
      0.35000000       1.9005638
      0.40000000       2.6038424
      0.45000000       3.4877627
      0.50000000       4.6051237
      0.55000000       5.9826290
      0.60000000       7.6713796
      0.65000000       9.7291192
      0.70000000       12.112448
      0.75000000       14.827162
      0.80000000       18.114059
      0.85000000       22.298368
      0.90000000       27.782423
      0.95000000       35.218236
       1.0000000       45.352181
       1.0500000       59.155396
       1.1000000       78.279303
       1.1500000       104.66736
       1.2000000       139.93264
       1.2500000       183.94325
       1.3000000       229.82465
       1.3500000       261.39595
       1.4000000       263.79070
       1.4500000       238.27255
       1.5000000       200.14260
       1.5500000       163.19246
       1.6000000       132.53511
       1.6500000       108.69440
       1.7000000       90.780012
       1.7500000       77.081902
       1.8000000       66.419451
       1.8500000       58.240446
       1.9000000       51.830611
       1.9500000       46.842171
       2.0000000       43.328411
       2.0500000       40.998165
       2.1000000       39.613205
       2.1500000       39.233324
       2.2000000       39.558410
       2.2500000       40.014161
       2.3000000       40.006472
       2.3500000       38.840925
       2.4000000       36.511611
       2.4500000       33.970976
       2.5000000       31.895151
       2.5500000       30.411726
       2.6000000       29.788527
       2.6500000       30.093756
       2.7000000       31.069651
       2.7500000       32.745004
       2.8000000       35.052832
       2.8500000       37.387903
       2.9000000       39.226781
       2.9500000       40.367634
       3.0000000       40.858686
       3.0500000       41.218582
       3.1000000       41.909633
       3.1500000       42.955984
       3.2000000       44.662438
       3.2500000       47.513140
       3.3000000       51.497103
       3.3500000       56.632832
       3.4000000       63.127054
       3.4500000       70.867721
       3.5000000       80.143692
       3.5500000       92.006534
       3.6000000       107.55125
       3.6500000       128.44403
       3.7000000       157.04230
       3.7500000       194.86889
       3.8000000       242.13533
       3.8500000       294.97139
       3.9000000       339.33549
       3.9500000       355.70326
       4.0000000       337.15230
       4.0500000       296.62427
       4.1000000       252.84131
       4.1500000       216.35151
       4.2000000       189.67939
       4.2500000       172.06955
       4.3000000       161.64258
       4.3500000       156.89164
       4.4000000       157.34284
       4.4500000       162.57210
       4.5000000       170.83853
       4.5500000       178.44770
       4.6000000       181.59687
       4.6500000       180.07806
       4.7000000       177.92600
       4.7500000       179.88469
       4.8000000       188.78235
       4.8500000       205.93487
       4.9000000       230.99322
       4.9500000       259.56744
       5.0000000       282.92029
       5.0500000       293.40867
       5.1000000       290.33771
       5.1500000       278.37280
       5.2000000       261.84785
       5.2500000       243.59984
       5.3000000       226.75626
       5.3500000       213.76834
       5.4000000       205.02868
       5.4500000       200.31396
       5.5000000       200.11684
       5.5500000       205.02259
       5.6000000       215.40016
       5.6500000       231.96647
       5.7000000       255.65805
       5.7500000       286.96344
       5.8000000       325.64948
       5.8500000       369.51204
       5.9000000       411.72790
       5.9500000       441.81543
       6.0000000       452.91691
       6.0500000       446.95731
       6.1000000       430.82287
       6.1500000       411.09608
       6.2000000       394.11950
       6.2500000       385.36927
       6.3000000       385.16278
       6.3500000       387.53330
       6.4000000       384.30987
       6.4500000       369.64529
       6.5000000       342.89877
       6.5500000       309.12573
       6.6000000       276.06196
       6.6500000       249.76868
       6.7000000       232.07890
       6.7500000       220.73946
       6.8000000       212.09792
       6.8500000       203.98023
       6.9000000       195.93640
       6.9500000       188.20641
       7.0000000       181.45018
       7.0500000       176.10599
       7.1000000       171.64637
       7.1500000       167.44194
       7.2000000       163.65653
       7.2500000       160.48613
       7.3000000       157.33600
       7.3500000       153.13653
       7.4000000       147.31008
       7.4500000       140.53085
       7.5000000       134.15819
       7.5500000       128.84438
       7.6000000       124.37152
       7.6500000       120.51825
       7.7000000       117.51087
       7.7500000       116.14364
       7.8000000       117.21734
       7.8500000       120.16687
       7.9000000       122.96312
       7.9500000       123.69582
       8.0000000       121.60791
       8.0500000       117.22918
       8.1000000       112.24867
       8.1500000       108.55192
       8.2000000       107.14680
       8.2500000       108.03293
       8.3000000       110.15092
       8.3500000       111.60404
       8.4000000       111.07390
       8.4500000       108.74645
       8.5000000       105.61655
       8.5500000       102.72442
       8.6000000       100.80166
       8.6500000       99.945745
       8.7000000       100.02580
       8.7500000       101.24842
       8.8000000       103.73634
       8.8500000       107.09572
       8.9000000       110.69354
       8.9500000       113.94996
       9.0000000       116.66322
       9.0500000       119.17525
       9.1000000       121.86044
       9.1500000       124.90916
       9.2000000       128.61173
       9.2500000       132.93741
       9.3000000       137.33428
       9.3500000       141.81667
       9.4000000       147.27226
       9.4500000       154.01634
       9.5000000       160.79909
       9.5500000       165.44634
       9.6000000       166.44326
       9.6500000       164.28620
       9.7000000       161.10097
       9.7500000       158.83492
       9.8000000       158.29362
       9.8500000       159.35109
       9.9000000       161.24088
       9.9500000       163.09917
       10.000000       164.61032
       10.050000       165.98731
       10.100000       167.73354
       10.150000       170.44321
       10.200000       174.28279
       10.250000       178.83264
       10.300000       183.45555
       10.350000       187.41280
       10.400000       190.19718
       10.450000       192.22439
       10.500000       194.49707
       10.550000       197.71573
       10.600000       202.21502
       10.650000       208.07230
       10.700000       215.08724
       10.750000       223.44854
       10.800000       234.14515
       10.850000       248.17651
       10.900000       265.44557
       10.950000       283.96188
       11.000000       300.18346
       11.050000       311.43542
       11.100000       318.16450
       11.150000       323.26619
       11.200000       329.96198
       11.250000       340.48695
       11.300000       355.47957
       11.350000       374.23114
       11.400000       395.60196
       11.450000       417.99613
       11.500000       438.91108
       11.550000       455.77915
       11.600000       467.36223
       11.650000       474.26143
       11.700000       478.41442
       11.750000       481.72994
       11.800000       485.03118
       11.850000       488.64195
       11.900000       493.29143
       11.950000       499.72671
       12.000000       507.85378
       12.050000       516.37562
       12.100000       523.23715
       12.150000       527.07183
       12.200000       528.27993
       12.250000       528.50275
       12.300000       529.98562
       12.350000       535.48867
       12.400000       547.31248
       12.450000       565.97587
       12.500000       590.33952
       12.550000       618.09953
       12.600000       645.29976
       12.650000       666.49900
       12.700000       677.21094
       12.750000       676.90909
       12.800000       669.27485
       12.850000       659.23026
       12.900000       650.10400
       12.950000       643.33321
       13.000000       639.38584
       13.050000       638.24923
       13.100000       639.63013
       13.150000       643.27522
       13.200000       649.54773
       13.250000       659.68811
       13.300000       674.55655
       13.350000       692.94148
       13.400000       711.97377
       13.450000       728.96250
       13.500000       742.17623
       13.550000       750.56314
       13.600000       753.40583
       13.650000       750.39326
       13.700000       742.49757
       13.750000       732.37212
       13.800000       722.79386
       13.850000       715.08843
       13.900000       709.46021
       13.950000       705.77952
       14.000000       703.95274
       14.050000       704.63874
       14.100000       709.25712
       14.150000       718.45106
       14.200000       730.86832
       14.250000       743.89402
       14.300000       755.68308
       14.350000       766.64015
       14.400000       778.67252
       14.450000       793.05706
       14.500000       809.39791
       14.550000       826.01096
       14.600000       840.84443
       14.650000       852.84569
       14.700000       862.75711
       14.750000       872.42083
       14.800000       883.98451
       14.850000       899.55447
       14.900000       920.24515
       14.950000       945.68225
       15.000000       974.92697
       15.050000       1006.7617
       15.100000       1038.5276
       15.150000       1065.8449
       15.200000       1084.5782
       15.250000       1093.7011
       15.300000       1096.1016
       15.350000       1095.7884
       15.400000       1094.7530
       15.450000       1093.1853
       15.500000       1091.0683
       15.550000       1088.3916
       15.600000       1085.4230
       15.650000       1083.5146
       15.700000       1084.6521
       15.750000       1090.1628
       15.800000       1099.8701
       15.850000       1111.6639
       15.900000       1122.1838
       15.950000       1128.8184
       16.000000       1130.9251
       16.050000       1129.2436
       16.100000       1124.6907
       16.150000       1117.6898
       16.200000       1108.6378
       16.250000       1098.8431
       16.300000       1090.2104
       16.350000       1083.9577
       16.400000       1079.9887
       16.450000       1076.8865
       16.500000       1072.7255
       16.550000       1066.9520
       16.600000       1061.0505
       16.650000       1056.7044
       16.700000       1054.1155
       16.750000       1052.0421
       16.800000       1048.5155
       16.850000       1042.0414
       16.900000       1032.7469
       16.950000       1022.0155
       17.000000       1011.2842
       17.050000       1001.4394
       17.100000       992.62373
       17.150000       984.56179
       17.200000       977.46098
       17.250000       972.12367
       17.300000       969.14366
       17.350000       968.42144
       17.400000       969.15135
       17.450000       970.29835
       17.500000       971.58036
       17.550000       973.57837
       17.600000       976.71790
       17.650000       980.77174
       17.700000       985.04912
       17.750000       988.61672
       17.800000       990.94658
       17.850000       992.29189
       17.900000       993.06533
       17.950000       993.52926
       18.000000       994.06196
       18.050000       994.72419
       18.100000       994.90090
       18.150000       993.93428
       18.200000       991.46758
       18.250000       987.13385
       18.300000       980.58698
       18.350000       971.78012
       18.400000       961.29392
       18.450000       950.53515
       18.500000       941.07815
       18.550000       933.79112
       18.600000       928.97224
       18.650000       926.60872
       18.700000       926.13822
       18.750000       926.68373
       18.800000       927.44949
       18.850000       927.65511
       18.900000       926.82239
       18.950000       925.14378
       19.000000       923.04259
       19.050000       920.81993
       19.100000       918.75972
       19.150000       916.92451
       19.200000       915.13724
       19.250000       913.29033
       19.300000       911.02962
       19.350000       907.54068
       19.400000       902.26154
       19.450000       895.25806
       19.500000       886.98721
       19.550000       878.33951
       19.600000       870.37891
       19.650000       863.63227
       19.700000       857.99494
       19.750000       852.98326
       19.800000       847.85962
       19.850000       842.13485
       19.900000       835.87555
       19.950000       829.30965
       20.000000       822.71960
       20.050000       816.54810
       20.100000       811.04103
       20.150000       806.31143
       20.200000       802.84079
       20.250000       801.25218
       20.300000       801.88733
       20.350000       804.85819
       20.400000       809.81976
       20.450000       815.84124
       20.500000       821.98932
       20.550000       827.62445
       20.600000       832.33063
       20.650000       836.17117
       20.700000       839.55547
       20.750000       842.54170
       20.800000       844.63081
       20.850000       845.03181
       20.900000       842.99720
       20.950000       838.43408
       21.000000       831.96586
       21.050000       824.27125
       21.100000       815.95503
       21.150000       807.73576
       21.200000       800.07920
       21.250000       793.10535
       21.300000       786.94557
       21.350000       781.61997
       21.400000       776.96134
       21.450000       772.92324
       21.500000       769.43540
       21.550000       766.26843
       21.600000       763.45965
       21.650000       761.26296
       21.700000       759.69594
       21.750000       758.59321
       21.800000       757.59951
       21.850000       756.04749
       21.900000       753.44067
       21.950000       749.76367
       22.000000       745.18079
       22.050000       740.03117
       22.100000       734.85374
       22.150000       729.95913
       22.200000       725.45637
       22.250000       721.54815
       22.300000       718.34459
       22.350000       715.81753
       22.400000       713.95379
       22.450000       712.42958
       22.500000       710.56437
       22.550000       707.86498
       22.600000       704.10274
       22.650000       699.18399
       22.700000       693.34543
       22.750000       686.94893
       22.800000       680.19314
       22.850000       673.44321
       22.900000       667.22964
       22.950000       661.79281
       23.000000       657.15139
       23.050000       653.21573
       23.100000       649.66386
       23.150000       646.27627
       23.200000       643.17479
       23.250000       640.41101
       23.300000       637.91505
       23.350000       635.73958
       23.400000       633.87621
       23.450000       632.27662
       23.500000       631.03706
       23.550000       630.01848
       23.600000       628.75549
       23.650000       626.99749
       23.700000       624.78507
       23.750000       622.31838
       23.800000       620.10011
       23.850000       618.57882
       23.900000       617.68537
       23.950000       617.13217
       24.000000       616.60971
       24.050000       615.64345
       24.100000       613.85764
       24.150000       611.08800
       24.200000       607.10916
       24.250000       601.85783
       24.300000       595.61975
       24.350000       588.67883
       24.400000       581.35339
       24.450000       574.21270
       24.500000       567.75620
       24.550000       562.28425
       24.600000       558.06247
       24.650000       555.01844
       24.700000       552.71089
       24.750000       550.83179
       24.800000       549.17988
       24.850000       547.48700
       24.900000       545.66424
       24.950000       543.69110
       25.000000       541.41210
       25.050000       538.88906
       25.100000       536.44615
       25.150000       534.29374
       25.200000       532.62061
       25.250000       531.58776
       25.300000       530.97676
       25.350000       530.44112
       25.400000       529.83195
       25.450000       528.98094
       25.500000       527.76698
       25.550000       526.29143
       25.600000       524.57330
       25.650000       522.56395
       25.700000       520.44885
       25.750000       518.37437
       25.800000       516.27208
       25.850000       514.13357
       25.900000       511.89701
       25.950000       509.36555
       26.000000       506.56884
       26.050000       503.65615
       26.100000       500.59016
       26.150000       497.39868
       26.200000       494.21049
       26.250000       490.99779
       26.300000       487.78472
       26.350000       484.72092
       26.400000       481.77274
       26.450000       478.90835
       26.500000       476.25396
       26.550000       473.74044
       26.600000       471.14642
       26.650000       468.34056
       26.700000       465.10591
       26.750000       461.24744
       26.800000       456.93566
       26.850000       452.42083
       26.900000       447.83392
       26.950000       443.39811
       27.000000       439.26012
       27.050000       435.36836
       27.100000       431.82821
       27.150000       428.81746
       27.200000       426.32845
       27.250000       424.41459
       27.300000       423.16404
       27.350000       422.43523
       27.400000       422.10924
       27.450000       422.16595
       27.500000       422.36206
       27.550000       422.43084
       27.600000       422.27937
       27.650000       421.74300
       27.700000       420.71125
       27.750000       419.35204
       27.800000       417.79783
       27.850000       416.12690
       27.900000       414.60634
       27.950000       413.40922
       28.000000       412.50223
       28.050000       411.94135
       28.100000       411.72658
       28.150000       411.68743
       28.200000       411.82244
       28.250000       412.18794
       28.300000       412.64784
       28.350000       413.13738
       28.400000       413.67045
       28.450000       414.07949
       28.500000       414.27889
       28.550000       414.31841
       28.600000       414.06705
       28.650000       413.41617
       28.700000       412.48210
       28.750000       411.30473
       28.800000       409.91626
       28.850000       408.51059
       28.900000       407.11699
       28.950000       405.63485
       29.000000       404.15125
       29.050000       402.72545
       29.100000       401.30588
       29.150000       400.00887
       29.200000       398.90357
       29.250000       397.86304
       29.300000       396.89897
       29.350000       396.05601
       29.400000       395.17975
       29.450000       394.21239
       29.500000       393.21320
       29.550000       392.10900
       29.600000       390.93054
       29.650000       389.84207
       29.700000       388.79056
       29.750000       387.69808
       29.800000       386.64291
       29.850000       385.56871
       29.900000       384.38915
       29.950000       383.19056
       30.000000       381.94404
