       0.0000000       0.0000000
     0.050000000     0.014010059
      0.10000000     0.055810525
      0.15000000      0.12799000
      0.20000000      0.23352395
      0.25000000      0.37487374
      0.30000000      0.56145018
      0.35000000      0.80306933
      0.40000000       1.1103107
      0.45000000       1.5082893
      0.50000000       2.0283092
      0.55000000       2.7085483
      0.60000000       3.6111237
      0.65000000       4.8010745
      0.70000000       6.3040325
      0.75000000       8.0326689
      0.80000000       9.7162587
      0.85000000       11.053603
      0.90000000       11.971310
      0.95000000       12.575732
       1.0000000       12.995473
       1.0500000       13.471622
       1.1000000       14.358781
       1.1500000       15.936437
       1.2000000       18.435614
       1.2500000       22.124020
       1.3000000       27.184706
       1.3500000       33.474785
       1.4000000       39.970197
       1.4500000       44.575257
       1.5000000       45.662582
       1.5500000       43.860813
       1.6000000       41.271316
       1.6500000       39.433910
       1.7000000       38.996310
       1.7500000       40.337314
       1.8000000       43.698042
       1.8500000       49.468960
       1.9000000       58.391470
       1.9500000       71.148121
       2.0000000       88.162413
       2.0500000       108.62953
       2.1000000       128.12105
       2.1500000       139.38324
       2.2000000       138.58827
       2.2500000       129.46851
       2.3000000       119.24543
       2.3500000       112.04853
       2.4000000       107.40518
       2.4500000       103.09207
       2.5000000       98.045375
       2.5500000       93.360278
       2.6000000       91.181471
       2.6500000       92.939397
       2.7000000       99.091656
       2.7500000       109.69664
       2.8000000       123.62687
       2.8500000       137.70260
       2.9000000       148.49459
       2.9500000       155.07696
       3.0000000       158.85179
       3.0500000       161.11713
       3.1000000       162.13074
       3.1500000       162.06896
       3.2000000       161.26926
       3.2500000       159.38718
       3.3000000       155.58618
       3.3500000       149.99826
       3.4000000       144.14627
       3.4500000       139.63556
       3.5000000       137.21998
       3.5500000       137.24867
       3.6000000       140.15489
       3.6500000       146.25739
       3.7000000       155.27875
       3.7500000       165.99199
       3.8000000       176.94173
       3.8500000       187.95800
       3.9000000       199.88090
       3.9500000       212.61462
       4.0000000       225.01092
       4.0500000       236.26572
       4.1000000       245.62373
       4.1500000       251.63502
       4.2000000       253.51882
       4.2500000       252.74671
       4.3000000       252.65520
       4.3500000       256.77015
       4.4000000       267.14126
       4.4500000       284.07091
       4.5000000       307.30042
       4.5500000       336.72650
       4.6000000       372.73316
       4.6500000       417.05258
       4.7000000       472.52915
       4.7500000       542.18533
       4.8000000       627.42222
       4.8500000       720.30997
       4.9000000       797.38348
       4.9500000       834.36441
       5.0000000       831.34278
       5.0500000       811.98300
       5.1000000       798.51760
       5.1500000       799.75151
       5.2000000       816.38657
       5.2500000       841.36274
       5.3000000       859.84161
       5.3500000       860.24459
       5.4000000       840.56928
       5.4500000       801.59425
       5.5000000       744.10197
       5.5500000       674.23409
       5.6000000       602.65729
       5.6500000       537.40815
       5.7000000       481.32352
       5.7500000       434.00083
       5.8000000       393.40910
       5.8500000       357.65804
       5.9000000       326.76833
       5.9500000       302.26128
       6.0000000       285.43328
       6.0500000       276.46881
       6.1000000       274.55927
       6.1500000       278.34483
       6.2000000       286.38567
       6.2500000       297.28779
       6.3000000       309.42160
       6.3500000       320.76847
       6.4000000       328.99928
       6.4500000       331.33861
       6.5000000       325.11910
       6.5500000       310.05640
       6.6000000       289.58137
       6.6500000       268.36055
       6.7000000       248.97345
       6.7500000       231.85629
       6.8000000       217.06963
       6.8500000       205.03156
       6.9000000       196.40146
       6.9500000       191.61149
       7.0000000       190.22115
       7.0500000       190.94831
       7.1000000       192.16867
       7.1500000       192.32062
       7.2000000       190.66604
       7.2500000       187.69800
       7.3000000       184.20668
       7.3500000       180.56251
       7.4000000       177.21828
       7.4500000       174.82062
       7.5000000       173.55420
       7.5500000       172.92274
       7.6000000       171.94576
       7.6500000       169.59066
       7.7000000       165.57633
       7.7500000       160.56271
       7.8000000       155.51692
       7.8500000       151.39060
       7.9000000       148.95951
       7.9500000       148.35813
       8.0000000       149.12397
       8.0500000       150.73895
       8.1000000       152.79635
       8.1500000       155.00690
       8.2000000       157.19173
       8.2500000       158.96353
       8.3000000       159.74115
       8.3500000       159.27656
       8.4000000       157.76848
       8.4500000       155.60312
       8.5000000       153.28431
       8.5500000       151.27737
       8.6000000       149.91933
       8.6500000       149.62451
       8.7000000       150.73698
       8.7500000       153.15066
       8.8000000       156.48779
       8.8500000       160.39448
       8.9000000       164.50521
       8.9500000       168.55115
       9.0000000       172.45040
       9.0500000       176.09202
       9.1000000       179.31467
       9.1500000       182.03722
       9.2000000       184.20390
       9.2500000       185.89316
       9.3000000       187.39879
       9.3500000       188.86402
       9.4000000       190.19623
       9.4500000       191.38538
       9.5000000       192.44659
       9.5500000       193.35325
       9.6000000       194.40333
       9.6500000       196.17967
       9.7000000       199.05006
       9.7500000       203.03486
       9.8000000       207.97546
       9.8500000       213.72895
       9.9000000       220.35174
       9.9500000       227.88540
       10.000000       236.01767
       10.050000       244.28589
       10.100000       252.26119
       10.150000       259.39771
       10.200000       265.37353
       10.250000       270.62033
       10.300000       276.01336
       10.350000       282.24131
       10.400000       289.57067
       10.450000       297.79725
       10.500000       306.43873
       10.550000       315.11278
       10.600000       323.58779
       10.650000       331.71083
       10.700000       339.45301
       10.750000       346.72833
       10.800000       353.30191
       10.850000       359.11412
       10.900000       364.20776
       10.950000       368.35124
       11.000000       371.27015
       11.050000       372.97547
       11.100000       373.62709
       11.150000       373.53964
       11.200000       373.27402
       11.250000       373.25792
       11.300000       373.54367
       11.350000       374.11881
       11.400000       375.14179
       11.450000       376.92431
       11.500000       379.89151
       11.550000       384.39866
       11.600000       390.57272
       11.650000       398.42099
       11.700000       407.99800
       11.750000       419.46400
       11.800000       432.89801
       11.850000       447.88002
       11.900000       463.53998
       11.950000       479.30678
       12.000000       495.30737
       12.050000       512.04043
       12.100000       529.96915
       12.150000       549.27611
       12.200000       569.79702
       12.250000       591.23114
       12.300000       613.15882
       12.350000       634.74076
       12.400000       654.57420
       12.450000       670.64943
       12.500000       680.61097
       12.550000       683.11937
       12.600000       679.32969
       12.650000       672.43085
       12.700000       665.63701
       12.750000       660.80277
       12.800000       658.55084
       12.850000       659.10367
       12.900000       662.60065
       12.950000       668.66970
       13.000000       676.36212
       13.050000       684.84957
       13.100000       693.80643
       13.150000       703.34832
       13.200000       714.01087
       13.250000       726.23531
       13.300000       739.48200
       13.350000       752.47733
       13.400000       764.52652
       13.450000       776.20765
       13.500000       788.87004
       13.550000       803.60289
       13.600000       820.57743
       13.650000       839.32753
       13.700000       859.33074
       13.750000       880.04263
       13.800000       900.79148
       13.850000       920.87115
       13.900000       939.30587
       13.950000       954.64424
       14.000000       965.58155
       14.050000       971.88330
       14.100000       974.84428
       14.150000       977.04938
       14.200000       981.37762
       14.250000       989.89251
       14.300000       1003.5106
       14.350000       1022.0338
       14.400000       1044.0380
       14.450000       1067.3201
       14.500000       1089.8602
       14.550000       1110.3266
       14.600000       1128.2777
       14.650000       1144.5604
       14.700000       1161.1643
       14.750000       1180.1419
       14.800000       1202.6104
       14.850000       1228.6281
       14.900000       1257.6153
       14.950000       1288.7083
       15.000000       1320.9133
       15.050000       1353.2569
       15.100000       1385.0565
       15.150000       1416.2367
       15.200000       1447.3023
       15.250000       1478.4192
       15.300000       1508.2815
       15.350000       1534.6370
       15.400000       1556.3905
       15.450000       1574.5852
       15.500000       1591.0128
       15.550000       1606.4122
       15.600000       1620.2267
       15.650000       1631.8029
       15.700000       1641.5756
       15.750000       1650.8080
       15.800000       1660.2496
       15.850000       1669.5171
       15.900000       1677.7686
       15.950000       1684.3326
       16.000000       1688.3433
       16.050000       1687.9825
       16.100000       1680.7811
       16.150000       1665.3722
       16.200000       1643.0673
       16.250000       1617.3195
       16.300000       1591.8345
       16.350000       1569.3961
       16.400000       1551.6309
       16.450000       1539.0435
       16.500000       1531.1905
       16.550000       1526.9745
       16.600000       1525.1112
       16.650000       1524.7727
       16.700000       1525.7328
       16.750000       1527.6360
       16.800000       1529.3117
       16.850000       1529.1024
       16.900000       1525.8608
       16.950000       1519.6648
       17.000000       1511.6369
       17.050000       1503.2146
       17.100000       1495.5979
       17.150000       1489.3818
       17.200000       1484.2285
       17.250000       1479.1224
       17.300000       1473.2798
       17.350000       1466.8208
       17.400000       1460.6826
       17.450000       1455.9372
       17.500000       1452.9221
       17.550000       1450.9954
       17.600000       1449.1357
       17.650000       1446.4012
       17.700000       1441.8834
       17.750000       1434.8496
       17.800000       1425.1749
       17.850000       1413.5146
       17.900000       1401.0794
       17.950000       1389.0924
       18.000000       1378.2038
       18.050000       1368.4201
       18.100000       1359.4431
       18.150000       1350.8916
       18.200000       1342.4949
       18.250000       1334.3543
       18.300000       1326.9136
       18.350000       1320.5767
       18.400000       1315.3415
       18.450000       1310.6488
       18.500000       1305.6357
       18.550000       1299.5505
       18.600000       1291.8117
       18.650000       1281.9339
       18.700000       1269.7973
       18.750000       1255.8810
       18.800000       1241.0582
       18.850000       1226.2320
       18.900000       1212.0604
       18.950000       1198.7826
       19.000000       1186.2454
       19.050000       1174.0985
       19.100000       1162.1232
       19.150000       1150.6089
       19.200000       1140.3196
       19.250000       1131.9788
       19.300000       1125.9010
       19.350000       1122.0305
       19.400000       1120.0730
       19.450000       1119.6838
       19.500000       1120.5977
       19.550000       1122.3993
       19.600000       1124.2418
       19.650000       1124.9274
       19.700000       1123.2411
       19.750000       1118.4537
       19.800000       1110.7232
       19.850000       1100.9091
       19.900000       1090.0735
       19.950000       1079.3203
       20.000000       1069.6913
       20.050000       1061.8119
       20.100000       1055.6587
       20.150000       1050.6075
       20.200000       1045.6460
       20.250000       1039.8941
       20.300000       1033.1409
       20.350000       1025.8491
       20.400000       1018.7893
       20.450000       1012.6511
       20.500000       1007.7309
       20.550000       1003.9265
       20.600000       1000.9378
       20.650000       998.26398
       20.700000       995.13469
       20.750000       990.77353
       20.800000       984.76375
       20.850000       977.23268
       20.900000       968.77121
       20.950000       960.06497
       21.000000       951.54459
       21.050000       943.34178
       21.100000       935.34643
       21.150000       927.28778
       21.200000       919.00375
       21.250000       910.62240
       21.300000       902.47558
       21.350000       895.06049
       21.400000       889.03023
       21.450000       884.99834
       21.500000       883.34351
       21.550000       884.08074
       21.600000       886.67439
       21.650000       890.04625
       21.700000       892.89235
       21.750000       894.00423
       21.800000       892.54916
       21.850000       888.28239
       21.900000       881.46330
       21.950000       872.61840
       22.000000       862.44758
       22.050000       851.74479
       22.100000       841.34530
       22.150000       832.13416
       22.200000       824.87713
       22.250000       819.88484
       22.300000       816.95678
       22.350000       815.55586
       22.400000       814.97267
       22.450000       814.56326
       22.500000       813.88347
       22.550000       812.57878
       22.600000       810.38685
       22.650000       807.28794
       22.700000       803.54472
       22.750000       799.65479
       22.800000       796.20939
       22.850000       793.50671
       22.900000       791.29064
       22.950000       788.91797
       23.000000       785.67893
       23.050000       781.10738
       23.100000       775.20151
       23.150000       768.30633
       23.200000       760.85063
       23.250000       753.28773
       23.300000       746.04461
       23.350000       739.39272
       23.400000       733.47405
       23.450000       728.36467
       23.500000       724.06277
       23.550000       720.57421
       23.600000       717.96080
       23.650000       716.15962
       23.700000       714.91127
       23.750000       713.89635
       23.800000       712.83459
       23.850000       711.56356
       23.900000       710.06240
       23.950000       708.27402
       24.000000       705.99612
       24.050000       703.02233
       24.100000       699.25094
       24.150000       694.73428
       24.200000       689.73503
       24.250000       684.57626
       24.300000       679.43616
       24.350000       674.37764
       24.400000       669.41205
       24.450000       664.48964
       24.500000       659.58150
       24.550000       654.74360
       24.600000       650.02790
       24.650000       645.48124
       24.700000       641.15080
       24.750000       636.98610
       24.800000       632.88872
       24.850000       628.83562
       24.900000       624.84398
       24.950000       620.94197
       25.000000       617.21303
       25.050000       613.69263
       25.100000       610.30906
       25.150000       606.97379
       25.200000       603.58254
       25.250000       600.00031
       25.300000       596.16051
       25.350000       592.05764
       25.400000       587.65550
       25.450000       582.96651
       25.500000       578.08105
       25.550000       573.10265
       25.600000       568.18756
       25.650000       563.53625
       25.700000       559.26326
       25.750000       555.40589
       25.800000       551.96196
       25.850000       548.81401
       25.900000       545.76010
       25.950000       542.63374
       26.000000       539.30615
       26.050000       535.72026
       26.100000       531.97119
       26.150000       528.19578
       26.200000       524.48074
       26.250000       520.91387
       26.300000       517.54714
       26.350000       514.37431
       26.400000       511.43748
       26.450000       508.81090
       26.500000       506.50921
       26.550000       504.51888
       26.600000       502.79563
       26.650000       501.21288
       26.700000       499.67110
       26.750000       498.16298
       26.800000       496.68597
       26.850000       495.25212
       26.900000       493.90170
       26.950000       492.62152
       27.000000       491.36110
       27.050000       490.12080
       27.100000       488.90062
       27.150000       487.71081
       27.200000       486.63845
       27.250000       485.75524
       27.300000       485.05094
       27.350000       484.48603
       27.400000       483.94747
       27.450000       483.23805
       27.500000       482.19423
       27.550000       480.72453
       27.600000       478.76529
       27.650000       476.35531
       27.700000       473.62153
       27.750000       470.66823
       27.800000       467.61285
       27.850000       464.59149
       27.900000       461.65904
       27.950000       458.83197
       28.000000       456.14026
       28.050000       453.57552
       28.100000       451.11833
       28.150000       448.80347
       28.200000       446.63972
       28.250000       444.60695
       28.300000       442.73369
       28.350000       441.04045
       28.400000       439.51440
       28.450000       438.18154
       28.500000       437.07149
       28.550000       436.16816
       28.600000       435.48361
       28.650000       435.02591
       28.700000       434.72590
       28.750000       434.51479
       28.800000       434.35234
       28.850000       434.18404
       28.900000       434.02526
       28.950000       433.97733
       29.000000       434.12258
       29.050000       434.52174
       29.100000       435.24141
       29.150000       436.27206
       29.200000       437.56029
       29.250000       439.07938
       29.300000       440.76751
       29.350000       442.51563
       29.400000       444.24620
       29.450000       445.85749
       29.500000       447.22401
       29.550000       448.29674
       29.600000       449.07166
       29.650000       449.54912
       29.700000       449.80193
       29.750000       449.93291
       29.800000       449.98706
       29.850000       450.00719
       29.900000       450.03353
       29.950000       450.03755
       30.000000       450.00133