       0.0000000       0.0000000
     0.050000000    0.0084909280
      0.10000000     0.037323107
      0.15000000     0.083286671
      0.20000000      0.14960713
      0.25000000      0.24722945
      0.30000000      0.36721239
      0.35000000      0.52231195
      0.40000000      0.73669987
      0.45000000      0.98940676
      0.50000000       1.2748974
      0.55000000       1.5963295
      0.60000000       1.9308582
      0.65000000       2.3474408
      0.70000000       2.9307254
      0.75000000       3.6675753
      0.80000000       4.6624273
      0.85000000       6.0846586
      0.90000000       8.0226261
      0.95000000       10.810184
       1.0000000       14.844227
       1.0500000       20.260750
       1.1000000       27.306337
       1.1500000       34.978560
       1.2000000       39.439201
       1.2500000       37.916634
       1.3000000       33.020005
       1.3500000       28.984349
       1.4000000       27.026749
       1.4500000       27.189695
       1.5000000       29.752044
       1.5500000       34.519650
       1.6000000       42.500682
       1.6500000       55.638072
       1.7000000       75.306257
       1.7500000       104.16482
       1.8000000       140.37368
       1.8500000       166.97733
       1.9000000       164.45913
       1.9500000       136.36294
       2.0000000       104.03455
       2.0500000       79.841916
       2.1000000       62.936630
       2.1500000       51.638061
       2.2000000       45.020068
       2.2500000       40.874108
       2.3000000       38.586913
       2.3500000       38.304757
       2.4000000       39.339130
       2.4500000       42.454190
       2.5000000       48.420764
       2.5500000       54.751350
       2.6000000       58.510847
       2.6500000       60.161686
       2.7000000       62.954544
       2.7500000       69.763893
       2.8000000       79.070852
       2.8500000       85.197861
       2.9000000       85.065492
       2.9500000       81.536068
       3.0000000       79.163784
       3.0500000       81.188338
       3.1000000       89.990154
       3.1500000       106.15626
       3.2000000       126.41458
       3.2500000       143.64337
       3.3000000       152.30552
       3.3500000       155.70520
       3.4000000       161.53920
       3.4500000       168.66184
       3.5000000       168.01330
       3.5500000       156.93176
       3.6000000       142.56919
       3.6500000       132.95133
       3.7000000       131.55143
       3.7500000       138.01311
       3.8000000       151.75776
       3.8500000       175.21657
       3.9000000       211.66146
       3.9500000       262.67040
       4.0000000       326.70178
       4.0500000       388.87507
       4.1000000       417.96193
       4.1500000       394.13265
       4.2000000       333.73426
       4.2500000       269.60678
       4.3000000       219.74573
       4.3500000       186.74301
       4.4000000       168.82330
       4.4500000       161.65272
       4.5000000       161.39316
       4.5500000       166.84588
       4.6000000       175.73281
       4.6500000       186.75710
       4.7000000       201.11111
       4.7500000       213.05965
       4.8000000       211.42341
       4.8500000       197.31445
       4.9000000       184.75977
       4.9500000       182.97280
       5.0000000       192.46705
       5.0500000       211.19880
       5.1000000       232.51722
       5.1500000       248.29073
       5.2000000       259.43704
       5.2500000       271.52920
       5.3000000       283.46362
       5.3500000       292.47269
       5.4000000       303.04583
       5.4500000       323.26946
       5.5000000       359.34906
       5.5500000       412.10510
       5.6000000       471.50834
       5.6500000       522.10222
       5.7000000       557.28411
       5.7500000       577.31388
       5.8000000       577.84939
       5.8500000       558.04716
       5.9000000       534.04767
       5.9500000       525.11951
       6.0000000       528.56477
       6.0500000       522.02970
       6.1000000       490.32250
       6.1500000       440.95465
       6.2000000       392.19372
       6.2500000       354.13706
       6.3000000       326.20256
       6.3500000       305.08550
       6.4000000       287.52888
       6.4500000       270.86570
       6.5000000       255.47920
       6.5500000       242.47322
       6.6000000       230.34028
       6.6500000       218.65088
       6.7000000       209.88493
       6.7500000       204.15695
       6.8000000       198.10773
       6.8500000       189.45432
       6.9000000       178.06567
       6.9500000       164.97952
       7.0000000       152.43619
       7.0500000       141.88036
       7.1000000       132.88092
       7.1500000       125.51519
       7.2000000       120.56720
       7.2500000       117.69998
       7.3000000       116.46719
       7.3500000       117.05130
       7.4000000       118.67239
       7.4500000       119.93783
       7.5000000       120.37746
       7.5500000       120.10005
       7.6000000       119.57763
       7.6500000       119.96959
       7.7000000       122.15537
       7.7500000       125.89375
       7.8000000       130.19938
       7.8500000       134.00911
       7.9000000       136.62911
       7.9500000       137.15340
       8.0000000       134.24663
       8.0500000       128.49388
       8.1000000       123.21211
       8.1500000       120.86183
       8.2000000       121.32400
       8.2500000       124.13648
       8.3000000       128.94763
       8.3500000       134.59011
       8.4000000       139.93386
       8.4500000       143.97277
       8.5000000       145.41994
       8.5500000       144.29500
       8.6000000       142.15425
       8.6500000       140.16619
       8.7000000       139.03031
       8.7500000       139.27991
       8.8000000       140.21247
       8.8500000       140.84349
       8.9000000       141.64302
       8.9500000       143.48500
       9.0000000       146.56105
       9.0500000       150.81418
       9.1000000       155.71727
       9.1500000       160.46831
       9.2000000       164.78759
       9.2500000       168.25882
       9.3000000       170.37292
       9.3500000       171.92267
       9.4000000       174.09565
       9.4500000       176.94541
       9.5000000       180.29740
       9.5500000       184.06582
       9.6000000       187.81899
       9.6500000       192.27419
       9.7000000       199.26135
       9.7500000       208.90920
       9.8000000       219.37926
       9.8500000       228.96051
       9.9000000       236.59271
       9.9500000       242.05913
       10.000000       246.39538
       10.050000       250.71071
       10.100000       255.24168
       10.150000       259.68788
       10.200000       263.35536
       10.250000       266.00755
       10.300000       268.90121
       10.350000       273.39007
       10.400000       279.31351
       10.450000       285.76379
       10.500000       292.00334
       10.550000       297.88689
       10.600000       304.34376
       10.650000       311.93556
       10.700000       319.19040
       10.750000       324.16330
       10.800000       326.41633
       10.850000       326.47414
       10.900000       325.01688
       10.950000       322.64019
       11.000000       319.60969
       11.050000       316.28320
       11.100000       313.15830
       11.150000       310.31915
       11.200000       308.13637
       11.250000       307.45000
       11.300000       308.01161
       11.350000       308.96324
       11.400000       310.85332
       11.450000       314.76008
       11.500000       320.50973
       11.550000       327.02294
       11.600000       332.94967
       11.650000       337.49670
       11.700000       341.60944
       11.750000       346.69101
       11.800000       352.59652
       11.850000       358.45556
       11.900000       363.65713
       11.950000       367.45047
       12.000000       369.72508
       12.050000       371.49919
       12.100000       373.60184
       12.150000       376.39855
       12.200000       380.36458
       12.250000       385.70079
       12.300000       392.58646
       12.350000       401.50235
       12.400000       412.25197
       12.450000       424.31031
       12.500000       437.93860
       12.550000       452.80829
       12.600000       467.02562
       12.650000       479.10702
       12.700000       489.25881
       12.750000       498.90094
       12.800000       509.89314
       12.850000       522.74066
       12.900000       535.93536
       12.950000       548.21820
       13.000000       559.40994
       13.050000       568.93730
       13.100000       576.47524
       13.150000       583.12087
       13.200000       590.01975
       13.250000       597.18458
       13.300000       603.65572
       13.350000       607.69419
       13.400000       608.21995
       13.450000       606.02473
       13.500000       602.30818
       13.550000       597.68443
       13.600000       593.22239
       13.650000       590.21626
       13.700000       589.30154
       13.750000       590.95663
       13.800000       595.48727
       13.850000       602.56243
       13.900000       611.78608
       13.950000       622.63603
       14.000000       633.89853
       14.050000       644.36753
       14.100000       653.28122
       14.150000       660.12042
       14.200000       665.19504
       14.250000       669.27961
       14.300000       672.38511
       14.350000       674.66156
       14.400000       677.44656
       14.450000       682.00749
       14.500000       688.91914
       14.550000       698.45847
       14.600000       709.94678
       14.650000       722.03586
       14.700000       734.20725
       14.750000       746.49426
       14.800000       758.68139
       14.850000       770.74631
       14.900000       782.87234
       14.950000       795.36204
       15.000000       808.95374
       15.050000       824.02136
       15.100000       840.70576
       15.150000       860.91605
       15.200000       887.38308
       15.250000       920.05234
       15.300000       955.42830
       15.350000       988.32622
       15.400000       1013.9635
       15.450000       1031.3148
       15.500000       1044.1485
       15.550000       1056.9700
       15.600000       1071.5638
       15.650000       1087.3961
       15.700000       1102.8029
       15.750000       1116.1319
       15.800000       1126.4922
       15.850000       1132.8781
       15.900000       1134.3277
       15.950000       1131.7516
       16.000000       1127.5708
       16.050000       1123.9352
       16.100000       1122.3374
       16.150000       1122.9781
       16.200000       1124.4737
       16.250000       1125.7722
       16.300000       1126.7897
       16.350000       1126.7948
       16.400000       1124.6995
       16.450000       1120.4664
       16.500000       1114.7914
       16.550000       1108.6074
       16.600000       1102.6814
       16.650000       1096.7437
       16.700000       1090.4101
       16.750000       1084.6235
       16.800000       1080.5064
       16.850000       1078.2494
       16.900000       1077.7920
       16.950000       1078.8454
       17.000000       1080.8372
       17.050000       1083.6566
       17.100000       1086.9849
       17.150000       1089.6517
       17.200000       1091.0647
       17.250000       1091.6022
       17.300000       1091.4573
       17.350000       1090.8609
       17.400000       1090.3538
       17.450000       1089.9122
       17.500000       1089.2244
       17.550000       1088.2153
       17.600000       1086.3680
       17.650000       1082.8714
       17.700000       1077.3614
       17.750000       1069.6152
       17.800000       1059.7363
       17.850000       1048.5466
       17.900000       1036.4970
       17.950000       1023.2844
       18.000000       1008.9375
       18.050000       993.86622
       18.100000       978.41993
       18.150000       963.04790
       18.200000       947.78418
       18.250000       932.15751
       18.300000       916.28900
       18.350000       900.78380
       18.400000       886.13693
       18.450000       873.38270
       18.500000       863.55178
       18.550000       856.07413
       18.600000       849.40029
       18.650000       842.31925
       18.700000       833.99827
       18.750000       824.55992
       18.800000       815.37329
       18.850000       807.64063
       18.900000       801.93087
       18.950000       798.78475
       19.000000       798.22241
       19.050000       799.76528
       19.100000       803.32703
       19.150000       808.76861
       19.200000       815.43659
       19.250000       822.90656
       19.300000       830.78337
       19.350000       838.17431
       19.400000       844.30775
       19.450000       848.49513
       19.500000       849.84922
       19.550000       848.23719
       19.600000       844.28324
       19.650000       838.31700
       19.700000       830.75190
       19.750000       822.44556
       19.800000       813.90396
       19.850000       805.54310
       19.900000       798.08045
       19.950000       791.67444
       20.000000       786.07297
       20.050000       781.34410
       20.100000       777.23355
       20.150000       773.18666
       20.200000       769.34320
       20.250000       766.14111
       20.300000       763.85552
       20.350000       763.06085
       20.400000       763.99126
       20.450000       765.92817
       20.500000       768.05827
       20.550000       769.62712
       20.600000       769.78481
       20.650000       768.68061
       20.700000       767.39238
       20.750000       766.51247
       20.800000       766.31673
       20.850000       767.25445
       20.900000       769.33588
       20.950000       772.32614
       21.000000       775.99618
       21.050000       779.37645
       21.100000       781.24934
       21.150000       781.27458
       21.200000       779.48146
       21.250000       776.03972
       21.300000       771.77660
       21.350000       767.48129
       21.400000       763.46660
       21.450000       760.22097
       21.500000       757.98440
       21.550000       756.30506
       21.600000       754.97073
       21.650000       754.02057
       21.700000       753.16407
       21.750000       752.39025
       21.800000       751.93548
       21.850000       751.48619
       21.900000       750.72225
       21.950000       749.58915
       22.000000       747.51796
       22.050000       743.98512
       22.100000       739.25552
       22.150000       733.66942
       22.200000       727.57842
       22.250000       721.72304
       22.300000       716.43988
       22.350000       711.62100
       22.400000       707.48484
       22.450000       703.97798
       22.500000       700.48758
       22.550000       696.72058
       22.600000       692.45235
       22.650000       687.14796
       22.700000       680.79866
       22.750000       673.80505
       22.800000       666.29192
       22.850000       658.63975
       22.900000       651.43174
       22.950000       644.74401
       23.000000       638.72801
       23.050000       633.79279
       23.100000       629.73200
       23.150000       626.12159
       23.200000       622.87743
       23.250000       619.61460
       23.300000       615.93395
       23.350000       612.10475
       23.400000       608.32678
       23.450000       604.56344
       23.500000       601.13963
       23.550000       598.12999
       23.600000       595.13497
       23.650000       592.11728
       23.700000       589.06739
       23.750000       585.58467
       23.800000       581.64974
       23.850000       577.43712
       23.900000       572.73861
       23.950000       567.67790
       24.000000       562.68890
       24.050000       557.73722
       24.100000       552.88651
       24.150000       548.54473
       24.200000       544.68554
       24.250000       541.25075
       24.300000       538.57002
       24.350000       536.56067
       24.400000       534.89632
       24.450000       533.59639
       24.500000       532.36853
       24.550000       530.69431
       24.600000       528.64361
       24.650000       526.31594
       24.700000       523.56680
       24.750000       520.69508
       24.800000       517.97740
       24.850000       515.20923
       24.900000       512.47984
       24.950000       509.95131
       25.000000       507.30095
       25.050000       504.50351
       25.100000       501.88059
       25.150000       499.33889
       25.200000       496.88098
       25.250000       494.77722
       25.300000       492.80079
       25.350000       490.68863
       25.400000       488.60646
       25.450000       486.42039
       25.500000       483.93064
       25.550000       481.43248
       25.600000       478.98225
       25.650000       476.39336
       25.700000       473.93361
       25.750000       471.71278
       25.800000       469.44988
       25.850000       467.22612
       25.900000       465.06822
       25.950000       462.60409
       26.000000       459.90946
       26.050000       457.28068
       26.100000       454.59849
       26.150000       451.97996
       26.200000       449.72400
       26.250000       447.62318
       26.300000       445.58053
       26.350000       443.83459
       26.400000       442.20062
       26.450000       440.53445
       26.500000       439.13902
       26.550000       437.96860
       26.600000       436.81392
       26.650000       435.84253
       26.700000       434.90188
       26.750000       433.61658
       26.800000       432.11359
       26.850000       430.42766
       26.900000       428.30305
       26.950000       425.93587
       27.000000       423.50613
       27.050000       420.76064
       27.100000       417.77588
       27.150000       414.72086
       27.200000       411.32266
       27.250000       407.61786
       27.300000       403.91453
       27.350000       400.08570
       27.400000       396.15223
       27.450000       392.43609
       27.500000       388.79276
       27.550000       385.07589
       27.600000       381.52366
       27.650000       378.00618
       27.700000       374.29626
       27.750000       370.63134
       27.800000       367.00301
       27.850000       363.20857
       27.900000       359.52646
       27.950000       356.08582
       28.000000       352.68908
       28.050000       349.56528
       28.100000       346.89809
       28.150000       344.45701
       28.200000       342.36204
       28.250000       340.82099
       28.300000       339.58509
       28.350000       338.67334
       28.400000       338.29613
       28.450000       338.17575
       28.500000       338.17173
       28.550000       338.45199
       28.600000       338.75493
       28.650000       338.87713
       28.700000       339.04067
       28.750000       339.11567
       28.800000       338.90384
       28.850000       338.66456
       28.900000       338.39162
       28.950000       337.88452
       29.000000       337.41438
       29.050000       337.08619
       29.100000       336.68557
       29.150000       336.41738
       29.200000       336.42470
       29.250000       336.43751
       29.300000       336.54251
       29.350000       336.89887
       29.400000       337.21425
       29.450000       337.47841
       29.500000       337.89513
       29.550000       338.22990
       29.600000       338.43735
       29.650000       338.80432
       29.700000       339.19031
       29.750000       339.50898
       29.800000       340.05559
       29.850000       340.73867
       29.900000       341.36907
       29.950000       342.18862
       30.000000       343.15049