# ========== CCSNe (unmixed) ==========
# Mg2SiO4
2.8373972470307425e-8, 13394761.479139365
3.382216705426853e-8, 9050161.864598712
4.2591272901696174e-8, 6336618.852982315
5.6041549043817363e-8, 4764513.653753749
7.057149547304892e-8, 3582445.288802886
9.80972277308008e-8, 2175010.2116807653
1.1693325026461524e-7, 1469544.232162821
1.472506467522169e-7, 892204.4731459896
1.7746228887419755e-7, 522716.55376910284
2.0468434360267112e-7, 328872.73025180015
2.413227864848352e-7, 185930.16093303473
2.72296285079463e-7, 112883.7891684686
3.1406552192305935e-7, 63819.52395613454
3.6224200426391727e-7, 33598.18286283774
4.714338243344925e-7, 12384.52222800356
5.681586285994091e-7, 7001.66355893486
7.897634307355819e-7, 3312.2555693792415
9.945261565371449e-7, 2159.560250283029
0.0000012943095054084333, 1459.1054758125094
0.0000016660671101650934, 1021.6165638638778
0.0000021446026657263346, 715.3015466410005
0.000002500880658703655, 557.3525994171105
0.0000031149033576799098, 350.66437012861473
0.0000035534936385939204, 263.665089873035
0.0000048855715214896, 124.7312378025337
0.000005952944363028508, 73.07639082058992
0.000008095134637272839, 29.976449039800762
0.00000943996105549046, 17.562326358966747
0.000010769143600090721, 9.92896602822935
0.000012696817430619094, 4.867506067430464
0.00001448457778275949, 2.222026458826153
0.00001616522094215062, 1.0893105323934886
0.0000172658167618829, 0.6613531654070169
0.000018441345746014743, 0.4160974424853423
0.000019481864235057913, 0.2437793439895557
0.000021270179558254046, 0.1
# Si
1.7892942405265807e-8, 2599325.582422519
2.228606398428709e-8, 1886000.4658142072
3.6523677003045364e-8, 1145047.5699382788
5.6660148909337984e-8, 561340.0205343455
8.598956832765562e-8, 230265.62109314525
1.0593264041257725e-7, 139801.179613817
1.2907622206142746e-7, 84877.49811991595
1.5727608635791952e-7, 53401.5889536361
1.9375223559870529e-7, 33598.18286283774
2.386880909159016e-7, 21138.657365883937
2.94045663881147e-7, 13782.210712765363
3.6624051713422306e-7, 8671.225797863146
4.462547344557301e-7, 5653.559685252031
5.497520598938194e-7, 3556.997757051414
6.698588714980871e-7, 2159.560250283029
7.72612729661165e-7, 1358.710510567768
9.518004109232553e-7, 690.2545656316782
0.0000011099208616426766, 363.3887826230408
0.0000012662019550191237, 184.60942515273214
0.0000014287175012945835, 87.33261623828419
0.0000015944913561673923, 42.81332398719396
0.0000018799048834103278, 9.245795266523317
0.0000021682752968946165, 1.926769315330795
0.0000024465709060220603, 0.4160974424853423
0.000002584614099698492, 0.1768797104253825
0.000004474811358862771, 0.11950866108411734
0.000006358245701283944, 0.4015273848797091
0.00000766277677050263, 0.6613531654070169
0.000012421090153469617, 0.8795741267518286
0.000019696909657633096, 0.47986000155581293
0.00003089362649002443, 0.2113865736588394
0.00003764309638255497, 0.13782210712765391
# FeS
1.9969057546887825e-8, 328872.73025180015
2.4871912294586185e-8, 453259.3266012772
2.997492087014625e-8, 581709.1329374346
3.6926833983319635e-8, 746560.512897052
4.7014177631234185e-8, 860963.063700893
5.542970288087245e-8, 860963.063700893
6.535160490440219e-8, 830815.6026650411
8.050823137457637e-8, 670849.9426699084
9.49191833059434e-8, 504413.12403796957
1.1190969178727275e-7, 317356.930981153
1.305009959117481e-7, 185930.16093303473
1.5555898946101066e-7, 87957.41267518267
1.6983834800481092e-7, 59428.368555978006
1.7746228887419755e-7, 47986.00015558129
2.002393669740715e-7, 34817.346183174726
2.2843383406553703e-7, 33598.18286283774
2.814131954927865e-7, 34817.346183174726
3.391511744976437e-7, 34817.346183174726
3.9549359246484063e-7, 32421.709734735265
4.7663762232564315e-7, 26179.217201794083
5.558203530820412e-7, 21138.657365883937
6.481575319062322e-7, 15337.639081591427
8.435338266711271e-7, 7791.85508593394
0.0000010055039713403987, 4730.669420915616
0.0000011597445387937447, 3312.2555693792415
0.0000012943095054084333, 2580.8615404180714
0.0000015093302177519947, 2010.9699119797895
0.000001779499923944946, 1623.776739188721
0.0000020524685902810595, 1265.223304366884
0.0000023934405575739685, 951.3233868984139
0.0000027910574270252353, 642.7610264219572
0.000003400832329240547, 350.66437012861473
0.000003837325198002083, 236.92615316472487
0.000004574144632874323, 133.94761479139365
0.000005334036940868113, 81.32362297678436
0.000006085089699706694, 47.645136537537496
0.00000671699783907166, 31.064192007701003
0.00000766277677050263, 14.180867082022106
0.000008366172551911576, 8.01723784368381
0.000009134135740165543, 4.072931637987646
0.000009649512288600276, 2.6555140698779724
0.000010193967996162055, 1.6122424080833806
0.000011129711565245262, 0.7102204756538434
0.000011887468855873776, 0.3481734618317465
0.000012978665388838077, 0.1
# SiO2
2.413227864848352e-7, 0.10738898863767427
2.9083535449024066e-7, 0.3481734618317465
3.9117570259299364e-7, 2.222026458826153
5.807707930485136e-7, 12.742749857031322
8.343243571976935e-7, 47.645136537537496
0.000001062237654846775, 93.78561332911488
0.0000015259905614730002, 171.9072201858571
0.0000023673096342434294, 205.44401715104416
0.0000035146975759418458, 124.7312378025337
0.000004939499614801615, 59.00622525054001
0.000008095134637272839, 15.22868973943647
0.00001088801595277283, 5.416841524600751
0.000014015322608747515, 1.7313708164284416
0.000015641518168074544, 0.9114908681193892
0.0000172658167618829, 0.49727248231949184
0.000019481864235057913, 0.19684194472866073
0.000021504964828091034, 0.10362865850606881
# Fe
0.000003879682500609599, 0.1
0.0000048855715214896, 0.15894189626755792
0.000006428429520305172, 0.22700590356806088
0.000007832877506285871, 0.2617921720179408
0.00000943996105549046, 0.2712917159360932
0.000010651569062942083, 0.25262526389127143
0.000012421090153469617, 0.23524317259716263
0.00001448457778275949, 0.183298071083243
0.00001652406161553981, 0.14800576696352014
0.00001885071255574689, 0.10362865850606881
# MgO
2.1802094219868146e-8, 365988.54461771494
2.5424026848925194e-8, 469706.55971054564
3.272643426008209e-8, 647359.4779098872
3.9876325931091756e-8, 801723.7843683795
5.076938552198083e-8, 992896.602822935
6.535160490440219e-8, 1186597.4359833808
8.229537848894084e-8, 1104952.6129600713
1.0593264041257725e-7, 958129.3602915703
1.248945547769077e-7, 860963.063700893
1.4564300483753542e-7, 647359.4779098872
2.002393669740715e-7, 275187.36070544587
2.3095534072344164e-7, 155578.8168375221
2.814131954927865e-7, 79037.43130153554
3.245809324673156e-7, 40152.73848797091
3.7028316653476504e-7, 20398.466669956895
4.2242044958330726e-7, 10362.865850606859
4.872181746094661e-7, 5080.218046913013
5.681586285994091e-7, 2872.131594231728
6.922868062722856e-7, 1682.698051954859
8.622588566272607e-7, 1136.9138422623764
0.0000010858175413654122, 796.0288219017128
0.0000013673385017447137, 519.0034904766543
0.0000016844575527542237, 350.66437012861473
0.000002075124223745803, 220.6242522351168
0.000002500880658703655, 138.8081163091981
0.000003013990197554631, 81.32362297678436
0.000003592717941356213, 44.366873309786065
0.000004235813494094854, 25.08307663048909
0.000005104881876486357, 13.68431019609462
0.000006152258358213538, 8.308156026650412
0.0000074145266868075895, 4.867506067430464
0.000009034411767509672, 3.062443686488208
0.000011252563952358276, 1.6707451793627535
0.000012978665388838077, 0.9114908681193892
0.000015470748390346113, 0.4630572357816548
0.0000168908679473843, 0.2617921720179408
0.0000208082709952519, 0.10362865850606881
# MgSiO3
2.5146454341749066e-8, 9050161.864598712
2.9003826861064545e-8, 2420476.8248563353
3.2015738791815924e-8, 1274274.985703132
3.6926833983319635e-8, 746560.512897052
4.166635011914156e-8, 422072.4418315861
4.75331312372008e-8, 247279.92167218885
5.304839257628703e-8, 139801.179613817
5.985709198193605e-8, 76269.8585902342
6.680230044360219e-8, 41609.74424853431
7.537629790586754e-8, 24377.93439895552
9.084136910955387e-8, 15337.639081591427
1.1190969178727275e-7, 14800.576696352013
1.3487037571518454e-7, 18329.807108324338
1.6983834800481092e-7, 22700.59035680609
2.0468434360267112e-7, 24377.93439895552
2.5215562062512e-7, 24377.93439895552
3.1406552192305935e-7, 21138.657365883937
3.8690495425087213e-7, 16470.935490617772
4.6119604896675003e-7, 11532.394880622602
5.558203530820412e-7, 7519.015683752782
6.553120479557418e-7, 4902.329259251666
7.897634307355819e-7, 3432.4460128402657
9.623066088468552e-7, 2771.5611063936735
0.0000011725460731548871, 1872.603455429403
0.0000014287175012945835, 1408.0134750823363
0.0000016478774493517137, 824.9139894584087
0.0000019428470730278642, 483.2930238571742
0.0000021922092321615016, 283.14727340526775
0.0000024465709060220603, 171.9072201858571
0.0000027910574270252353, 87.33261623828419
0.000003047259333806194, 49.37401583723515
0.0000034383715203839092, 26.936462312695273
0.000003753992879949628, 14.180867082022106
0.000004098586339250229, 7.204189687096337
0.000004474811358862771, 3.930313965947097
0.0000048855715214896, 2.1442200360974706
0.000005334036940868113, 1.1288378916846884
0.00000582366872768056, 0.573474262937579
0.000006288828129825478, 0.30190907043667786
0.000006866103875812646, 0.15894189626755792
# C
1.980532088388313e-7, 1.1697995638610326
2.413227864848352e-7, 5.817091329374346
2.9083535449024066e-7, 28.926794452371738
3.7028316653476504e-7, 133.94761479139365
4.980335973302564e-7, 557.3525994171105
7.076544071625059e-7, 1743.7574179485766
0.000001185488913878349, 2237.9233169986046
0.0000019428470730278642, 1097.1036956883847
0.0000028530142001597317, 404.3999986887994
0.0000040095804086176875, 112.08193077915313
0.000005512628936410998, 25.08307663048909
0.000007333576931121357, 6.028173708703504
0.000010306491424567234, 1.7313708164284416
0.000015301843029912224, 0.5533935025357822
0.000020134147871111637, 0.29133743000156387
0.000026784919510926052, 0.12833914247266046
# Al2O3
1.8090448933092318e-8, 249049015.74760067
2.2532062826554724e-8, 122092027.68872944
2.5146454341749066e-8, 71530154.66410005
3.2015738791815924e-8, 31510261.865350008
3.6523677003045364e-8, 19825019.46013441
5.6041549043817363e-8, 6566553.111988218
7.213806378957603e-8, 3335952.1625535414
8.69387415091832e-8, 1886000.4658142072
1.2907622206142746e-7, 830815.6026650411
1.6798409980288492e-7, 486750.6067430465
1.9375223559870529e-7, 365988.54461771494
2.577530506279517e-7, 179419.63508303653
3.281637335247562e-7, 73599.19513554974
3.6224200426391727e-7, 47986.00015558129
4.270832263581075e-7, 18329.807108324338
5.090891042160579e-7, 6519.908277149486
5.807707930485136e-7, 2319.129911800176
6.553120479557418e-7, 768.1550966474139
7.313477962655256e-7, 236.92615316472487
7.984810261693566e-7, 87.33261623828419
8.717766737085898e-7, 29.976449039800762
9.729287766666067e-7, 6.473594779098873
0.000001062237654846775, 1.8593016093303474
0.0000011345592350262465, 0.5942836855597813
0.0000011725460731548871, 0.33598182862837744
0.0000012251809582287289, 0.10738898863767427

# ========== PISNe (unmixed) P170 ==========
# Mg2SiO4
1.8e-8, 1.2e10
2.0e-8, 2.5e10
2.2e-8, 2.8e10
2.5e-8, 2.3e10
3.0e-8, 1.5e10
3.5e-8, 1.1e10
4.0e-8, 9.0e9
5.0e-8, 6.0e9
6.0e-8, 4.0e9
8.0e-8, 2.5e9
1.0e-7, 1.5e9
1.2e-7, 1.1e9
1.5e-7, 8.0e8
2.0e-7, 5.0e8
2.5e-7, 3.5e8
3.0e-7, 2.5e8
4.0e-7, 1.7e8
5.0e-7, 1.2e8
6.5e-7, 9.0e7
8.0e-7, 6.0e7
1.0e-6, 4.0e7
1.2e-6, 3.0e7
1.5e-6, 2.0e7
2.0e-6, 1.2e7
2.5e-6, 8.0e6
3.0e-6, 5.0e6
4.0e-6, 2.0e6
5.0e-6, 1.0e6
6.5e-6, 4.0e5
8.0e-6, 1.5e5
1.0e-5, 6.0e4
1.2e-5, 2.0e4
1.5e-5, 4.0e3
2.0e-5, 2.0e2
3.0e-5, 2.0e1
# MgSiO3
1.8e-8, 8.0e9
2.0e-8, 1.0e10
2.3e-8, 1.1e10
2.6e-8, 8.0e9
3.0e-8, 1.0e8
3.5e-8, 8.0e7
4.0e-8, 7.0e7
5.0e-8, 1.0e8
6.0e-8, 9.0e7
7.0e-8, 8.0e7
8.5e-8, 6.5e7
1.0e-7, 5.0e7
1.2e-7, 8.0e6
1.3e-7, 5.0e6
1.4e-7, 4.0e6
1.6e-7, 4.2e6
1.8e-7, 5.0e6
2.0e-7, 7.0e6
2.5e-7, 1.0e7
3.0e-7, 1.3e7
4.0e-7, 1.5e7
5.0e-7, 1.1e7
6.0e-7, 8.0e6
8.0e-7, 4.0e6
1.0e-6, 2.0e6
1.3e-6, 8.0e5
1.6e-6, 3.0e5
2.0e-6, 1.0e5
2.5e-6, 2.0e4
3.0e-6, 4.0e3
4.0e-6, 1.0e3
6.0e-6, 1.0e2
# Si
1.8e-8, 8.0e8
2.0e-8, 1.0e9
2.5e-8, 1.5e9
3.0e-8, 1.8e9
3.5e-8, 1.9e9
4.0e-8, 1.7e9
5.0e-8, 1.4e9
6.5e-8, 1.1e9
8.0e-8, 8.0e8
1.0e-7, 6.0e8
1.3e-7, 4.0e8
1.6e-7, 2.5e8
2.0e-7, 1.2e8
2.5e-7, 4.0e7
3.0e-7, 1.5e7
4.0e-7, 4.0e6
5.0e-7, 1.5e6
6.0e-7, 8.0e5
8.0e-7, 3.0e5
1.0e-6, 1.2e5
1.3e-6, 6.0e4
1.7e-6, 3.0e4
2.2e-6, 1.5e4
3.0e-6, 6.0e3
4.5e-6, 1.0e3
6.0e-6, 1.0e2
# SiO2
3.0e-8, 2.0e5
4.0e-8, 6.0e5
5.0e-8, 1.2e6
6.5e-8, 2.5e6
8.0e-8, 4.5e6
1.0e-7, 8.0e6
1.3e-7, 1.5e7
1.7e-7, 2.8e7
2.2e-7, 4.5e7
2.8e-7, 5.8e7
3.5e-7, 6.2e7
4.5e-7, 5.5e7
6.0e-7, 4.0e7
8.0e-7, 2.2e7
1.0e-6, 1.2e7
1.3e-6, 7.0e6
1.7e-6, 3.5e6
2.2e-6, 1.5e6
2.8e-6, 6.0e5
3.5e-6, 2.5e5
4.5e-6, 8.0e4
6.0e-6, 1.5e4
8.0e-6, 3.0e3
1.1e-5, 5.0e2
# MgO
1.8e-8, 6.0e9
2.2e-8, 9.0e9
2.8e-8, 1.0e10
3.5e-8, 7.0e9
4.5e-8, 4.0e9
6.0e-8, 2.2e9
8.0e-8, 1.1e9
1.1e-7, 6.0e8
1.5e-7, 3.5e8
2.0e-7, 2.2e8
2.8e-7, 1.2e8
4.0e-7, 6.0e7
5.5e-7, 3.0e7
7.5e-7, 1.5e7
1.0e-6, 8.0e6
1.4e-6, 4.0e6
2.0e-6, 2.0e6
2.8e-6, 8.0e5
4.0e-6, 2.5e5
5.5e-6, 8.0e4
8.0e-6, 1.5e4
1.2e-5, 2.0e3
# FeS
1.0e-6, 4.5e3
1.3e-6, 6.5e3
1.7e-6, 8.2e3
2.2e-6, 9.5e3
2.8e-6, 9.8e3
3.5e-6, 9.0e3
4.5e-6, 7.2e3
6.0e-6, 4.5e3
8.0e-6, 2.2e3
1.1e-5, 8.0e2
1.5e-5, 2.0e2
2.0e-5, 5.0e1
# Fe
1.0e-7, 1.2e1
1.4e-7, 3.5e1
2.0e-7, 1.0e2
2.8e-7, 3.0e2
4.0e-7, 8.5e2
5.5e-7, 2.0e3
7.5e-7, 4.5e3
1.0e-6, 7.2e3
1.4e-6, 9.5e3
2.0e-6, 1.0e4
2.8e-6, 8.0e3
4.0e-6, 4.5e3
5.5e-6, 2.0e3
7.5e-6, 7.0e2
1.0e-5, 2.5e2
1.5e-5, 5.0e1
# Al2O3
1.0e-7, 1.2e4
1.3e-7, 2.5e4
1.7e-7, 6.0e4
2.2e-7, 1.5e5
2.8e-7, 3.2e5
3.5e-7, 5.5e5
4.5e-7, 6.8e5
5.5e-7, 4.0e5
7.0e-7, 5.0e4
8.5e-7, 1.0e2
1.0e-6, 1.0e1
# C
1.5e-6, 1.2e1
2.0e-6, 3.5e1
2.8e-6, 1.0e2
3.8e-6, 2.2e2
5.0e-6, 3.5e2
6.5e-6, 2.8e2
8.5e-6, 1.2e2
1.1e-5, 4.0e1
1.5e-5, 1.0e1

# ========== CCSNe (mixed) C25 ==========
# Fe3O4
1.5e-8, 1.0e9
1.8e-8, 1.8e9
2.2e-8, 2.2e9
2.8e-8, 1.8e9
3.5e-8, 1.2e9
4.5e-8, 8.0e8
6.0e-8, 4.0e8
8.0e-8, 2.5e8
1.0e-7, 1.8e8
1.3e-7, 1.5e8
1.7e-7, 1.3e8
2.2e-7, 8.0e7
3.0e-7, 3.0e7
4.0e-7, 1.0e7
5.5e-7, 2.0e6
7.5e-7, 3.0e5
1.0e-6, 4.0e4
1.5e-6, 1.0e3
2.2e-6, 1.0e1
# Al2O3
1.5e-8, 2.0e8
2.0e-8, 4.0e8
2.5e-8, 6.0e8
3.2e-8, 4.0e8
4.0e-8, 2.0e8
5.5e-8, 8.0e7
7.5e-8, 2.0e7
1.0e-7, 4.0e6
1.4e-7, 4.0e5
2.0e-7, 1.0e4
2.8e-7, 1.0e2
3.5e-7, 1.0e1
# Mg2SiO4
3.0e-8, 1.0e0
4.0e-8, 1.0e1
6.0e-8, 1.0e2
1.0e-7, 1.2e3
1.5e-7, 1.0e4
2.2e-7, 4.0e4
3.2e-7, 1.2e5
4.5e-7, 3.0e5
6.5e-7, 4.8e5
8.5e-7, 5.0e5
1.2e-6, 3.2e5
1.7e-6, 1.5e5
2.5e-6, 4.0e4
3.5e-6, 8.0e3
5.0e-6, 1.0e3
7.5e-6, 8.0e1
1.0e-5, 1.0e0
# MgSiO3
7.0e-8, 1.0e0
1.0e-7, 1.0e1
1.5e-7, 1.5e2
2.2e-7, 1.2e3
3.2e-7, 6.0e3
4.5e-7, 2.0e4
6.5e-7, 6.0e4
9.0e-7, 1.0e5
1.3e-6, 8.5e4
1.8e-6, 4.0e4
2.5e-6, 1.2e4
3.5e-6, 3.0e3
5.0e-6, 4.0e2
7.0e-6, 5.0e1
1.0e-5, 2.0e0
# SiO2
1.5e-7, 1.0e0
2.2e-7, 1.0e1
3.2e-7, 2.0e2
4.5e-7, 1.5e3
6.5e-7, 8.0e3
9.5e-7, 2.5e4
1.4e-6, 3.8e4
2.0e-6, 2.5e4
3.0e-6, 8.0e3
4.5e-6, 1.2e3
6.5e-6, 1.5e2
1.0e-5, 5.0e0

# ========== PISNe (mixed) P200 ==========
# Fe3O4
1.8e-8, 3.5e10
2.0e-8, 2.0e10
2.3e-8, 1.2e10
2.6e-8, 8.5e9
3.0e-8, 6.0e9
3.5e-8, 4.5e9
4.2e-8, 3.8e9
5.0e-8, 3.2e9
6.0e-8, 3.6e9
7.5e-8, 4.2e9
1.0e-7, 5.0e9
1.3e-7, 5.2e9
1.7e-7, 4.8e9
2.2e-7, 3.5e9
3.0e-7, 1.8e9
4.0e-7, 8.0e8
5.5e-7, 2.5e8
7.5e-7, 8.0e7
1.0e-6, 3.0e7
1.4e-6, 1.2e7
2.0e-6, 4.5e6
2.8e-6, 1.5e6
4.0e-6, 4.0e5
6.0e-6, 8.0e4
8.5e-6, 1.2e4
1.2e-5, 2.0e3
1.8e-5, 1.5e2
# Al2O3
1.5e-8, 6.0e11
1.7e-8, 3.0e11
2.0e-8, 1.5e11
2.3e-8, 7.0e10
2.6e-8, 3.5e10
3.0e-8, 1.5e10
3.5e-8, 6.0e9
4.2e-8, 2.8e9
5.0e-8, 1.5e9
6.5e-8, 6.0e8
8.5e-8, 1.5e8
1.1e-7, 1.0e7
1.3e-7, 1.0e5
1.4e-7, 1.0e3
1.5e-7, 1.0e2
# Mg2SiO4
2.0e-8, 5.0e4
2.5e-8, 3.0e5
3.2e-8, 1.2e6
4.0e-8, 4.5e6
5.5e-8, 1.5e7
8.0e-8, 4.0e7
1.1e-7, 6.5e7
1.5e-7, 8.5e7
2.1e-7, 1.0e8
3.0e-7, 9.2e7
4.2e-7, 7.5e7
6.0e-7, 4.5e7
8.5e-7, 2.0e7
1.2e-6, 8.0e6
1.7e-6, 2.5e6
2.5e-6, 6.0e5
3.5e-6, 1.2e5
5.0e-6, 2.0e4
7.0e-6, 2.0e3
1.0e-5, 2.0e2
# MgSiO3
2.5e-8, 1.0e4
3.2e-8, 2.0e5
4.5e-8, 2.0e6
6.5e-8, 1.2e7
9.0e-8, 4.0e7
1.3e-7, 1.0e8
1.8e-7, 1.8e8
2.5e-7, 2.2e8
3.5e-7, 2.0e8
5.0e-7, 1.2e8
7.0e-7, 4.0e7
1.0e-6, 1.2e7
1.4e-6, 4.0e6
2.0e-6, 1.2e6
3.0e-6, 2.5e5
4.5e-6, 4.0e4
6.5e-6, 5.0e3
9.5e-6, 8.0e2
1.5e-5, 1.0e2
# SiO2
1.5e-7, 1.0e2
2.2e-7, 4.0e3
3.2e-7, 2.5e4
4.5e-7, 1.2e5
6.5e-7, 4.5e5
9.5e-7, 1.0e6
1.4e-6, 8.0e5
2.0e-6, 4.0e5
3.0e-6, 1.2e5
4.5e-6, 2.5e4
6.5e-6, 4.0e3
1.0e-5, 4.0e2
1.5e-5, 1.0e2
