Astronomical silicate                                       
Planck-averaged Q_em, Q_abs, and Q_pr for spheres
see Laor & Draine (1993, ApJ 402, 441)
error tolerance = 3.000E-05 for Planck averages
Emissivity <Qem> is computed only for T<1500K
Planck-averaged Q_em for T_d=T_rad
Planck-averaged Q_abs and Q_pr for T_d= 25.00K

Astronomical silicate                                       
1.000E-03= radius (micron)
  T_rad    <Qem>/a   <Qabs>/a  <Qpr>/a (micron-1)
1.000E+01 1.254E-03 1.254E-03 1.254E-03
1.259E+01 1.999E-03 1.999E-03 2.004E-03
1.585E+01 3.196E-03 3.196E-03 3.205E-03
1.995E+01 5.147E-03 5.147E-03 5.147E-03
2.512E+01 8.276E-03 8.276E-03 8.302E-03
3.162E+01 1.340E-02 1.340E-02 1.344E-02
3.981E+01 2.173E-02 2.173E-02 2.173E-02
5.012E+01 3.522E-02 3.522E-02 3.522E-02
6.310E+01 5.682E-02 5.682E-02 5.690E-02
7.943E+01 8.988E-02 8.988E-02 8.988E-02
1.000E+02 1.367E-01 1.367E-01 1.372E-01
1.259E+02 1.973E-01 1.973E-01 1.983E-01
1.585E+02 2.719E-01 2.719E-01 2.719E-01
1.995E+02 3.571E-01 3.571E-01 3.566E-01
2.512E+02 4.332E-01 4.332E-01 4.421E-01
3.162E+02 4.705E-01 4.705E-01 4.828E-01
3.981E+02 4.541E-01 4.541E-01 4.541E-01
5.012E+02 3.968E-01 3.968E-01 3.670E-01
6.310E+02 3.255E-01 3.255E-01 3.582E-01
7.943E+02 2.631E-01 2.631E-01 2.631E-01
1.000E+03 2.208E-01 2.208E-01 2.092E-01
1.259E+03 2.006E-01 2.006E-01 2.006E-01
1.585E+03 0.000E+00 2.003E-01 2.070E-01
1.995E+03 0.000E+00 2.172E-01 2.056E-01
2.512E+03 0.000E+00 2.499E-01 2.594E-01
3.162E+03 0.000E+00 2.979E-01 2.979E-01
3.981E+03 0.000E+00 3.622E-01 3.623E-01
5.012E+03 0.000E+00 4.447E-01 4.453E-01
6.310E+03 0.000E+00 5.587E-01 5.682E-01
7.943E+03 0.000E+00 8.163E-01 8.163E-01
1.000E+04 0.000E+00 1.651E+00 1.651E+00
1.259E+04 0.000E+00 4.234E+00 3.956E+00
1.585E+04 0.000E+00 1.075E+01 1.075E+01
1.995E+04 0.000E+00 2.381E+01 2.381E+01
2.512E+04 0.000E+00 4.459E+01 4.408E+01
3.162E+04 0.000E+00 7.005E+01 7.007E+01
3.981E+04 0.000E+00 9.309E+01 9.312E+01
5.012E+04 0.000E+00 1.071E+02 1.038E+02

Astronomical silicate                                       
1.500E-03= radius (micron)
  T_rad    <Qem>/a   <Qabs>/a  <Qpr>/a (micron-1)
1.000E+01 1.254E-03 1.254E-03 1.254E-03
1.259E+01 1.999E-03 1.999E-03 2.004E-03
1.585E+01 3.196E-03 3.196E-03 3.205E-03
1.995E+01 5.147E-03 5.147E-03 5.147E-03
2.512E+01 8.276E-03 8.276E-03 8.302E-03
3.162E+01 1.340E-02 1.340E-02 1.344E-02
3.981E+01 2.173E-02 2.173E-02 2.173E-02
5.012E+01 3.522E-02 3.522E-02 3.522E-02
6.310E+01 5.682E-02 5.682E-02 5.690E-02
7.943E+01 8.988E-02 8.988E-02 8.988E-02
1.000E+02 1.367E-01 1.367E-01 1.372E-01
1.259E+02 1.971E-01 1.971E-01 1.980E-01
1.585E+02 2.705E-01 2.705E-01 2.705E-01
1.995E+02 3.526E-01 3.526E-01 3.561E-01
2.512E+02 4.238E-01 4.238E-01 4.413E-01
3.162E+02 4.565E-01 4.565E-01 4.817E-01
3.981E+02 4.381E-01 4.381E-01 4.381E-01
5.012E+02 3.820E-01 3.820E-01 3.608E-01
6.310E+02 3.140E-01 3.140E-01 3.140E-01
7.943E+02 2.552E-01 2.552E-01 2.552E-01
1.000E+03 2.159E-01 2.159E-01 2.047E-01
1.259E+03 1.977E-01 1.977E-01 1.977E-01
1.585E+03 0.000E+00 1.987E-01 2.043E-01
1.995E+03 0.000E+00 2.164E-01 2.060E-01
2.512E+03 0.000E+00 2.494E-01 2.597E-01
3.162E+03 0.000E+00 2.977E-01 2.977E-01
3.981E+03 0.000E+00 3.622E-01 3.622E-01
5.012E+03 0.000E+00 4.447E-01 4.455E-01
6.310E+03 0.000E+00 5.588E-01 5.684E-01
7.943E+03 0.000E+00 8.168E-01 8.170E-01
1.000E+04 0.000E+00 1.654E+00 1.654E+00
1.259E+04 0.000E+00 4.245E+00 3.967E+00
1.585E+04 0.000E+00 1.078E+01 1.079E+01
1.995E+04 0.000E+00 2.387E+01 2.389E+01
2.512E+04 0.000E+00 4.468E+01 4.419E+01
3.162E+04 0.000E+00 7.012E+01 7.018E+01
3.981E+04 0.000E+00 9.309E+01 9.317E+01
5.012E+04 0.000E+00 1.070E+02 1.037E+02

Astronomical silicate                                       
2.000E-03= radius (micron)
  T_rad    <Qem>/a   <Qabs>/a  <Qpr>/a (micron-1)
1.000E+01 1.254E-03 1.254E-03 1.254E-03
1.259E+01 1.999E-03 1.999E-03 2.004E-03
1.585E+01 3.196E-03 3.196E-03 3.205E-03
1.995E+01 5.147E-03 5.147E-03 5.147E-03
2.512E+01 8.276E-03 8.276E-03 8.302E-03
3.162E+01 1.340E-02 1.340E-02 1.344E-02
3.981E+01 2.173E-02 2.173E-02 2.173E-02
5.012E+01 3.522E-02 3.522E-02 3.522E-02
6.310E+01 5.682E-02 5.682E-02 5.690E-02
7.943E+01 8.988E-02 8.988E-02 8.988E-02
1.000E+02 1.367E-01 1.367E-01 1.372E-01
1.259E+02 1.972E-01 1.972E-01 1.980E-01
1.585E+02 2.710E-01 2.710E-01 2.710E-01
1.995E+02 3.540E-01 3.540E-01 3.561E-01
2.512E+02 4.266E-01 4.266E-01 4.413E-01
3.162E+02 4.606E-01 4.606E-01 4.821E-01
3.981E+02 4.428E-01 4.428E-01 4.428E-01
5.012E+02 3.865E-01 3.865E-01 3.619E-01
6.310E+02 3.177E-01 3.177E-01 3.177E-01
7.943E+02 2.580E-01 2.580E-01 2.580E-01
1.000E+03 2.178E-01 2.178E-01 2.057E-01
1.259E+03 1.989E-01 1.989E-01 1.989E-01
1.585E+03 0.000E+00 1.994E-01 2.043E-01
1.995E+03 0.000E+00 2.168E-01 2.060E-01
2.512E+03 0.000E+00 2.497E-01 2.597E-01
3.162E+03 0.000E+00 2.979E-01 2.979E-01
3.981E+03 0.000E+00 3.623E-01 3.623E-01
5.012E+03 0.000E+00 4.448E-01 4.456E-01
6.310E+03 0.000E+00 5.590E-01 5.687E-01
7.943E+03 0.000E+00 8.177E-01 8.181E-01
1.000E+04 0.000E+00 1.658E+00 1.659E+00
1.259E+04 0.000E+00 4.260E+00 3.984E+00
1.585E+04 0.000E+00 1.083E+01 1.084E+01
1.995E+04 0.000E+00 2.395E+01 2.399E+01
2.512E+04 0.000E+00 4.479E+01 4.434E+01
3.162E+04 0.000E+00 7.019E+01 7.033E+01
3.981E+04 0.000E+00 9.304E+01 9.324E+01
5.012E+04 0.000E+00 1.068E+02 1.035E+02

Astronomical silicate                                       
3.000E-03= radius (micron)
  T_rad    <Qem>/a   <Qabs>/a  <Qpr>/a (micron-1)
1.000E+01 1.254E-03 1.254E-03 1.254E-03
1.259E+01 1.999E-03 1.999E-03 2.004E-03
1.585E+01 3.196E-03 3.196E-03 3.205E-03
1.995E+01 5.147E-03 5.147E-03 5.147E-03
2.512E+01 8.276E-03 8.276E-03 8.302E-03
3.162E+01 1.340E-02 1.340E-02 1.344E-02
3.981E+01 2.173E-02 2.173E-02 2.173E-02
5.012E+01 3.522E-02 3.522E-02 3.522E-02
6.310E+01 5.682E-02 5.682E-02 5.690E-02
7.943E+01 8.988E-02 8.988E-02 8.988E-02
1.000E+02 1.367E-01 1.367E-01 1.372E-01
1.259E+02 1.973E-01 1.973E-01 1.983E-01
1.585E+02 2.717E-01 2.717E-01 2.717E-01
1.995E+02 3.563E-01 3.563E-01 3.561E-01
2.512E+02 4.314E-01 4.314E-01 4.414E-01
3.162E+02 4.678E-01 4.678E-01 4.821E-01
3.981E+02 4.517E-01 4.517E-01 4.517E-01
5.012E+02 3.943E-01 3.943E-01 3.619E-01
6.310E+02 3.241E-01 3.241E-01 3.592E-01
7.943E+02 2.626E-01 2.626E-01 2.626E-01
1.000E+03 2.208E-01 2.208E-01 2.057E-01
1.259E+03 2.008E-01 2.008E-01 2.008E-01
1.585E+03 0.000E+00 2.005E-01 2.043E-01
1.995E+03 0.000E+00 2.175E-01 2.064E-01
2.512E+03 0.000E+00 2.501E-01 2.597E-01
3.162E+03 0.000E+00 2.981E-01 2.981E-01
3.981E+03 0.000E+00 3.625E-01 3.626E-01
5.012E+03 0.000E+00 4.451E-01 4.460E-01
6.310E+03 0.000E+00 5.596E-01 5.698E-01
7.943E+03 0.000E+00 8.200E-01 8.217E-01
1.000E+04 0.000E+00 1.669E+00 1.674E+00
1.259E+04 0.000E+00 4.302E+00 4.033E+00
1.585E+04 0.000E+00 1.094E+01 1.098E+01
1.995E+04 0.000E+00 2.416E+01 2.428E+01
2.512E+04 0.000E+00 4.502E+01 4.473E+01
3.162E+04 0.000E+00 7.025E+01 7.070E+01
3.981E+04 0.000E+00 9.269E+01 9.336E+01
5.012E+04 0.000E+00 1.059E+02 1.030E+02

Astronomical silicate                                       
5.000E-03= radius (micron)
  T_rad    <Qem>/a   <Qabs>/a  <Qpr>/a (micron-1)
1.000E+01 1.254E-03 1.254E-03 1.254E-03
1.259E+01 1.999E-03 1.999E-03 2.004E-03
1.585E+01 3.196E-03 3.196E-03 3.205E-03
1.995E+01 5.147E-03 5.147E-03 5.147E-03
2.512E+01 8.276E-03 8.276E-03 8.302E-03
3.162E+01 1.340E-02 1.340E-02 1.344E-02
3.981E+01 2.173E-02 2.173E-02 2.173E-02
5.012E+01 3.522E-02 3.522E-02 3.522E-02
6.310E+01 5.682E-02 5.682E-02 5.690E-02
7.943E+01 8.988E-02 8.988E-02 8.988E-02
1.000E+02 1.367E-01 1.367E-01 1.372E-01
1.259E+02 1.973E-01 1.973E-01 1.983E-01
1.585E+02 2.719E-01 2.719E-01 2.719E-01
1.995E+02 3.570E-01 3.570E-01 3.561E-01
2.512E+02 4.331E-01 4.331E-01 4.421E-01
3.162E+02 4.705E-01 4.705E-01 4.833E-01
3.981E+02 4.544E-01 4.544E-01 4.544E-01
5.012E+02 3.976E-01 3.976E-01 3.687E-01
6.310E+02 3.268E-01 3.268E-01 3.592E-01
7.943E+02 2.646E-01 2.646E-01 2.646E-01
1.000E+03 2.221E-01 2.221E-01 2.115E-01
1.259E+03 2.017E-01 2.017E-01 2.017E-01
1.585E+03 0.000E+00 2.011E-01 2.077E-01
1.995E+03 0.000E+00 2.178E-01 2.064E-01
2.512E+03 0.000E+00 2.503E-01 2.599E-01
3.162E+03 0.000E+00 2.984E-01 2.985E-01
3.981E+03 0.000E+00 3.629E-01 3.632E-01
5.012E+03 0.000E+00 4.459E-01 4.475E-01
6.310E+03 0.000E+00 5.614E-01 5.738E-01
7.943E+03 0.000E+00 8.275E-01 8.350E-01
1.000E+04 0.000E+00 1.703E+00 1.727E+00
1.259E+04 0.000E+00 4.427E+00 4.202E+00
1.585E+04 0.000E+00 1.124E+01 1.145E+01
1.995E+04 0.000E+00 2.464E+01 2.516E+01
2.512E+04 0.000E+00 4.531E+01 4.586E+01
3.162E+04 0.000E+00 6.965E+01 7.159E+01
3.981E+04 0.000E+00 9.057E+01 9.337E+01
5.012E+04 0.000E+00 1.021E+02 1.015E+02

Astronomical silicate                                       
7.000E-03= radius (micron)
  T_rad    <Qem>/a   <Qabs>/a  <Qpr>/a (micron-1)
1.000E+01 1.254E-03 1.254E-03 1.254E-03
1.259E+01 1.999E-03 1.999E-03 2.004E-03
1.585E+01 3.196E-03 3.196E-03 3.205E-03
1.995E+01 5.147E-03 5.147E-03 5.147E-03
2.512E+01 8.276E-03 8.276E-03 8.302E-03
3.162E+01 1.340E-02 1.340E-02 1.344E-02
3.981E+01 2.173E-02 2.173E-02 2.173E-02
5.012E+01 3.522E-02 3.522E-02 3.522E-02
6.310E+01 5.682E-02 5.682E-02 5.690E-02
7.943E+01 8.988E-02 8.988E-02 8.988E-02
1.000E+02 1.367E-01 1.367E-01 1.372E-01
1.259E+02 1.974E-01 1.974E-01 1.983E-01
1.585E+02 2.719E-01 2.719E-01 2.719E-01
1.995E+02 3.571E-01 3.571E-01 3.566E-01
2.512E+02 4.333E-01 4.333E-01 4.421E-01
3.162E+02 4.708E-01 4.708E-01 4.833E-01
3.981E+02 4.549E-01 4.549E-01 4.549E-01
5.012E+02 3.981E-01 3.981E-01 3.688E-01
6.310E+02 3.273E-01 3.273E-01 3.592E-01
7.943E+02 2.649E-01 2.649E-01 2.649E-01
1.000E+03 2.224E-01 2.224E-01 2.115E-01
1.259E+03 2.018E-01 2.018E-01 2.018E-01
1.585E+03 0.000E+00 2.012E-01 2.077E-01
1.995E+03 0.000E+00 2.179E-01 2.065E-01
2.512E+03 0.000E+00 2.505E-01 2.601E-01
3.162E+03 0.000E+00 2.987E-01 2.990E-01
3.981E+03 0.000E+00 3.635E-01 3.644E-01
5.012E+03 0.000E+00 4.470E-01 4.502E-01
6.310E+03 0.000E+00 5.640E-01 5.815E-01
7.943E+03 0.000E+00 8.386E-01 8.594E-01
1.000E+04 0.000E+00 1.753E+00 1.817E+00
1.259E+04 0.000E+00 4.593E+00 4.476E+00
1.585E+04 0.000E+00 1.159E+01 1.215E+01
1.995E+04 0.000E+00 2.502E+01 2.637E+01
2.512E+04 0.000E+00 4.506E+01 4.725E+01
3.162E+04 0.000E+00 6.774E+01 7.242E+01
3.981E+04 0.000E+00 8.634E+01 9.289E+01
5.012E+04 0.000E+00 9.550E+01 9.988E+01

Astronomical silicate                                       
1.000E-02= radius (micron)
  T_rad    <Qem>/a   <Qabs>/a  <Qpr>/a (micron-1)
1.000E+01 1.254E-03 1.254E-03 1.254E-03
1.259E+01 1.999E-03 1.999E-03 2.004E-03
1.585E+01 3.196E-03 3.196E-03 3.205E-03
1.995E+01 5.147E-03 5.147E-03 5.147E-03
2.512E+01 8.276E-03 8.276E-03 8.302E-03
3.162E+01 1.340E-02 1.340E-02 1.344E-02
3.981E+01 2.173E-02 2.173E-02 2.173E-02
5.012E+01 3.522E-02 3.522E-02 3.522E-02
6.310E+01 5.682E-02 5.682E-02 5.690E-02
7.943E+01 8.988E-02 8.988E-02 8.988E-02
1.000E+02 1.367E-01 1.367E-01 1.372E-01
1.259E+02 1.974E-01 1.974E-01 1.983E-01
1.585E+02 2.719E-01 2.719E-01 2.719E-01
1.995E+02 3.571E-01 3.571E-01 3.566E-01
2.512E+02 4.333E-01 4.333E-01 4.421E-01
3.162E+02 4.708E-01 4.708E-01 4.833E-01
3.981E+02 4.549E-01 4.549E-01 4.549E-01
5.012E+02 3.981E-01 3.981E-01 3.688E-01
6.310E+02 3.273E-01 3.273E-01 3.592E-01
7.943E+02 2.649E-01 2.649E-01 2.649E-01
1.000E+03 2.224E-01 2.224E-01 2.115E-01
1.259E+03 2.019E-01 2.019E-01 2.019E-01
1.585E+03 0.000E+00 2.013E-01 2.079E-01
1.995E+03 0.000E+00 2.181E-01 2.068E-01
2.512E+03 0.000E+00 2.508E-01 2.607E-01
3.162E+03 0.000E+00 2.993E-01 3.003E-01
3.981E+03 0.000E+00 3.646E-01 3.674E-01
5.012E+03 0.000E+00 4.493E-01 4.576E-01
6.310E+03 0.000E+00 5.697E-01 6.018E-01
7.943E+03 0.000E+00 8.618E-01 9.233E-01
1.000E+04 0.000E+00 1.850E+00 2.041E+00
1.259E+04 0.000E+00 4.878E+00 5.101E+00
1.585E+04 0.000E+00 1.207E+01 1.358E+01
1.995E+04 0.000E+00 2.516E+01 2.858E+01
2.512E+04 0.000E+00 4.347E+01 4.926E+01
3.162E+04 0.000E+00 6.281E+01 7.427E+01
3.981E+04 0.000E+00 7.749E+01 9.468E+01
5.012E+04 0.000E+00 8.402E+01 9.697E+01

Astronomical silicate                                       
1.500E-02= radius (micron)
  T_rad    <Qem>/a   <Qabs>/a  <Qpr>/a (micron-1)
1.000E+01 1.254E-03 1.254E-03 1.254E-03
1.259E+01 1.999E-03 1.999E-03 2.004E-03
1.585E+01 3.196E-03 3.196E-03 3.205E-03
1.995E+01 5.147E-03 5.147E-03 5.147E-03
2.512E+01 8.276E-03 8.276E-03 8.302E-03
3.162E+01 1.340E-02 1.340E-02 1.344E-02
3.981E+01 2.173E-02 2.173E-02 2.173E-02
5.012E+01 3.522E-02 3.522E-02 3.522E-02
6.310E+01 5.682E-02 5.682E-02 5.690E-02
7.943E+01 8.988E-02 8.988E-02 8.988E-02
1.000E+02 1.367E-01 1.367E-01 1.372E-01
1.259E+02 1.974E-01 1.974E-01 1.983E-01
1.585E+02 2.719E-01 2.719E-01 2.719E-01
1.995E+02 3.571E-01 3.571E-01 3.566E-01
2.512E+02 4.333E-01 4.333E-01 4.421E-01
3.162E+02 4.709E-01 4.709E-01 4.833E-01
3.981E+02 4.549E-01 4.549E-01 4.549E-01
5.012E+02 3.982E-01 3.982E-01 3.688E-01
6.310E+02 3.273E-01 3.273E-01 3.592E-01
7.943E+02 2.650E-01 2.650E-01 2.650E-01
1.000E+03 2.225E-01 2.225E-01 2.116E-01
1.259E+03 2.020E-01 2.020E-01 2.021E-01
1.585E+03 0.000E+00 2.015E-01 2.082E-01
1.995E+03 0.000E+00 2.185E-01 2.076E-01
2.512E+03 0.000E+00 2.515E-01 2.624E-01
3.162E+03 0.000E+00 3.007E-01 3.043E-01
3.981E+03 0.000E+00 3.675E-01 3.768E-01
5.012E+03 0.000E+00 4.550E-01 4.816E-01
6.310E+03 0.000E+00 5.836E-01 6.533E-01
7.943E+03 0.000E+00 9.159E-01 1.129E+00
1.000E+04 0.000E+00 2.043E+00 2.687E+00
1.259E+04 0.000E+00 5.317E+00 6.718E+00
1.585E+04 0.000E+00 1.249E+01 1.621E+01
1.995E+04 0.000E+00 2.430E+01 3.250E+01
2.512E+04 0.000E+00 3.913E+01 5.146E+01
3.162E+04 0.000E+00 5.322E+01 7.276E+01
3.981E+04 0.000E+00 6.279E+01 9.106E+01
5.012E+04 0.000E+00 6.627E+01 8.995E+01

Astronomical silicate                                       
2.000E-02= radius (micron)
  T_rad    <Qem>/a   <Qabs>/a  <Qpr>/a (micron-1)
1.000E+01 1.254E-03 1.254E-03 1.254E-03
1.259E+01 1.999E-03 1.999E-03 2.004E-03
1.585E+01 3.196E-03 3.196E-03 3.205E-03
1.995E+01 5.147E-03 5.147E-03 5.147E-03
2.512E+01 8.276E-03 8.276E-03 8.302E-03
3.162E+01 1.340E-02 1.340E-02 1.344E-02
3.981E+01 2.173E-02 2.173E-02 2.173E-02
5.012E+01 3.522E-02 3.522E-02 3.522E-02
6.310E+01 5.682E-02 5.682E-02 5.690E-02
7.943E+01 8.988E-02 8.988E-02 8.988E-02
1.000E+02 1.367E-01 1.367E-01 1.372E-01
1.259E+02 1.974E-01 1.974E-01 1.983E-01
1.585E+02 2.720E-01 2.720E-01 2.720E-01
1.995E+02 3.571E-01 3.571E-01 3.566E-01
2.512E+02 4.334E-01 4.334E-01 4.422E-01
3.162E+02 4.709E-01 4.709E-01 4.834E-01
3.981E+02 4.550E-01 4.550E-01 4.550E-01
5.012E+02 3.982E-01 3.982E-01 3.688E-01
6.310E+02 3.273E-01 3.273E-01 3.593E-01
7.943E+02 2.650E-01 2.650E-01 2.650E-01
1.000E+03 2.226E-01 2.226E-01 2.117E-01
1.259E+03 2.021E-01 2.021E-01 2.023E-01
1.585E+03 0.000E+00 2.017E-01 2.088E-01
1.995E+03 0.000E+00 2.190E-01 2.089E-01
2.512E+03 0.000E+00 2.525E-01 2.655E-01
3.162E+03 0.000E+00 3.027E-01 3.113E-01
3.981E+03 0.000E+00 3.714E-01 3.936E-01
5.012E+03 0.000E+00 4.630E-01 5.255E-01
6.310E+03 0.000E+00 6.034E-01 7.717E-01
7.943E+03 0.000E+00 9.836E-01 1.491E+00
1.000E+04 0.000E+00 2.232E+00 3.680E+00
1.259E+04 0.000E+00 5.627E+00 8.975E+00
1.585E+04 0.000E+00 1.249E+01 2.001E+01
1.995E+04 0.000E+00 2.284E+01 3.588E+01
2.512E+04 0.000E+00 3.478E+01 5.259E+01
3.162E+04 0.000E+00 4.524E+01 7.035E+01
3.981E+04 0.000E+00 5.175E+01 8.455E+01
5.012E+04 0.000E+00 5.368E+01 8.215E+01

Astronomical silicate                                       
3.000E-02= radius (micron)
  T_rad    <Qem>/a   <Qabs>/a  <Qpr>/a (micron-1)
1.000E+01 1.254E-03 1.254E-03 1.254E-03
1.259E+01 1.999E-03 1.999E-03 2.004E-03
1.585E+01 3.196E-03 3.196E-03 3.205E-03
1.995E+01 5.147E-03 5.147E-03 5.147E-03
2.512E+01 8.276E-03 8.276E-03 8.302E-03
3.162E+01 1.340E-02 1.340E-02 1.344E-02
3.981E+01 2.173E-02 2.173E-02 2.173E-02
5.012E+01 3.522E-02 3.522E-02 3.522E-02
6.310E+01 5.682E-02 5.682E-02 5.690E-02
7.943E+01 8.988E-02 8.988E-02 8.988E-02
1.000E+02 1.367E-01 1.367E-01 1.372E-01
1.259E+02 1.974E-01 1.974E-01 1.983E-01
1.585E+02 2.720E-01 2.720E-01 2.720E-01
1.995E+02 3.571E-01 3.571E-01 3.567E-01
2.512E+02 4.334E-01 4.334E-01 4.422E-01
3.162E+02 4.709E-01 4.709E-01 4.834E-01
3.981E+02 4.550E-01 4.550E-01 4.550E-01
5.012E+02 3.983E-01 3.983E-01 3.689E-01
6.310E+02 3.274E-01 3.274E-01 3.594E-01
7.943E+02 2.651E-01 2.651E-01 2.653E-01
1.000E+03 2.228E-01 2.228E-01 2.121E-01
1.259E+03 2.025E-01 2.025E-01 2.032E-01
1.585E+03 0.000E+00 2.025E-01 2.109E-01
1.995E+03 0.000E+00 2.205E-01 2.137E-01
2.512E+03 0.000E+00 2.555E-01 2.767E-01
3.162E+03 0.000E+00 3.085E-01 3.378E-01
3.981E+03 0.000E+00 3.828E-01 4.588E-01
5.012E+03 0.000E+00 4.856E-01 6.974E-01
6.310E+03 0.000E+00 6.611E-01 1.259E+00
7.943E+03 0.000E+00 1.139E+00 2.721E+00
1.000E+04 0.000E+00 2.549E+00 6.453E+00
1.259E+04 0.000E+00 5.894E+00 1.400E+01
1.585E+04 0.000E+00 1.179E+01 2.773E+01
1.995E+04 0.000E+00 1.960E+01 4.303E+01
2.512E+04 0.000E+00 2.756E+01 5.388E+01
3.162E+04 0.000E+00 3.376E+01 6.103E+01
3.981E+04 0.000E+00 3.710E+01 6.868E+01
5.012E+04 0.000E+00 3.768E+01 6.836E+01

Astronomical silicate                                       
5.000E-02= radius (micron)
  T_rad    <Qem>/a   <Qabs>/a  <Qpr>/a (micron-1)
1.000E+01 1.254E-03 1.254E-03 1.254E-03
1.259E+01 1.999E-03 1.999E-03 2.004E-03
1.585E+01 3.196E-03 3.196E-03 3.206E-03
1.995E+01 5.147E-03 5.147E-03 5.147E-03
2.512E+01 8.276E-03 8.276E-03 8.302E-03
3.162E+01 1.340E-02 1.340E-02 1.344E-02
3.981E+01 2.174E-02 2.174E-02 2.174E-02
5.012E+01 3.522E-02 3.522E-02 3.522E-02
6.310E+01 5.683E-02 5.683E-02 5.691E-02
7.943E+01 8.989E-02 8.989E-02 8.989E-02
1.000E+02 1.367E-01 1.367E-01 1.372E-01
1.259E+02 1.974E-01 1.974E-01 1.984E-01
1.585E+02 2.720E-01 2.720E-01 2.720E-01
1.995E+02 3.572E-01 3.572E-01 3.568E-01
2.512E+02 4.335E-01 4.335E-01 4.424E-01
3.162E+02 4.711E-01 4.711E-01 4.836E-01
3.981E+02 4.552E-01 4.552E-01 4.552E-01
5.012E+02 3.985E-01 3.985E-01 3.691E-01
6.310E+02 3.277E-01 3.277E-01 3.598E-01
7.943E+02 2.655E-01 2.655E-01 2.661E-01
1.000E+03 2.235E-01 2.235E-01 2.139E-01
1.259E+03 2.038E-01 2.038E-01 2.071E-01
1.585E+03 0.000E+00 2.050E-01 2.200E-01
1.995E+03 0.000E+00 2.253E-01 2.355E-01
2.512E+03 0.000E+00 2.647E-01 3.294E-01
3.162E+03 0.000E+00 3.265E-01 4.647E-01
3.981E+03 0.000E+00 4.179E-01 7.716E-01
5.012E+03 0.000E+00 5.565E-01 1.476E+00
6.310E+03 0.000E+00 8.089E-01 3.083E+00
7.943E+03 0.000E+00 1.387E+00 6.557E+00
1.000E+04 0.000E+00 2.731E+00 1.260E+01
1.259E+04 0.000E+00 5.335E+00 2.168E+01
1.585E+04 0.000E+00 9.247E+00 3.207E+01
1.995E+04 0.000E+00 1.380E+01 4.165E+01
2.512E+04 0.000E+00 1.793E+01 4.593E+01
3.162E+04 0.000E+00 2.079E+01 4.842E+01
3.981E+04 0.000E+00 2.211E+01 4.925E+01
5.012E+04 0.000E+00 2.218E+01 4.841E+01

Astronomical silicate                                       
7.000E-02= radius (micron)
  T_rad    <Qem>/a   <Qabs>/a  <Qpr>/a (micron-1)
1.000E+01 1.254E-03 1.254E-03 1.254E-03
1.259E+01 1.999E-03 1.999E-03 2.004E-03
1.585E+01 3.196E-03 3.196E-03 3.206E-03
1.995E+01 5.147E-03 5.147E-03 5.147E-03
2.512E+01 8.276E-03 8.276E-03 8.302E-03
3.162E+01 1.340E-02 1.340E-02 1.344E-02
3.981E+01 2.174E-02 2.174E-02 2.174E-02
5.012E+01 3.522E-02 3.522E-02 3.522E-02
6.310E+01 5.684E-02 5.684E-02 5.692E-02
7.943E+01 8.991E-02 8.991E-02 8.991E-02
1.000E+02 1.367E-01 1.367E-01 1.372E-01
1.259E+02 1.975E-01 1.975E-01 1.984E-01
1.585E+02 2.721E-01 2.721E-01 2.721E-01
1.995E+02 3.574E-01 3.574E-01 3.569E-01
2.512E+02 4.337E-01 4.337E-01 4.426E-01
3.162E+02 4.713E-01 4.713E-01 4.839E-01
3.981E+02 4.555E-01 4.555E-01 4.555E-01
5.012E+02 3.988E-01 3.988E-01 3.696E-01
6.310E+02 3.280E-01 3.280E-01 3.604E-01
7.943E+02 2.662E-01 2.662E-01 2.675E-01
1.000E+03 2.245E-01 2.245E-01 2.172E-01
1.259E+03 2.058E-01 2.058E-01 2.149E-01
1.585E+03 0.000E+00 2.087E-01 2.388E-01
1.995E+03 0.000E+00 2.323E-01 2.809E-01
2.512E+03 0.000E+00 2.783E-01 4.396E-01
3.162E+03 0.000E+00 3.525E-01 7.248E-01
3.981E+03 0.000E+00 4.684E-01 1.377E+00
5.012E+03 0.000E+00 6.519E-01 2.785E+00
6.310E+03 0.000E+00 9.772E-01 5.548E+00
7.943E+03 0.000E+00 1.600E+00 1.027E+01
1.000E+04 0.000E+00 2.801E+00 1.688E+01
1.259E+04 0.000E+00 4.824E+00 2.489E+01
1.585E+04 0.000E+00 7.573E+00 3.247E+01
1.995E+04 0.000E+00 1.053E+01 3.549E+01
2.512E+04 0.000E+00 1.303E+01 3.736E+01
3.162E+04 0.000E+00 1.465E+01 3.802E+01
3.981E+04 0.000E+00 1.532E+01 3.676E+01
5.012E+04 0.000E+00 1.530E+01 3.499E+01

Astronomical silicate                                       
1.000E-01= radius (micron)
  T_rad    <Qem>/a   <Qabs>/a  <Qpr>/a (micron-1)
1.000E+01 1.254E-03 1.254E-03 1.254E-03
1.259E+01 1.999E-03 1.999E-03 2.005E-03
1.585E+01 3.196E-03 3.196E-03 3.206E-03
1.995E+01 5.147E-03 5.147E-03 5.147E-03
2.512E+01 8.277E-03 8.277E-03 8.303E-03
3.162E+01 1.340E-02 1.340E-02 1.345E-02
3.981E+01 2.174E-02 2.174E-02 2.174E-02
5.012E+01 3.523E-02 3.523E-02 3.523E-02
6.310E+01 5.685E-02 5.685E-02 5.693E-02
7.943E+01 8.995E-02 8.995E-02 8.995E-02
1.000E+02 1.368E-01 1.368E-01 1.373E-01
1.259E+02 1.976E-01 1.976E-01 1.986E-01
1.585E+02 2.723E-01 2.723E-01 2.724E-01
1.995E+02 3.577E-01 3.577E-01 3.573E-01
2.512E+02 4.342E-01 4.342E-01 4.431E-01
3.162E+02 4.718E-01 4.718E-01 4.845E-01
3.981E+02 4.560E-01 4.560E-01 4.563E-01
5.012E+02 3.994E-01 3.994E-01 3.706E-01
6.310E+02 3.289E-01 3.289E-01 3.622E-01
7.943E+02 2.674E-01 2.674E-01 2.715E-01
1.000E+03 2.268E-01 2.268E-01 2.265E-01
1.259E+03 2.099E-01 2.099E-01 2.367E-01
1.585E+03 0.000E+00 2.163E-01 2.924E-01
1.995E+03 0.000E+00 2.468E-01 4.091E-01
2.512E+03 0.000E+00 3.057E-01 7.371E-01
3.162E+03 0.000E+00 4.048E-01 1.379E+00
3.981E+03 0.000E+00 5.646E-01 2.704E+00
5.012E+03 0.000E+00 8.136E-01 5.134E+00
6.310E+03 0.000E+00 1.198E+00 8.962E+00
7.943E+03 0.000E+00 1.804E+00 1.392E+01
1.000E+04 0.000E+00 2.778E+00 1.921E+01
1.259E+04 0.000E+00 4.207E+00 2.361E+01
1.585E+04 0.000E+00 5.969E+00 2.721E+01
1.995E+04 0.000E+00 7.729E+00 2.751E+01
2.512E+04 0.000E+00 9.128E+00 2.746E+01
3.162E+04 0.000E+00 9.970E+00 2.671E+01
3.981E+04 0.000E+00 1.028E+01 2.643E+01
5.012E+04 0.000E+00 1.024E+01 2.436E+01

Astronomical silicate                                       
1.500E-01= radius (micron)
  T_rad    <Qem>/a   <Qabs>/a  <Qpr>/a (micron-1)
1.000E+01 1.254E-03 1.254E-03 1.254E-03
1.259E+01 1.999E-03 1.999E-03 2.005E-03
1.585E+01 3.196E-03 3.196E-03 3.206E-03
1.995E+01 5.148E-03 5.148E-03 5.148E-03
2.512E+01 8.279E-03 8.279E-03 8.304E-03
3.162E+01 1.341E-02 1.341E-02 1.345E-02
3.981E+01 2.175E-02 2.175E-02 2.175E-02
5.012E+01 3.525E-02 3.525E-02 3.525E-02
6.310E+01 5.689E-02 5.689E-02 5.698E-02
7.943E+01 9.003E-02 9.003E-02 9.004E-02
1.000E+02 1.370E-01 1.370E-01 1.375E-01
1.259E+02 1.979E-01 1.979E-01 1.989E-01
1.585E+02 2.729E-01 2.729E-01 2.729E-01
1.995E+02 3.585E-01 3.585E-01 3.582E-01
2.512E+02 4.352E-01 4.352E-01 4.443E-01
3.162E+02 4.730E-01 4.730E-01 4.861E-01
3.981E+02 4.573E-01 4.573E-01 4.581E-01
5.012E+02 4.009E-01 4.009E-01 3.735E-01
6.310E+02 3.309E-01 3.309E-01 3.678E-01
7.943E+02 2.705E-01 2.705E-01 2.845E-01
1.000E+03 2.321E-01 2.321E-01 2.576E-01
1.259E+03 2.196E-01 2.196E-01 3.106E-01
1.585E+03 0.000E+00 2.342E-01 4.670E-01
1.995E+03 0.000E+00 2.803E-01 7.985E-01
2.512E+03 0.000E+00 3.674E-01 1.544E+00
3.162E+03 0.000E+00 5.107E-01 2.878E+00
3.981E+03 0.000E+00 7.245E-01 5.085E+00
5.012E+03 0.000E+00 1.019E+00 8.167E+00
6.310E+03 0.000E+00 1.408E+00 1.200E+01
7.943E+03 0.000E+00 1.925E+00 1.576E+01
1.000E+04 0.000E+00 2.619E+00 1.786E+01
1.259E+04 0.000E+00 3.499E+00 1.832E+01
1.585E+04 0.000E+00 4.477E+00 1.908E+01
1.995E+04 0.000E+00 5.380E+00 1.816E+01
2.512E+04 0.000E+00 6.051E+00 1.787E+01
3.162E+04 0.000E+00 6.422E+00 1.742E+01
3.981E+04 0.000E+00 6.536E+00 1.644E+01
5.012E+04 0.000E+00 6.498E+00 1.576E+01

Astronomical silicate                                       
2.000E-01= radius (micron)
  T_rad    <Qem>/a   <Qabs>/a  <Qpr>/a (micron-1)
1.000E+01 1.254E-03 1.254E-03 1.254E-03
1.259E+01 1.999E-03 1.999E-03 2.005E-03
1.585E+01 3.196E-03 3.196E-03 3.206E-03
1.995E+01 5.149E-03 5.149E-03 5.149E-03
2.512E+01 8.281E-03 8.281E-03 8.307E-03
3.162E+01 1.341E-02 1.341E-02 1.345E-02
3.981E+01 2.176E-02 2.176E-02 2.176E-02
5.012E+01 3.528E-02 3.528E-02 3.528E-02
6.310E+01 5.695E-02 5.695E-02 5.704E-02
7.943E+01 9.015E-02 9.015E-02 9.016E-02
1.000E+02 1.372E-01 1.372E-01 1.377E-01
1.259E+02 1.983E-01 1.983E-01 1.993E-01
1.585E+02 2.735E-01 2.735E-01 2.737E-01
1.995E+02 3.595E-01 3.595E-01 3.594E-01
2.512E+02 4.366E-01 4.366E-01 4.460E-01
3.162E+02 4.747E-01 4.747E-01 4.884E-01
3.981E+02 4.591E-01 4.591E-01 4.610E-01
5.012E+02 4.029E-01 4.029E-01 3.784E-01
6.310E+02 3.336E-01 3.336E-01 3.777E-01
7.943E+02 2.747E-01 2.747E-01 3.081E-01
1.000E+03 2.393E-01 2.393E-01 3.139E-01
1.259E+03 2.325E-01 2.325E-01 4.396E-01
1.585E+03 0.000E+00 2.580E-01 7.485E-01
1.995E+03 0.000E+00 3.226E-01 1.365E+00
2.512E+03 0.000E+00 4.359E-01 2.521E+00
3.162E+03 0.000E+00 6.061E-01 4.316E+00
3.981E+03 0.000E+00 8.372E-01 6.730E+00
5.012E+03 0.000E+00 1.130E+00 9.513E+00
6.310E+03 0.000E+00 1.486E+00 1.218E+01
7.943E+03 0.000E+00 1.914E+00 1.418E+01
1.000E+04 0.000E+00 2.426E+00 1.430E+01
1.259E+04 0.000E+00 3.016E+00 1.432E+01
1.585E+04 0.000E+00 3.625E+00 1.375E+01
1.995E+04 0.000E+00 4.158E+00 1.341E+01
2.512E+04 0.000E+00 4.533E+00 1.303E+01
3.162E+04 0.000E+00 4.722E+00 1.241E+01
3.981E+04 0.000E+00 4.764E+00 1.228E+01
5.012E+04 0.000E+00 4.729E+00 1.146E+01

Astronomical silicate                                       
3.000E-01= radius (micron)
  T_rad    <Qem>/a   <Qabs>/a  <Qpr>/a (micron-1)
1.000E+01 1.254E-03 1.254E-03 1.254E-03
1.259E+01 1.999E-03 1.999E-03 2.005E-03
1.585E+01 3.197E-03 3.197E-03 3.207E-03
1.995E+01 5.151E-03 5.151E-03 5.151E-03
2.512E+01 8.287E-03 8.287E-03 8.313E-03
3.162E+01 1.343E-02 1.343E-02 1.347E-02
3.981E+01 2.180E-02 2.180E-02 2.180E-02
5.012E+01 3.536E-02 3.536E-02 3.537E-02
6.310E+01 5.712E-02 5.712E-02 5.722E-02
7.943E+01 9.049E-02 9.049E-02 9.053E-02
1.000E+02 1.378E-01 1.378E-01 1.385E-01
1.259E+02 1.994E-01 1.994E-01 2.006E-01
1.585E+02 2.755E-01 2.755E-01 2.759E-01
1.995E+02 3.624E-01 3.624E-01 3.629E-01
2.512E+02 4.404E-01 4.404E-01 4.510E-01
3.162E+02 4.790E-01 4.790E-01 4.953E-01
3.981E+02 4.639E-01 4.639E-01 4.704E-01
5.012E+02 4.084E-01 4.084E-01 3.958E-01
6.310E+02 3.409E-01 3.409E-01 4.147E-01
7.943E+02 2.861E-01 2.861E-01 3.947E-01
1.000E+03 2.587E-01 2.587E-01 5.077E-01
1.259E+03 2.664E-01 2.664E-01 8.420E-01
1.585E+03 0.000E+00 3.146E-01 1.494E+00
1.995E+03 0.000E+00 4.065E-01 2.561E+00
2.512E+03 0.000E+00 5.428E-01 4.074E+00
3.162E+03 0.000E+00 7.221E-01 5.912E+00
3.981E+03 0.000E+00 9.410E-01 7.815E+00
5.012E+03 0.000E+00 1.193E+00 8.963E+00
6.310E+03 0.000E+00 1.467E+00 9.545E+00
7.943E+03 0.000E+00 1.755E+00 9.711E+00
1.000E+04 0.000E+00 2.054E+00 9.575E+00
1.259E+04 0.000E+00 2.359E+00 8.999E+00
1.585E+04 0.000E+00 2.646E+00 8.729E+00
1.995E+04 0.000E+00 2.876E+00 8.448E+00
2.512E+04 0.000E+00 3.022E+00 8.133E+00
3.162E+04 0.000E+00 3.078E+00 8.024E+00
3.981E+04 0.000E+00 3.072E+00 7.584E+00
5.012E+04 0.000E+00 3.044E+00 7.476E+00

Astronomical silicate                                       
5.000E-01= radius (micron)
  T_rad    <Qem>/a   <Qabs>/a  <Qpr>/a (micron-1)
1.000E+01 1.254E-03 1.254E-03 1.254E-03
1.259E+01 2.000E-03 2.000E-03 2.007E-03
1.585E+01 3.201E-03 3.201E-03 3.211E-03
1.995E+01 5.159E-03 5.159E-03 5.160E-03
2.512E+01 8.306E-03 8.306E-03 8.334E-03
3.162E+01 1.347E-02 1.347E-02 1.352E-02
3.981E+01 2.191E-02 2.191E-02 2.192E-02
5.012E+01 3.561E-02 3.561E-02 3.564E-02
6.310E+01 5.766E-02 5.766E-02 5.783E-02
7.943E+01 9.157E-02 9.157E-02 9.176E-02
1.000E+02 1.399E-01 1.399E-01 1.408E-01
1.259E+02 2.030E-01 2.030E-01 2.050E-01
1.585E+02 2.812E-01 2.812E-01 2.832E-01
1.995E+02 3.708E-01 3.708E-01 3.745E-01
2.512E+02 4.509E-01 4.509E-01 4.673E-01
3.162E+02 4.909E-01 4.909E-01 5.189E-01
3.981E+02 4.767E-01 4.767E-01 5.064E-01
5.012E+02 4.234E-01 4.234E-01 4.677E-01
6.310E+02 3.613E-01 3.613E-01 5.354E-01
7.943E+02 3.176E-01 3.176E-01 7.057E-01
1.000E+03 3.078E-01 3.078E-01 1.081E+00
1.259E+03 3.370E-01 3.370E-01 1.760E+00
1.585E+03 0.000E+00 4.033E-01 2.692E+00
1.995E+03 0.000E+00 5.023E-01 3.790E+00
2.512E+03 0.000E+00 6.289E-01 4.915E+00
3.162E+03 0.000E+00 7.768E-01 5.687E+00
3.981E+03 0.000E+00 9.369E-01 5.706E+00
5.012E+03 0.000E+00 1.098E+00 5.791E+00
6.310E+03 0.000E+00 1.249E+00 5.647E+00
7.943E+03 0.000E+00 1.387E+00 5.302E+00
1.000E+04 0.000E+00 1.513E+00 5.204E+00
1.259E+04 0.000E+00 1.631E+00 4.966E+00
1.585E+04 0.000E+00 1.721E+00 4.860E+00
1.995E+04 0.000E+00 1.785E+00 4.819E+00
2.512E+04 0.000E+00 1.812E+00 4.619E+00
3.162E+04 0.000E+00 1.807E+00 4.524E+00
3.981E+04 0.000E+00 1.785E+00 4.437E+00
5.012E+04 0.000E+00 1.766E+00 4.368E+00

Astronomical silicate                                       
7.000E-01= radius (micron)
  T_rad    <Qem>/a   <Qabs>/a  <Qpr>/a (micron-1)
1.000E+01 1.255E-03 1.255E-03 1.255E-03
1.259E+01 2.002E-03 2.002E-03 2.009E-03
1.585E+01 3.205E-03 3.205E-03 3.216E-03
1.995E+01 5.171E-03 5.171E-03 5.174E-03
2.512E+01 8.335E-03 8.335E-03 8.368E-03
3.162E+01 1.354E-02 1.354E-02 1.360E-02
3.981E+01 2.207E-02 2.207E-02 2.211E-02
5.012E+01 3.598E-02 3.598E-02 3.608E-02
6.310E+01 5.846E-02 5.846E-02 5.879E-02
7.943E+01 9.317E-02 9.317E-02 9.370E-02
1.000E+02 1.428E-01 1.428E-01 1.446E-01
1.259E+02 2.080E-01 2.080E-01 2.117E-01
1.585E+02 2.890E-01 2.890E-01 2.944E-01
1.995E+02 3.813E-01 3.813E-01 3.918E-01
2.512E+02 4.633E-01 4.633E-01 4.913E-01
3.162E+02 5.041E-01 5.041E-01 5.549E-01
3.981E+02 4.909E-01 4.909E-01 5.651E-01
5.012E+02 4.405E-01 4.405E-01 5.823E-01
6.310E+02 3.847E-01 3.847E-01 7.480E-01
7.943E+02 3.499E-01 3.499E-01 1.061E+00
1.000E+03 3.484E-01 3.484E-01 1.569E+00
1.259E+03 3.812E-01 3.812E-01 2.283E+00
1.585E+03 0.000E+00 4.439E-01 3.027E+00
1.995E+03 0.000E+00 5.302E-01 3.649E+00
2.512E+03 0.000E+00 6.328E-01 4.025E+00
3.162E+03 0.000E+00 7.430E-01 4.217E+00
3.981E+03 0.000E+00 8.498E-01 4.085E+00
5.012E+03 0.000E+00 9.520E-01 3.948E+00
6.310E+03 0.000E+00 1.041E+00 3.799E+00
7.943E+03 0.000E+00 1.118E+00 3.653E+00
1.000E+04 0.000E+00 1.185E+00 3.518E+00
1.259E+04 0.000E+00 1.239E+00 3.427E+00
1.585E+04 0.000E+00 1.278E+00 3.411E+00
1.995E+04 0.000E+00 1.296E+00 3.270E+00
2.512E+04 0.000E+00 1.294E+00 3.210E+00
3.162E+04 0.000E+00 1.277E+00 3.157E+00
3.981E+04 0.000E+00 1.255E+00 3.128E+00
5.012E+04 0.000E+00 1.240E+00 3.074E+00

Astronomical silicate                                       
1.000E+00= radius (micron)
  T_rad    <Qem>/a   <Qabs>/a  <Qpr>/a (micron-1)
1.000E+01 1.257E-03 1.257E-03 1.257E-03
1.259E+01 2.006E-03 2.006E-03 2.014E-03
1.585E+01 3.215E-03 3.215E-03 3.228E-03
1.995E+01 5.197E-03 5.197E-03 5.204E-03
2.512E+01 8.397E-03 8.397E-03 8.443E-03
3.162E+01 1.370E-02 1.370E-02 1.379E-02
3.981E+01 2.242E-02 2.242E-02 2.254E-02
5.012E+01 3.678E-02 3.678E-02 3.706E-02
6.310E+01 6.016E-02 6.016E-02 6.095E-02
7.943E+01 9.651E-02 9.651E-02 9.806E-02
1.000E+02 1.488E-01 1.488E-01 1.529E-01
1.259E+02 2.177E-01 2.177E-01 2.267E-01
1.585E+02 3.027E-01 3.027E-01 3.183E-01
1.995E+02 3.978E-01 3.978E-01 4.268E-01
2.512E+02 4.800E-01 4.800E-01 5.373E-01
3.162E+02 5.196E-01 5.196E-01 6.218E-01
3.981E+02 5.066E-01 5.066E-01 6.757E-01
5.012E+02 4.598E-01 4.598E-01 7.771E-01
6.310E+02 4.099E-01 4.099E-01 1.034E+00
7.943E+02 3.799E-01 3.799E-01 1.414E+00
1.000E+03 3.790E-01 3.790E-01 1.892E+00
1.259E+03 4.062E-01 4.062E-01 2.444E+00
1.585E+03 0.000E+00 4.554E-01 2.801E+00
1.995E+03 0.000E+00 5.185E-01 2.817E+00
2.512E+03 0.000E+00 5.873E-01 2.870E+00
3.162E+03 0.000E+00 6.546E-01 2.798E+00
3.981E+03 0.000E+00 7.163E-01 2.697E+00
5.012E+03 0.000E+00 7.710E-01 2.597E+00
6.310E+03 0.000E+00 8.219E-01 2.538E+00
7.943E+03 0.000E+00 8.585E-01 2.430E+00
1.000E+04 0.000E+00 8.898E-01 2.359E+00
1.259E+04 0.000E+00 9.107E-01 2.310E+00
1.585E+04 0.000E+00 9.197E-01 2.319E+00
1.995E+04 0.000E+00 9.167E-01 2.227E+00
2.512E+04 0.000E+00 9.037E-01 2.194E+00
3.162E+04 0.000E+00 8.838E-01 2.173E+00
3.981E+04 0.000E+00 8.657E-01 2.140E+00
5.012E+04 0.000E+00 8.557E-01 2.118E+00

Astronomical silicate                                       
1.500E+00= radius (micron)
  T_rad    <Qem>/a   <Qabs>/a  <Qpr>/a (micron-1)
1.000E+01 1.261E-03 1.261E-03 1.262E-03
1.259E+01 2.016E-03 2.016E-03 2.026E-03
1.585E+01 3.240E-03 3.240E-03 3.261E-03
1.995E+01 5.260E-03 5.260E-03 5.285E-03
2.512E+01 8.552E-03 8.552E-03 8.645E-03
3.162E+01 1.407E-02 1.407E-02 1.428E-02
3.981E+01 2.331E-02 2.331E-02 2.370E-02
5.012E+01 3.876E-02 3.876E-02 3.974E-02
6.310E+01 6.430E-02 6.430E-02 6.680E-02
7.943E+01 1.044E-01 1.044E-01 1.098E-01
1.000E+02 1.622E-01 1.622E-01 1.746E-01
1.259E+02 2.370E-01 2.370E-01 2.633E-01
1.585E+02 3.254E-01 3.254E-01 3.721E-01
1.995E+02 4.169E-01 4.169E-01 4.977E-01
2.512E+02 4.888E-01 4.888E-01 6.150E-01
3.162E+02 5.176E-01 5.176E-01 7.234E-01
3.981E+02 5.001E-01 5.001E-01 8.263E-01
5.012E+02 4.555E-01 4.555E-01 9.938E-01
6.310E+02 4.105E-01 4.105E-01 1.227E+00
7.943E+02 3.830E-01 3.830E-01 1.538E+00
1.000E+03 3.790E-01 3.790E-01 1.724E+00
1.259E+03 3.946E-01 3.946E-01 1.857E+00
1.585E+03 0.000E+00 4.227E-01 1.895E+00
1.995E+03 0.000E+00 4.562E-01 1.882E+00
2.512E+03 0.000E+00 4.899E-01 1.803E+00
3.162E+03 0.000E+00 5.216E-01 1.740E+00
3.981E+03 0.000E+00 5.504E-01 1.681E+00
5.012E+03 0.000E+00 5.759E-01 1.629E+00
6.310E+03 0.000E+00 5.973E-01 1.585E+00
7.943E+03 0.000E+00 6.134E-01 1.563E+00
1.000E+04 0.000E+00 6.232E-01 1.516E+00
1.259E+04 0.000E+00 6.259E-01 1.490E+00
1.585E+04 0.000E+00 6.218E-01 1.467E+00
1.995E+04 0.000E+00 6.116E-01 1.457E+00
2.512E+04 0.000E+00 5.972E-01 1.436E+00
3.162E+04 0.000E+00 5.813E-01 1.420E+00
3.981E+04 0.000E+00 5.684E-01 1.405E+00
5.012E+04 0.000E+00 5.623E-01 1.392E+00

Astronomical silicate                                       
2.000E+00= radius (micron)
  T_rad    <Qem>/a   <Qabs>/a  <Qpr>/a (micron-1)
1.000E+01 1.266E-03 1.266E-03 1.270E-03
1.259E+01 2.030E-03 2.030E-03 2.046E-03
1.585E+01 3.275E-03 3.275E-03 3.310E-03
1.995E+01 5.350E-03 5.350E-03 5.410E-03
2.512E+01 8.774E-03 8.774E-03 8.958E-03
3.162E+01 1.461E-02 1.461E-02 1.505E-02
3.981E+01 2.458E-02 2.458E-02 2.554E-02
5.012E+01 4.159E-02 4.159E-02 4.399E-02
6.310E+01 7.000E-02 7.000E-02 7.592E-02
7.943E+01 1.146E-01 1.146E-01 1.274E-01
1.000E+02 1.776E-01 1.776E-01 2.051E-01
1.259E+02 2.560E-01 2.560E-01 3.089E-01
1.585E+02 3.418E-01 3.418E-01 4.302E-01
1.995E+02 4.216E-01 4.216E-01 5.608E-01
2.512E+02 4.760E-01 4.760E-01 6.830E-01
3.162E+02 4.901E-01 4.901E-01 7.895E-01
3.981E+02 4.664E-01 4.664E-01 8.800E-01
5.012E+02 4.240E-01 4.240E-01 1.037E+00
6.310E+02 3.842E-01 3.842E-01 1.174E+00
7.943E+02 3.600E-01 3.600E-01 1.324E+00
1.000E+03 3.536E-01 3.536E-01 1.361E+00
1.259E+03 3.605E-01 3.605E-01 1.396E+00
1.585E+03 0.000E+00 3.749E-01 1.368E+00
1.995E+03 0.000E+00 3.922E-01 1.306E+00
2.512E+03 0.000E+00 4.100E-01 1.289E+00
3.162E+03 0.000E+00 4.271E-01 1.255E+00
3.981E+03 0.000E+00 4.429E-01 1.212E+00
5.012E+03 0.000E+00 4.564E-01 1.170E+00
6.310E+03 0.000E+00 4.668E-01 1.154E+00
7.943E+03 0.000E+00 4.733E-01 1.150E+00
1.000E+04 0.000E+00 4.753E-01 1.113E+00
1.259E+04 0.000E+00 4.728E-01 1.097E+00
1.585E+04 0.000E+00 4.659E-01 1.083E+00
1.995E+04 0.000E+00 4.559E-01 1.070E+00
2.512E+04 0.000E+00 4.437E-01 1.061E+00
3.162E+04 0.000E+00 4.315E-01 1.053E+00
3.981E+04 0.000E+00 4.220E-01 1.045E+00
5.012E+04 0.000E+00 4.180E-01 1.037E+00

Astronomical silicate                                       
3.000E+00= radius (micron)
  T_rad    <Qem>/a   <Qabs>/a  <Qpr>/a (micron-1)
1.000E+01 1.282E-03 1.282E-03 1.294E-03
1.259E+01 2.071E-03 2.071E-03 2.110E-03
1.585E+01 3.379E-03 3.379E-03 3.473E-03
1.995E+01 5.620E-03 5.620E-03 5.827E-03
2.512E+01 9.448E-03 9.448E-03 1.002E-02
3.162E+01 1.628E-02 1.628E-02 1.771E-02
3.981E+01 2.848E-02 2.848E-02 3.204E-02
5.012E+01 4.986E-02 4.986E-02 5.831E-02
6.310E+01 8.508E-02 8.508E-02 1.046E-01
7.943E+01 1.372E-01 1.372E-01 1.771E-01
1.000E+02 2.041E-01 2.041E-01 2.751E-01
1.259E+02 2.770E-01 2.770E-01 3.902E-01
1.585E+02 3.441E-01 3.441E-01 5.075E-01
1.995E+02 3.941E-01 3.941E-01 6.094E-01
2.512E+02 4.179E-01 4.179E-01 6.754E-01
3.162E+02 4.126E-01 4.126E-01 7.458E-01
3.981E+02 3.857E-01 3.857E-01 8.014E-01
5.012E+02 3.509E-01 3.509E-01 8.548E-01
6.310E+02 3.210E-01 3.210E-01 8.934E-01
7.943E+02 3.017E-01 3.017E-01 9.074E-01
1.000E+03 2.926E-01 2.926E-01 9.027E-01
1.259E+03 2.906E-01 2.906E-01 8.823E-01
1.585E+03 0.000E+00 2.930E-01 8.472E-01
1.995E+03 0.000E+00 2.979E-01 8.338E-01
2.512E+03 0.000E+00 3.032E-01 8.110E-01
3.162E+03 0.000E+00 3.098E-01 7.906E-01
3.981E+03 0.000E+00 3.151E-01 7.823E-01
5.012E+03 0.000E+00 3.188E-01 7.576E-01
6.310E+03 0.000E+00 3.206E-01 7.446E-01
7.943E+03 0.000E+00 3.204E-01 7.334E-01
1.000E+04 0.000E+00 3.181E-01 7.263E-01
1.259E+04 0.000E+00 3.137E-01 7.158E-01
1.585E+04 0.000E+00 3.074E-01 7.112E-01
1.995E+04 0.000E+00 2.998E-01 7.031E-01
2.512E+04 0.000E+00 2.914E-01 6.985E-01
3.162E+04 0.000E+00 2.835E-01 6.935E-01
3.981E+04 0.000E+00 2.777E-01 6.898E-01
5.012E+04 0.000E+00 2.758E-01 6.857E-01

Astronomical silicate                                       
5.000E+00= radius (micron)
  T_rad    <Qem>/a   <Qabs>/a  <Qpr>/a (micron-1)
1.000E+01 1.335E-03 1.335E-03 1.393E-03
1.259E+01 2.219E-03 2.219E-03 2.371E-03
1.585E+01 3.747E-03 3.747E-03 4.160E-03
1.995E+01 6.628E-03 6.628E-03 7.651E-03
2.512E+01 1.207E-02 1.207E-02 1.481E-02
3.162E+01 2.273E-02 2.273E-02 2.964E-02
3.981E+01 4.220E-02 4.220E-02 5.863E-02
5.012E+01 7.363E-02 7.363E-02 1.086E-01
6.310E+01 1.167E-01 1.167E-01 1.815E-01
7.943E+01 1.659E-01 1.659E-01 2.696E-01
1.000E+02 2.130E-01 2.130E-01 3.581E-01
1.259E+02 2.512E-01 2.512E-01 4.333E-01
1.585E+02 2.768E-01 2.768E-01 4.875E-01
1.995E+02 2.888E-01 2.888E-01 5.197E-01
2.512E+02 2.877E-01 2.877E-01 5.259E-01
3.162E+02 2.757E-01 2.757E-01 5.387E-01
3.981E+02 2.572E-01 2.572E-01 5.376E-01
5.012E+02 2.378E-01 2.378E-01 5.134E-01
6.310E+02 2.214E-01 2.214E-01 5.256E-01
7.943E+02 2.096E-01 2.096E-01 5.269E-01
1.000E+03 2.021E-01 2.021E-01 5.045E-01
1.259E+03 1.980E-01 1.980E-01 5.066E-01
1.585E+03 0.000E+00 1.962E-01 4.724E-01
1.995E+03 0.000E+00 1.957E-01 4.704E-01
2.512E+03 0.000E+00 1.957E-01 4.588E-01
3.162E+03 0.000E+00 1.957E-01 4.517E-01
3.981E+03 0.000E+00 1.953E-01 4.484E-01
5.012E+03 0.000E+00 1.944E-01 4.386E-01
6.310E+03 0.000E+00 1.928E-01 4.321E-01
7.943E+03 0.000E+00 1.908E-01 4.285E-01
1.000E+04 0.000E+00 1.882E-01 4.252E-01
1.259E+04 0.000E+00 1.849E-01 4.210E-01
1.585E+04 0.000E+00 1.810E-01 4.181E-01
1.995E+04 0.000E+00 1.765E-01 4.156E-01
2.512E+04 0.000E+00 1.719E-01 4.136E-01
3.162E+04 0.000E+00 1.675E-01 4.115E-01
3.981E+04 0.000E+00 1.646E-01 4.099E-01
5.012E+04 0.000E+00 1.638E-01 4.082E-01

Astronomical silicate                                       
7.000E+00= radius (micron)
  T_rad    <Qem>/a   <Qabs>/a  <Qpr>/a (micron-1)
1.000E+01 1.422E-03 1.422E-03 1.586E-03
1.259E+01 2.467E-03 2.467E-03 2.903E-03
1.585E+01 4.477E-03 4.477E-03 5.628E-03
1.995E+01 8.586E-03 8.586E-03 1.159E-02
2.512E+01 1.723E-02 1.723E-02 2.502E-02
3.162E+01 3.358E-02 3.358E-02 5.208E-02
3.981E+01 5.973E-02 5.973E-02 9.767E-02
5.012E+01 9.396E-02 9.396E-02 1.607E-01
6.310E+01 1.306E-01 1.306E-01 2.315E-01
7.943E+01 1.632E-01 1.632E-01 2.968E-01
1.000E+02 1.876E-01 1.876E-01 3.470E-01
1.259E+02 2.030E-01 2.030E-01 3.797E-01
1.585E+02 2.101E-01 2.101E-01 3.952E-01
1.995E+02 2.103E-01 2.103E-01 3.986E-01
2.512E+02 2.048E-01 2.048E-01 3.921E-01
3.162E+02 1.953E-01 1.953E-01 3.857E-01
3.981E+02 1.837E-01 1.837E-01 3.777E-01
5.012E+02 1.724E-01 1.724E-01 3.484E-01
6.310E+02 1.628E-01 1.628E-01 3.612E-01
7.943E+02 1.555E-01 1.555E-01 3.742E-01
1.000E+03 1.504E-01 1.504E-01 3.459E-01
1.259E+03 1.470E-01 1.470E-01 3.506E-01
1.585E+03 0.000E+00 1.448E-01 3.318E-01
1.995E+03 0.000E+00 1.433E-01 3.258E-01
2.512E+03 0.000E+00 1.420E-01 3.203E-01
3.162E+03 0.000E+00 1.408E-01 3.122E-01
3.981E+03 0.000E+00 1.394E-01 3.113E-01
5.012E+03 0.000E+00 1.379E-01 3.084E-01
6.310E+03 0.000E+00 1.363E-01 3.046E-01
7.943E+03 0.000E+00 1.346E-01 3.022E-01
1.000E+04 0.000E+00 1.326E-01 2.997E-01
1.259E+04 0.000E+00 1.304E-01 2.980E-01
1.585E+04 0.000E+00 1.278E-01 2.960E-01
1.995E+04 0.000E+00 1.248E-01 2.947E-01
2.512E+04 0.000E+00 1.216E-01 2.934E-01
3.162E+04 0.000E+00 1.187E-01 2.923E-01
3.981E+04 0.000E+00 1.168E-01 2.913E-01
5.012E+04 0.000E+00 1.164E-01 2.903E-01

Astronomical silicate                                       
1.000E+01= radius (micron)
  T_rad    <Qem>/a   <Qabs>/a  <Qpr>/a (micron-1)
1.000E+01 1.646E-03 1.646E-03 2.185E-03
1.259E+01 3.161E-03 3.161E-03 4.593E-03
1.585E+01 6.656E-03 6.656E-03 1.045E-02
1.995E+01 1.436E-02 1.436E-02 2.392E-02
2.512E+01 2.886E-02 2.886E-02 5.047E-02
3.162E+01 5.077E-02 5.077E-02 9.237E-02
3.981E+01 7.707E-02 7.707E-02 1.440E-01
5.012E+01 1.026E-01 1.026E-01 1.952E-01
6.310E+01 1.230E-01 1.230E-01 2.374E-01
7.943E+01 1.364E-01 1.364E-01 2.666E-01
1.000E+02 1.435E-01 1.435E-01 2.803E-01
1.259E+02 1.457E-01 1.457E-01 2.863E-01
1.585E+02 1.446E-01 1.446E-01 2.828E-01
1.995E+02 1.411E-01 1.411E-01 2.780E-01
2.512E+02 1.361E-01 1.361E-01 2.722E-01
3.162E+02 1.302E-01 1.302E-01 2.663E-01
3.981E+02 1.241E-01 1.241E-01 2.601E-01
5.012E+02 1.185E-01 1.185E-01 2.448E-01
6.310E+02 1.136E-01 1.136E-01 2.431E-01
7.943E+02 1.096E-01 1.096E-01 2.326E-01
1.000E+03 1.065E-01 1.065E-01 2.336E-01
1.259E+03 1.041E-01 1.041E-01 2.309E-01
1.585E+03 0.000E+00 1.022E-01 2.255E-01
1.995E+03 0.000E+00 1.005E-01 2.221E-01
2.512E+03 0.000E+00 9.903E-02 2.191E-01
3.162E+03 0.000E+00 9.767E-02 2.162E-01
3.981E+03 0.000E+00 9.638E-02 2.145E-01
5.012E+03 0.000E+00 9.516E-02 2.122E-01
6.310E+03 0.000E+00 9.401E-02 2.105E-01
7.943E+03 0.000E+00 9.287E-02 2.090E-01
1.000E+04 0.000E+00 9.162E-02 2.077E-01
1.259E+04 0.000E+00 9.017E-02 2.067E-01
1.585E+04 0.000E+00 8.843E-02 2.055E-01
1.995E+04 0.000E+00 8.641E-02 2.045E-01
2.512E+04 0.000E+00 8.425E-02 2.034E-01
3.162E+04 0.000E+00 8.226E-02 2.025E-01
3.981E+04 0.000E+00 8.097E-02 2.018E-01
5.012E+04 0.000E+00 8.084E-02 2.011E-01
